1035 1980
1 52 1
1 55 1
1 64 1
1 73 1
1 106 1
1 121 1
1 136 1
1 367 1
1 370 1
1 379 1
1 388 1
1 421 1
1 436 1
1 451 1
1 472 1
1 475 1
1 484 1
1 493 1
1 526 1
1 541 1
1 556 1
1 991 1
2 56 1
2 58 1
2 61 1
2 67 1
2 109 1
2 124 1
2 139 1
2 373 1
2 376 1
2 382 1
2 424 1
2 439 1
2 454 1
2 478 1
2 481 1
2 487 1
2 529 1
2 544 1
2 559 1
2 580 1
2 685 1
2 994 1
3 46 1
3 59 1
3 65 1
3 70 1
3 112 1
3 127 1
3 142 1
3 361 1
3 385 1
3 427 1
3 442 1
3 457 1
3 466 1
3 490 1
3 532 1
3 547 1
3 562 1
3 583 1
3 589 1
3 688 1
3 694 1
3 997 1
4 47 1
4 49 1
4 68 1
4 74 1
4 115 1
4 130 1
4 145 1
4 364 1
4 430 1
4 445 1
4 460 1
4 469 1
4 535 1
4 550 1
4 565 1
4 571 1
4 592 1
4 598 1
4 676 1
4 697 1
4 703 1
4 1000 1
5 50 1
5 53 1
5 62 1
5 71 1
5 118 1
5 133 1
5 148 1
5 433 1
5 448 1
5 463 1
5 538 1
5 553 1
5 568 1
5 574 1
5 577 1
5 586 1
5 595 1
5 679 1
5 682 1
5 691 1
5 700 1
5 1003 1
6 48 1
6 63 1
6 82 1
6 85 1
6 94 1
6 103 1
6 137 1
6 397 1
6 400 1
6 409 1
6 418 1
6 502 1
6 505 1
6 514 1
6 523 1
6 661 1
6 766 1
6 781 1
6 796 1
6 886 1
6 901 1
6 1006 1
7 51 1
7 66 1
7 86 1
7 88 1
7 91 1
7 97 1
7 140 1
7 403 1
7 406 1
7 412 1
7 508 1
7 511 1
7 517 1
7 610 1
7 664 1
7 715 1
7 769 1
7 784 1
7 799 1
7 889 1
7 904 1
7 1009 1
8 54 1
8 69 1
8 76 1
8 89 1
8 95 1
8 100 1
8 143 1
8 391 1
8 415 1
8 496 1
8 520 1
8 613 1
8 619 1
8 667 1
8 718 1
8 724 1
8 772 1
8 787 1
8 802 1
8 892 1
8 907 1
8 1012 1
9 57 1
9 72 1
9 77 1
9 79 1
9 98 1
9 104 1
9 146 1
9 394 1
9 499 1
9 601 1
9 622 1
9 628 1
9 670 1
9 706 1
9 727 1
9 733 1
9 775 1
9 790 1
9 805 1
9 895 1
9 910 1
9 1015 1
10 60 1
10 75 1
10 80 1
10 83 1
10 92 1
10 101 1
10 149 1
10 604 1
10 607 1
10 616 1
10 625 1
10 673 1
10 709 1
10 712 1
10 721 1
10 730 1
10 778 1
10 793 1
10 808 1
10 898 1
10 913 1
10 1018 1
11 78 1
11 93 1
11 113 1
11 116 1
11 125 1
11 134 1
11 138 1
11 637 1
11 640 1
11 649 1
11 658 1
11 742 1
11 745 1
11 754 1
11 763 1
11 811 1
11 826 1
11 871 1
11 916 1
11 931 1
11 976 1
11 1021 1
12 81 1
12 96 1
12 117 1
12 119 1
12 122 1
12 128 1
12 141 1
12 643 1
12 646 1
12 652 1
12 748 1
12 751 1
12 757 1
12 814 1
12 829 1
12 850 1
12 874 1
12 919 1
12 934 1
12 955 1
12 979 1
12 1024 1
13 84 1
13 99 1
13 107 1
13 120 1
13 126 1
13 131 1
13 144 1
13 631 1
13 655 1
13 736 1
13 760 1
13 817 1
13 832 1
13 853 1
13 859 1
13 877 1
13 922 1
13 937 1
13 958 1
13 964 1
13 982 1
13 1027 1
14 87 1
14 102 1
14 108 1
14 110 1
14 129 1
14 135 1
14 147 1
14 634 1
14 739 1
14 820 1
14 835 1
14 841 1
14 862 1
14 868 1
14 880 1
14 925 1
14 940 1
14 946 1
14 967 1
14 973 1
14 985 1
14 1030 1
15 90 1
15 105 1
15 111 1
15 114 1
15 123 1
15 132 1
15 150 1
15 823 1
15 838 1
15 844 1
15 847 1
15 856 1
15 865 1
15 883 1
15 928 1
15 943 1
15 949 1
15 952 1
15 961 1
15 970 1
15 988 1
15 1033 1
16 157 1
16 160 1
16 169 1
16 178 1
16 211 1
16 226 1
16 241 1
16 578 1
16 581 1
16 590 1
16 599 1
16 632 1
16 647 1
16 662 1
16 788 1
16 791 1
16 800 1
16 809 1
16 842 1
16 857 1
16 872 1
16 992 1
17 161 1
17 163 1
17 166 1
17 172 1
17 214 1
17 229 1
17 244 1
17 371 1
17 584 1
17 587 1
17 593 1
17 635 1
17 650 1
17 665 1
17 794 1
17 797 1
17 803 1
17 845 1
17 860 1
17 875 1
17 896 1
17 995 1
18 151 1
18 164 1
18 170 1
18 175 1
18 217 1
18 232 1
18 247 1
18 374 1
18 380 1
18 572 1
18 596 1
18 638 1
18 653 1
18 668 1
18 782 1
18 806 1
18 848 1
18 863 1
18 878 1
18 899 1
18 905 1
18 998 1
19 152 1
19 154 1
19 173 1
19 179 1
19 220 1
19 235 1
19 250 1
19 362 1
19 383 1
19 389 1
19 575 1
19 641 1
19 656 1
19 671 1
19 785 1
19 851 1
19 866 1
19 881 1
19 887 1
19 908 1
19 914 1
19 1001 1
20 155 1
20 158 1
20 167 1
20 176 1
20 223 1
20 238 1
20 253 1
20 365 1
20 368 1
20 377 1
20 386 1
20 644 1
20 659 1
20 674 1
20 854 1
20 869 1
20 884 1
20 890 1
20 893 1
20 902 1
20 911 1
20 1004 1
21 153 1
21 168 1
21 187 1
21 190 1
21 199 1
21 208 1
21 242 1
21 452 1
21 467 1
21 482 1
21 608 1
21 611 1
21 620 1
21 629 1
21 677 1
21 692 1
21 818 1
21 821 1
21 830 1
21 839 1
21 977 1
21 1007 1
22 156 1
22 171 1
22 191 1
22 193 1
22 196 1
22 202 1
22 245 1
22 401 1
22 455 1
22 470 1
22 485 1
22 614 1
22 617 1
22 623 1
22 680 1
22 695 1
22 824 1
22 827 1
22 833 1
22 926 1
22 980 1
22 1010 1
23 159 1
23 174 1
23 181 1
23 194 1
23 200 1
23 205 1
23 248 1
23 404 1
23 410 1
23 458 1
23 473 1
23 488 1
23 602 1
23 626 1
23 683 1
23 698 1
23 812 1
23 836 1
23 929 1
23 935 1
23 983 1
23 1013 1
24 162 1
24 177 1
24 182 1
24 184 1
24 203 1
24 209 1
24 251 1
24 392 1
24 413 1
24 419 1
24 461 1
24 476 1
24 491 1
24 605 1
24 686 1
24 701 1
24 815 1
24 917 1
24 938 1
24 944 1
24 986 1
24 1016 1
25 165 1
25 180 1
25 185 1
25 188 1
25 197 1
25 206 1
25 254 1
25 395 1
25 398 1
25 407 1
25 416 1
25 464 1
25 479 1
25 494 1
25 689 1
25 704 1
25 920 1
25 923 1
25 932 1
25 941 1
25 989 1
25 1019 1
26 183 1
26 198 1
26 218 1
26 221 1
26 230 1
26 239 1
26 243 1
26 428 1
26 431 1
26 440 1
26 449 1
26 497 1
26 512 1
26 557 1
26 707 1
26 722 1
26 767 1
26 953 1
26 956 1
26 965 1
26 974 1
26 1022 1
27 186 1
27 201 1
27 222 1
27 224 1
27 227 1
27 233 1
27 246 1
27 434 1
27 437 1
27 443 1
27 500 1
27 515 1
27 536 1
27 560 1
27 710 1
27 725 1
27 746 1
27 770 1
27 959 1
27 962 1
27 968 1
27 1025 1
28 189 1
28 204 1
28 212 1
28 225 1
28 231 1
28 236 1
28 249 1
28 422 1
28 446 1
28 503 1
28 518 1
28 539 1
28 545 1
28 563 1
28 713 1
28 728 1
28 749 1
28 755 1
28 773 1
28 947 1
28 971 1
28 1028 1
29 192 1
29 207 1
29 213 1
29 215 1
29 234 1
29 240 1
29 252 1
29 425 1
29 506 1
29 521 1
29 527 1
29 548 1
29 554 1
29 566 1
29 716 1
29 731 1
29 737 1
29 758 1
29 764 1
29 776 1
29 950 1
29 1031 1
30 195 1
30 210 1
30 216 1
30 219 1
30 228 1
30 237 1
30 255 1
30 509 1
30 524 1
30 530 1
30 533 1
30 542 1
30 551 1
30 569 1
30 719 1
30 734 1
30 740 1
30 743 1
30 752 1
30 761 1
30 779 1
30 1034 1
31 262 1
31 265 1
31 274 1
31 283 1
31 316 1
31 331 1
31 346 1
31 684 1
31 687 1
31 696 1
31 705 1
31 738 1
31 753 1
31 768 1
31 894 1
31 897 1
31 906 1
31 915 1
31 948 1
31 963 1
31 978 1
31 993 1
32 266 1
32 268 1
32 271 1
32 277 1
32 319 1
32 334 1
32 349 1
32 477 1
32 690 1
32 693 1
32 699 1
32 741 1
32 756 1
32 771 1
32 792 1
32 900 1
32 903 1
32 909 1
32 951 1
32 966 1
32 981 1
32 996 1
33 256 1
33 269 1
33 275 1
33 280 1
33 322 1
33 337 1
33 352 1
33 480 1
33 486 1
33 678 1
33 702 1
33 744 1
33 759 1
33 774 1
33 795 1
33 801 1
33 888 1
33 912 1
33 954 1
33 969 1
33 984 1
33 999 1
34 257 1
34 259 1
34 278 1
34 284 1
34 325 1
34 340 1
34 355 1
34 468 1
34 489 1
34 495 1
34 681 1
34 747 1
34 762 1
34 777 1
34 783 1
34 804 1
34 810 1
34 891 1
34 957 1
34 972 1
34 987 1
34 1002 1
35 260 1
35 263 1
35 272 1
35 281 1
35 328 1
35 343 1
35 358 1
35 471 1
35 474 1
35 483 1
35 492 1
35 750 1
35 765 1
35 780 1
35 786 1
35 789 1
35 798 1
35 807 1
35 960 1
35 975 1
35 990 1
35 1005 1
36 258 1
36 273 1
36 292 1
36 295 1
36 304 1
36 313 1
36 347 1
36 363 1
36 378 1
36 558 1
36 573 1
36 588 1
36 714 1
36 717 1
36 726 1
36 735 1
36 873 1
36 924 1
36 927 1
36 936 1
36 945 1
36 1008 1
37 261 1
37 276 1
37 296 1
37 298 1
37 301 1
37 307 1
37 350 1
37 366 1
37 381 1
37 507 1
37 561 1
37 576 1
37 591 1
37 720 1
37 723 1
37 729 1
37 822 1
37 876 1
37 930 1
37 933 1
37 939 1
37 1011 1
38 264 1
38 279 1
38 286 1
38 299 1
38 305 1
38 310 1
38 353 1
38 369 1
38 384 1
38 510 1
38 516 1
38 564 1
38 579 1
38 594 1
38 708 1
38 732 1
38 825 1
38 831 1
38 879 1
38 918 1
38 942 1
38 1014 1
39 267 1
39 282 1
39 287 1
39 289 1
39 308 1
39 314 1
39 356 1
39 372 1
39 387 1
39 498 1
39 519 1
39 525 1
39 567 1
39 582 1
39 597 1
39 711 1
39 813 1
39 834 1
39 840 1
39 882 1
39 921 1
39 1017 1
40 270 1
40 285 1
40 290 1
40 293 1
40 302 1
40 311 1
40 359 1
40 375 1
40 390 1
40 501 1
40 504 1
40 513 1
40 522 1
40 570 1
40 585 1
40 600 1
40 816 1
40 819 1
40 828 1
40 837 1
40 885 1
40 1020 1
41 288 1
41 303 1
41 323 1
41 326 1
41 335 1
41 344 1
41 348 1
41 393 1
41 408 1
41 453 1
41 534 1
41 537 1
41 546 1
41 555 1
41 603 1
41 618 1
41 663 1
41 849 1
41 852 1
41 861 1
41 870 1
41 1023 1
42 291 1
42 306 1
42 327 1
42 329 1
42 332 1
42 338 1
42 351 1
42 396 1
42 411 1
42 432 1
42 456 1
42 540 1
42 543 1
42 549 1
42 606 1
42 621 1
42 642 1
42 666 1
42 855 1
42 858 1
42 864 1
42 1026 1
43 294 1
43 309 1
43 317 1
43 330 1
43 336 1
43 341 1
43 354 1
43 399 1
43 414 1
43 435 1
43 441 1
43 459 1
43 528 1
43 552 1
43 609 1
43 624 1
43 645 1
43 651 1
43 669 1
43 843 1
43 867 1
43 1029 1
44 297 1
44 312 1
44 318 1
44 320 1
44 339 1
44 345 1
44 357 1
44 402 1
44 417 1
44 423 1
44 444 1
44 450 1
44 462 1
44 531 1
44 612 1
44 627 1
44 633 1
44 654 1
44 660 1
44 672 1
44 846 1
44 1032 1
45 300 1
45 315 1
45 321 1
45 324 1
45 333 1
45 342 1
45 360 1
45 405 1
45 420 1
45 426 1
45 429 1
45 438 1
45 447 1
45 465 1
45 615 1
45 630 1
45 636 1
45 639 1
45 648 1
45 657 1
45 675 1
45 1035 1
46 47 1
46 48 1
47 48 1
49 50 1
49 51 1
50 51 1
52 53 1
52 54 1
53 54 1
55 56 1
55 57 1
56 57 1
58 59 1
58 60 1
59 60 1
61 62 1
61 63 1
62 63 1
64 65 1
64 66 1
65 66 1
67 68 1
67 69 1
68 69 1
70 71 1
70 72 1
71 72 1
73 74 1
73 75 1
74 75 1
76 77 1
76 78 1
77 78 1
79 80 1
79 81 1
80 81 1
82 83 1
82 84 1
83 84 1
85 86 1
85 87 1
86 87 1
88 89 1
88 90 1
89 90 1
91 92 1
91 93 1
92 93 1
94 95 1
94 96 1
95 96 1
97 98 1
97 99 1
98 99 1
100 101 1
100 102 1
101 102 1
103 104 1
103 105 1
104 105 1
106 107 1
106 108 1
107 108 1
109 110 1
109 111 1
110 111 1
112 113 1
112 114 1
113 114 1
115 116 1
115 117 1
116 117 1
118 119 1
118 120 1
119 120 1
121 122 1
121 123 1
122 123 1
124 125 1
124 126 1
125 126 1
127 128 1
127 129 1
128 129 1
130 131 1
130 132 1
131 132 1
133 134 1
133 135 1
134 135 1
136 137 1
136 138 1
137 138 1
139 140 1
139 141 1
140 141 1
142 143 1
142 144 1
143 144 1
145 146 1
145 147 1
146 147 1
148 149 1
148 150 1
149 150 1
151 152 1
151 153 1
152 153 1
154 155 1
154 156 1
155 156 1
157 158 1
157 159 1
158 159 1
160 161 1
160 162 1
161 162 1
163 164 1
163 165 1
164 165 1
166 167 1
166 168 1
167 168 1
169 170 1
169 171 1
170 171 1
172 173 1
172 174 1
173 174 1
175 176 1
175 177 1
176 177 1
178 179 1
178 180 1
179 180 1
181 182 1
181 183 1
182 183 1
184 185 1
184 186 1
185 186 1
187 188 1
187 189 1
188 189 1
190 191 1
190 192 1
191 192 1
193 194 1
193 195 1
194 195 1
196 197 1
196 198 1
197 198 1
199 200 1
199 201 1
200 201 1
202 203 1
202 204 1
203 204 1
205 206 1
205 207 1
206 207 1
208 209 1
208 210 1
209 210 1
211 212 1
211 213 1
212 213 1
214 215 1
214 216 1
215 216 1
217 218 1
217 219 1
218 219 1
220 221 1
220 222 1
221 222 1
223 224 1
223 225 1
224 225 1
226 227 1
226 228 1
227 228 1
229 230 1
229 231 1
230 231 1
232 233 1
232 234 1
233 234 1
235 236 1
235 237 1
236 237 1
238 239 1
238 240 1
239 240 1
241 242 1
241 243 1
242 243 1
244 245 1
244 246 1
245 246 1
247 248 1
247 249 1
248 249 1
250 251 1
250 252 1
251 252 1
253 254 1
253 255 1
254 255 1
256 257 1
256 258 1
257 258 1
259 260 1
259 261 1
260 261 1
262 263 1
262 264 1
263 264 1
265 266 1
265 267 1
266 267 1
268 269 1
268 270 1
269 270 1
271 272 1
271 273 1
272 273 1
274 275 1
274 276 1
275 276 1
277 278 1
277 279 1
278 279 1
280 281 1
280 282 1
281 282 1
283 284 1
283 285 1
284 285 1
286 287 1
286 288 1
287 288 1
289 290 1
289 291 1
290 291 1
292 293 1
292 294 1
293 294 1
295 296 1
295 297 1
296 297 1
298 299 1
298 300 1
299 300 1
301 302 1
301 303 1
302 303 1
304 305 1
304 306 1
305 306 1
307 308 1
307 309 1
308 309 1
310 311 1
310 312 1
311 312 1
313 314 1
313 315 1
314 315 1
316 317 1
316 318 1
317 318 1
319 320 1
319 321 1
320 321 1
322 323 1
322 324 1
323 324 1
325 326 1
325 327 1
326 327 1
328 329 1
328 330 1
329 330 1
331 332 1
331 333 1
332 333 1
334 335 1
334 336 1
335 336 1
337 338 1
337 339 1
338 339 1
340 341 1
340 342 1
341 342 1
343 344 1
343 345 1
344 345 1
346 347 1
346 348 1
347 348 1
349 350 1
349 351 1
350 351 1
352 353 1
352 354 1
353 354 1
355 356 1
355 357 1
356 357 1
358 359 1
358 360 1
359 360 1
361 362 1
361 363 1
362 363 1
364 365 1
364 366 1
365 366 1
367 368 1
367 369 1
368 369 1
370 371 1
370 372 1
371 372 1
373 374 1
373 375 1
374 375 1
376 377 1
376 378 1
377 378 1
379 380 1
379 381 1
380 381 1
382 383 1
382 384 1
383 384 1
385 386 1
385 387 1
386 387 1
388 389 1
388 390 1
389 390 1
391 392 1
391 393 1
392 393 1
394 395 1
394 396 1
395 396 1
397 398 1
397 399 1
398 399 1
400 401 1
400 402 1
401 402 1
403 404 1
403 405 1
404 405 1
406 407 1
406 408 1
407 408 1
409 410 1
409 411 1
410 411 1
412 413 1
412 414 1
413 414 1
415 416 1
415 417 1
416 417 1
418 419 1
418 420 1
419 420 1
421 422 1
421 423 1
422 423 1
424 425 1
424 426 1
425 426 1
427 428 1
427 429 1
428 429 1
430 431 1
430 432 1
431 432 1
433 434 1
433 435 1
434 435 1
436 437 1
436 438 1
437 438 1
439 440 1
439 441 1
440 441 1
442 443 1
442 444 1
443 444 1
445 446 1
445 447 1
446 447 1
448 449 1
448 450 1
449 450 1
451 452 1
451 453 1
452 453 1
454 455 1
454 456 1
455 456 1
457 458 1
457 459 1
458 459 1
460 461 1
460 462 1
461 462 1
463 464 1
463 465 1
464 465 1
466 467 1
466 468 1
467 468 1
469 470 1
469 471 1
470 471 1
472 473 1
472 474 1
473 474 1
475 476 1
475 477 1
476 477 1
478 479 1
478 480 1
479 480 1
481 482 1
481 483 1
482 483 1
484 485 1
484 486 1
485 486 1
487 488 1
487 489 1
488 489 1
490 491 1
490 492 1
491 492 1
493 494 1
493 495 1
494 495 1
496 497 1
496 498 1
497 498 1
499 500 1
499 501 1
500 501 1
502 503 1
502 504 1
503 504 1
505 506 1
505 507 1
506 507 1
508 509 1
508 510 1
509 510 1
511 512 1
511 513 1
512 513 1
514 515 1
514 516 1
515 516 1
517 518 1
517 519 1
518 519 1
520 521 1
520 522 1
521 522 1
523 524 1
523 525 1
524 525 1
526 527 1
526 528 1
527 528 1
529 530 1
529 531 1
530 531 1
532 533 1
532 534 1
533 534 1
535 536 1
535 537 1
536 537 1
538 539 1
538 540 1
539 540 1
541 542 1
541 543 1
542 543 1
544 545 1
544 546 1
545 546 1
547 548 1
547 549 1
548 549 1
550 551 1
550 552 1
551 552 1
553 554 1
553 555 1
554 555 1
556 557 1
556 558 1
557 558 1
559 560 1
559 561 1
560 561 1
562 563 1
562 564 1
563 564 1
565 566 1
565 567 1
566 567 1
568 569 1
568 570 1
569 570 1
571 572 1
571 573 1
572 573 1
574 575 1
574 576 1
575 576 1
577 578 1
577 579 1
578 579 1
580 581 1
580 582 1
581 582 1
583 584 1
583 585 1
584 585 1
586 587 1
586 588 1
587 588 1
589 590 1
589 591 1
590 591 1
592 593 1
592 594 1
593 594 1
595 596 1
595 597 1
596 597 1
598 599 1
598 600 1
599 600 1
601 602 1
601 603 1
602 603 1
604 605 1
604 606 1
605 606 1
607 608 1
607 609 1
608 609 1
610 611 1
610 612 1
611 612 1
613 614 1
613 615 1
614 615 1
616 617 1
616 618 1
617 618 1
619 620 1
619 621 1
620 621 1
622 623 1
622 624 1
623 624 1
625 626 1
625 627 1
626 627 1
628 629 1
628 630 1
629 630 1
631 632 1
631 633 1
632 633 1
634 635 1
634 636 1
635 636 1
637 638 1
637 639 1
638 639 1
640 641 1
640 642 1
641 642 1
643 644 1
643 645 1
644 645 1
646 647 1
646 648 1
647 648 1
649 650 1
649 651 1
650 651 1
652 653 1
652 654 1
653 654 1
655 656 1
655 657 1
656 657 1
658 659 1
658 660 1
659 660 1
661 662 1
661 663 1
662 663 1
664 665 1
664 666 1
665 666 1
667 668 1
667 669 1
668 669 1
670 671 1
670 672 1
671 672 1
673 674 1
673 675 1
674 675 1
676 677 1
676 678 1
677 678 1
679 680 1
679 681 1
680 681 1
682 683 1
682 684 1
683 684 1
685 686 1
685 687 1
686 687 1
688 689 1
688 690 1
689 690 1
691 692 1
691 693 1
692 693 1
694 695 1
694 696 1
695 696 1
697 698 1
697 699 1
698 699 1
700 701 1
700 702 1
701 702 1
703 704 1
703 705 1
704 705 1
706 707 1
706 708 1
707 708 1
709 710 1
709 711 1
710 711 1
712 713 1
712 714 1
713 714 1
715 716 1
715 717 1
716 717 1
718 719 1
718 720 1
719 720 1
721 722 1
721 723 1
722 723 1
724 725 1
724 726 1
725 726 1
727 728 1
727 729 1
728 729 1
730 731 1
730 732 1
731 732 1
733 734 1
733 735 1
734 735 1
736 737 1
736 738 1
737 738 1
739 740 1
739 741 1
740 741 1
742 743 1
742 744 1
743 744 1
745 746 1
745 747 1
746 747 1
748 749 1
748 750 1
749 750 1
751 752 1
751 753 1
752 753 1
754 755 1
754 756 1
755 756 1
757 758 1
757 759 1
758 759 1
760 761 1
760 762 1
761 762 1
763 764 1
763 765 1
764 765 1
766 767 1
766 768 1
767 768 1
769 770 1
769 771 1
770 771 1
772 773 1
772 774 1
773 774 1
775 776 1
775 777 1
776 777 1
778 779 1
778 780 1
779 780 1
781 782 1
781 783 1
782 783 1
784 785 1
784 786 1
785 786 1
787 788 1
787 789 1
788 789 1
790 791 1
790 792 1
791 792 1
793 794 1
793 795 1
794 795 1
796 797 1
796 798 1
797 798 1
799 800 1
799 801 1
800 801 1
802 803 1
802 804 1
803 804 1
805 806 1
805 807 1
806 807 1
808 809 1
808 810 1
809 810 1
811 812 1
811 813 1
812 813 1
814 815 1
814 816 1
815 816 1
817 818 1
817 819 1
818 819 1
820 821 1
820 822 1
821 822 1
823 824 1
823 825 1
824 825 1
826 827 1
826 828 1
827 828 1
829 830 1
829 831 1
830 831 1
832 833 1
832 834 1
833 834 1
835 836 1
835 837 1
836 837 1
838 839 1
838 840 1
839 840 1
841 842 1
841 843 1
842 843 1
844 845 1
844 846 1
845 846 1
847 848 1
847 849 1
848 849 1
850 851 1
850 852 1
851 852 1
853 854 1
853 855 1
854 855 1
856 857 1
856 858 1
857 858 1
859 860 1
859 861 1
860 861 1
862 863 1
862 864 1
863 864 1
865 866 1
865 867 1
866 867 1
868 869 1
868 870 1
869 870 1
871 872 1
871 873 1
872 873 1
874 875 1
874 876 1
875 876 1
877 878 1
877 879 1
878 879 1
880 881 1
880 882 1
881 882 1
883 884 1
883 885 1
884 885 1
886 887 1
886 888 1
887 888 1
889 890 1
889 891 1
890 891 1
892 893 1
892 894 1
893 894 1
895 896 1
895 897 1
896 897 1
898 899 1
898 900 1
899 900 1
901 902 1
901 903 1
902 903 1
904 905 1
904 906 1
905 906 1
907 908 1
907 909 1
908 909 1
910 911 1
910 912 1
911 912 1
913 914 1
913 915 1
914 915 1
916 917 1
916 918 1
917 918 1
919 920 1
919 921 1
920 921 1
922 923 1
922 924 1
923 924 1
925 926 1
925 927 1
926 927 1
928 929 1
928 930 1
929 930 1
931 932 1
931 933 1
932 933 1
934 935 1
934 936 1
935 936 1
937 938 1
937 939 1
938 939 1
940 941 1
940 942 1
941 942 1
943 944 1
943 945 1
944 945 1
946 947 1
946 948 1
947 948 1
949 950 1
949 951 1
950 951 1
952 953 1
952 954 1
953 954 1
955 956 1
955 957 1
956 957 1
958 959 1
958 960 1
959 960 1
961 962 1
961 963 1
962 963 1
964 965 1
964 966 1
965 966 1
967 968 1
967 969 1
968 969 1
970 971 1
970 972 1
971 972 1
973 974 1
973 975 1
974 975 1
976 977 1
976 978 1
977 978 1
979 980 1
979 981 1
980 981 1
982 983 1
982 984 1
983 984 1
985 986 1
985 987 1
986 987 1
988 989 1
988 990 1
989 990 1
991 992 1
991 993 1
992 993 1
994 995 1
994 996 1
995 996 1
997 998 1
997 999 1
998 999 1
1000 1001 1
1000 1002 1
1001 1002 1
1003 1004 1
1003 1005 1
1004 1005 1
1006 1007 1
1006 1008 1
1007 1008 1
1009 1010 1
1009 1011 1
1010 1011 1
1012 1013 1
1012 1014 1
1013 1014 1
1015 1016 1
1015 1017 1
1016 1017 1
1018 1019 1
1018 1020 1
1019 1020 1
1021 1022 1
1021 1023 1
1022 1023 1
1024 1025 1
1024 1026 1
1025 1026 1
1027 1028 1
1027 1029 1
1028 1029 1
1030 1031 1
1030 1032 1
1031 1032 1
1033 1034 1
1033 1035 1
1034 1035 1
