1331 3993
1 2 1
1 11 1
1 12 1
1 111 1
1 122 1
1 1211 1
2 3 1
2 13 1
2 112 1
2 123 1
2 1212 1
3 4 1
3 14 1
3 113 1
3 124 1
3 1213 1
4 5 1
4 15 1
4 114 1
4 125 1
4 1214 1
5 6 1
5 16 1
5 115 1
5 126 1
5 1215 1
6 7 1
6 17 1
6 116 1
6 127 1
6 1216 1
7 8 1
7 18 1
7 117 1
7 128 1
7 1217 1
8 9 1
8 19 1
8 118 1
8 129 1
8 1218 1
9 10 1
9 20 1
9 119 1
9 130 1
9 1219 1
10 11 1
10 21 1
10 120 1
10 131 1
10 1220 1
11 22 1
11 121 1
11 132 1
11 1221 1
12 13 1
12 22 1
12 23 1
12 133 1
12 1222 1
13 14 1
13 24 1
13 134 1
13 1223 1
14 15 1
14 25 1
14 135 1
14 1224 1
15 16 1
15 26 1
15 136 1
15 1225 1
16 17 1
16 27 1
16 137 1
16 1226 1
17 18 1
17 28 1
17 138 1
17 1227 1
18 19 1
18 29 1
18 139 1
18 1228 1
19 20 1
19 30 1
19 140 1
19 1229 1
20 21 1
20 31 1
20 141 1
20 1230 1
21 22 1
21 32 1
21 142 1
21 1231 1
22 33 1
22 143 1
22 1232 1
23 24 1
23 33 1
23 34 1
23 144 1
23 1233 1
24 25 1
24 35 1
24 145 1
24 1234 1
25 26 1
25 36 1
25 146 1
25 1235 1
26 27 1
26 37 1
26 147 1
26 1236 1
27 28 1
27 38 1
27 148 1
27 1237 1
28 29 1
28 39 1
28 149 1
28 1238 1
29 30 1
29 40 1
29 150 1
29 1239 1
30 31 1
30 41 1
30 151 1
30 1240 1
31 32 1
31 42 1
31 152 1
31 1241 1
32 33 1
32 43 1
32 153 1
32 1242 1
33 44 1
33 154 1
33 1243 1
34 35 1
34 44 1
34 45 1
34 155 1
34 1244 1
35 36 1
35 46 1
35 156 1
35 1245 1
36 37 1
36 47 1
36 157 1
36 1246 1
37 38 1
37 48 1
37 158 1
37 1247 1
38 39 1
38 49 1
38 159 1
38 1248 1
39 40 1
39 50 1
39 160 1
39 1249 1
40 41 1
40 51 1
40 161 1
40 1250 1
41 42 1
41 52 1
41 162 1
41 1251 1
42 43 1
42 53 1
42 163 1
42 1252 1
43 44 1
43 54 1
43 164 1
43 1253 1
44 55 1
44 165 1
44 1254 1
45 46 1
45 55 1
45 56 1
45 166 1
45 1255 1
46 47 1
46 57 1
46 167 1
46 1256 1
47 48 1
47 58 1
47 168 1
47 1257 1
48 49 1
48 59 1
48 169 1
48 1258 1
49 50 1
49 60 1
49 170 1
49 1259 1
50 51 1
50 61 1
50 171 1
50 1260 1
51 52 1
51 62 1
51 172 1
51 1261 1
52 53 1
52 63 1
52 173 1
52 1262 1
53 54 1
53 64 1
53 174 1
53 1263 1
54 55 1
54 65 1
54 175 1
54 1264 1
55 66 1
55 176 1
55 1265 1
56 57 1
56 66 1
56 67 1
56 177 1
56 1266 1
57 58 1
57 68 1
57 178 1
57 1267 1
58 59 1
58 69 1
58 179 1
58 1268 1
59 60 1
59 70 1
59 180 1
59 1269 1
60 61 1
60 71 1
60 181 1
60 1270 1
61 62 1
61 72 1
61 182 1
61 1271 1
62 63 1
62 73 1
62 183 1
62 1272 1
63 64 1
63 74 1
63 184 1
63 1273 1
64 65 1
64 75 1
64 185 1
64 1274 1
65 66 1
65 76 1
65 186 1
65 1275 1
66 77 1
66 187 1
66 1276 1
67 68 1
67 77 1
67 78 1
67 188 1
67 1277 1
68 69 1
68 79 1
68 189 1
68 1278 1
69 70 1
69 80 1
69 190 1
69 1279 1
70 71 1
70 81 1
70 191 1
70 1280 1
71 72 1
71 82 1
71 192 1
71 1281 1
72 73 1
72 83 1
72 193 1
72 1282 1
73 74 1
73 84 1
73 194 1
73 1283 1
74 75 1
74 85 1
74 195 1
74 1284 1
75 76 1
75 86 1
75 196 1
75 1285 1
76 77 1
76 87 1
76 197 1
76 1286 1
77 88 1
77 198 1
77 1287 1
78 79 1
78 88 1
78 89 1
78 199 1
78 1288 1
79 80 1
79 90 1
79 200 1
79 1289 1
80 81 1
80 91 1
80 201 1
80 1290 1
81 82 1
81 92 1
81 202 1
81 1291 1
82 83 1
82 93 1
82 203 1
82 1292 1
83 84 1
83 94 1
83 204 1
83 1293 1
84 85 1
84 95 1
84 205 1
84 1294 1
85 86 1
85 96 1
85 206 1
85 1295 1
86 87 1
86 97 1
86 207 1
86 1296 1
87 88 1
87 98 1
87 208 1
87 1297 1
88 99 1
88 209 1
88 1298 1
89 90 1
89 99 1
89 100 1
89 210 1
89 1299 1
90 91 1
90 101 1
90 211 1
90 1300 1
91 92 1
91 102 1
91 212 1
91 1301 1
92 93 1
92 103 1
92 213 1
92 1302 1
93 94 1
93 104 1
93 214 1
93 1303 1
94 95 1
94 105 1
94 215 1
94 1304 1
95 96 1
95 106 1
95 216 1
95 1305 1
96 97 1
96 107 1
96 217 1
96 1306 1
97 98 1
97 108 1
97 218 1
97 1307 1
98 99 1
98 109 1
98 219 1
98 1308 1
99 110 1
99 220 1
99 1309 1
100 101 1
100 110 1
100 111 1
100 221 1
100 1310 1
101 102 1
101 112 1
101 222 1
101 1311 1
102 103 1
102 113 1
102 223 1
102 1312 1
103 104 1
103 114 1
103 224 1
103 1313 1
104 105 1
104 115 1
104 225 1
104 1314 1
105 106 1
105 116 1
105 226 1
105 1315 1
106 107 1
106 117 1
106 227 1
106 1316 1
107 108 1
107 118 1
107 228 1
107 1317 1
108 109 1
108 119 1
108 229 1
108 1318 1
109 110 1
109 120 1
109 230 1
109 1319 1
110 121 1
110 231 1
110 1320 1
111 112 1
111 121 1
111 232 1
111 1321 1
112 113 1
112 233 1
112 1322 1
113 114 1
113 234 1
113 1323 1
114 115 1
114 235 1
114 1324 1
115 116 1
115 236 1
115 1325 1
116 117 1
116 237 1
116 1326 1
117 118 1
117 238 1
117 1327 1
118 119 1
118 239 1
118 1328 1
119 120 1
119 240 1
119 1329 1
120 121 1
120 241 1
120 1330 1
121 242 1
121 1331 1
122 123 1
122 132 1
122 133 1
122 232 1
122 243 1
123 124 1
123 134 1
123 233 1
123 244 1
124 125 1
124 135 1
124 234 1
124 245 1
125 126 1
125 136 1
125 235 1
125 246 1
126 127 1
126 137 1
126 236 1
126 247 1
127 128 1
127 138 1
127 237 1
127 248 1
128 129 1
128 139 1
128 238 1
128 249 1
129 130 1
129 140 1
129 239 1
129 250 1
130 131 1
130 141 1
130 240 1
130 251 1
131 132 1
131 142 1
131 241 1
131 252 1
132 143 1
132 242 1
132 253 1
133 134 1
133 143 1
133 144 1
133 254 1
134 135 1
134 145 1
134 255 1
135 136 1
135 146 1
135 256 1
136 137 1
136 147 1
136 257 1
137 138 1
137 148 1
137 258 1
138 139 1
138 149 1
138 259 1
139 140 1
139 150 1
139 260 1
140 141 1
140 151 1
140 261 1
141 142 1
141 152 1
141 262 1
142 143 1
142 153 1
142 263 1
143 154 1
143 264 1
144 145 1
144 154 1
144 155 1
144 265 1
145 146 1
145 156 1
145 266 1
146 147 1
146 157 1
146 267 1
147 148 1
147 158 1
147 268 1
148 149 1
148 159 1
148 269 1
149 150 1
149 160 1
149 270 1
150 151 1
150 161 1
150 271 1
151 152 1
151 162 1
151 272 1
152 153 1
152 163 1
152 273 1
153 154 1
153 164 1
153 274 1
154 165 1
154 275 1
155 156 1
155 165 1
155 166 1
155 276 1
156 157 1
156 167 1
156 277 1
157 158 1
157 168 1
157 278 1
158 159 1
158 169 1
158 279 1
159 160 1
159 170 1
159 280 1
160 161 1
160 171 1
160 281 1
161 162 1
161 172 1
161 282 1
162 163 1
162 173 1
162 283 1
163 164 1
163 174 1
163 284 1
164 165 1
164 175 1
164 285 1
165 176 1
165 286 1
166 167 1
166 176 1
166 177 1
166 287 1
167 168 1
167 178 1
167 288 1
168 169 1
168 179 1
168 289 1
169 170 1
169 180 1
169 290 1
170 171 1
170 181 1
170 291 1
171 172 1
171 182 1
171 292 1
172 173 1
172 183 1
172 293 1
173 174 1
173 184 1
173 294 1
174 175 1
174 185 1
174 295 1
175 176 1
175 186 1
175 296 1
176 187 1
176 297 1
177 178 1
177 187 1
177 188 1
177 298 1
178 179 1
178 189 1
178 299 1
179 180 1
179 190 1
179 300 1
180 181 1
180 191 1
180 301 1
181 182 1
181 192 1
181 302 1
182 183 1
182 193 1
182 303 1
183 184 1
183 194 1
183 304 1
184 185 1
184 195 1
184 305 1
185 186 1
185 196 1
185 306 1
186 187 1
186 197 1
186 307 1
187 198 1
187 308 1
188 189 1
188 198 1
188 199 1
188 309 1
189 190 1
189 200 1
189 310 1
190 191 1
190 201 1
190 311 1
191 192 1
191 202 1
191 312 1
192 193 1
192 203 1
192 313 1
193 194 1
193 204 1
193 314 1
194 195 1
194 205 1
194 315 1
195 196 1
195 206 1
195 316 1
196 197 1
196 207 1
196 317 1
197 198 1
197 208 1
197 318 1
198 209 1
198 319 1
199 200 1
199 209 1
199 210 1
199 320 1
200 201 1
200 211 1
200 321 1
201 202 1
201 212 1
201 322 1
202 203 1
202 213 1
202 323 1
203 204 1
203 214 1
203 324 1
204 205 1
204 215 1
204 325 1
205 206 1
205 216 1
205 326 1
206 207 1
206 217 1
206 327 1
207 208 1
207 218 1
207 328 1
208 209 1
208 219 1
208 329 1
209 220 1
209 330 1
210 211 1
210 220 1
210 221 1
210 331 1
211 212 1
211 222 1
211 332 1
212 213 1
212 223 1
212 333 1
213 214 1
213 224 1
213 334 1
214 215 1
214 225 1
214 335 1
215 216 1
215 226 1
215 336 1
216 217 1
216 227 1
216 337 1
217 218 1
217 228 1
217 338 1
218 219 1
218 229 1
218 339 1
219 220 1
219 230 1
219 340 1
220 231 1
220 341 1
221 222 1
221 231 1
221 232 1
221 342 1
222 223 1
222 233 1
222 343 1
223 224 1
223 234 1
223 344 1
224 225 1
224 235 1
224 345 1
225 226 1
225 236 1
225 346 1
226 227 1
226 237 1
226 347 1
227 228 1
227 238 1
227 348 1
228 229 1
228 239 1
228 349 1
229 230 1
229 240 1
229 350 1
230 231 1
230 241 1
230 351 1
231 242 1
231 352 1
232 233 1
232 242 1
232 353 1
233 234 1
233 354 1
234 235 1
234 355 1
235 236 1
235 356 1
236 237 1
236 357 1
237 238 1
237 358 1
238 239 1
238 359 1
239 240 1
239 360 1
240 241 1
240 361 1
241 242 1
241 362 1
242 363 1
243 244 1
243 253 1
243 254 1
243 353 1
243 364 1
244 245 1
244 255 1
244 354 1
244 365 1
245 246 1
245 256 1
245 355 1
245 366 1
246 247 1
246 257 1
246 356 1
246 367 1
247 248 1
247 258 1
247 357 1
247 368 1
248 249 1
248 259 1
248 358 1
248 369 1
249 250 1
249 260 1
249 359 1
249 370 1
250 251 1
250 261 1
250 360 1
250 371 1
251 252 1
251 262 1
251 361 1
251 372 1
252 253 1
252 263 1
252 362 1
252 373 1
253 264 1
253 363 1
253 374 1
254 255 1
254 264 1
254 265 1
254 375 1
255 256 1
255 266 1
255 376 1
256 257 1
256 267 1
256 377 1
257 258 1
257 268 1
257 378 1
258 259 1
258 269 1
258 379 1
259 260 1
259 270 1
259 380 1
260 261 1
260 271 1
260 381 1
261 262 1
261 272 1
261 382 1
262 263 1
262 273 1
262 383 1
263 264 1
263 274 1
263 384 1
264 275 1
264 385 1
265 266 1
265 275 1
265 276 1
265 386 1
266 267 1
266 277 1
266 387 1
267 268 1
267 278 1
267 388 1
268 269 1
268 279 1
268 389 1
269 270 1
269 280 1
269 390 1
270 271 1
270 281 1
270 391 1
271 272 1
271 282 1
271 392 1
272 273 1
272 283 1
272 393 1
273 274 1
273 284 1
273 394 1
274 275 1
274 285 1
274 395 1
275 286 1
275 396 1
276 277 1
276 286 1
276 287 1
276 397 1
277 278 1
277 288 1
277 398 1
278 279 1
278 289 1
278 399 1
279 280 1
279 290 1
279 400 1
280 281 1
280 291 1
280 401 1
281 282 1
281 292 1
281 402 1
282 283 1
282 293 1
282 403 1
283 284 1
283 294 1
283 404 1
284 285 1
284 295 1
284 405 1
285 286 1
285 296 1
285 406 1
286 297 1
286 407 1
287 288 1
287 297 1
287 298 1
287 408 1
288 289 1
288 299 1
288 409 1
289 290 1
289 300 1
289 410 1
290 291 1
290 301 1
290 411 1
291 292 1
291 302 1
291 412 1
292 293 1
292 303 1
292 413 1
293 294 1
293 304 1
293 414 1
294 295 1
294 305 1
294 415 1
295 296 1
295 306 1
295 416 1
296 297 1
296 307 1
296 417 1
297 308 1
297 418 1
298 299 1
298 308 1
298 309 1
298 419 1
299 300 1
299 310 1
299 420 1
300 301 1
300 311 1
300 421 1
301 302 1
301 312 1
301 422 1
302 303 1
302 313 1
302 423 1
303 304 1
303 314 1
303 424 1
304 305 1
304 315 1
304 425 1
305 306 1
305 316 1
305 426 1
306 307 1
306 317 1
306 427 1
307 308 1
307 318 1
307 428 1
308 319 1
308 429 1
309 310 1
309 319 1
309 320 1
309 430 1
310 311 1
310 321 1
310 431 1
311 312 1
311 322 1
311 432 1
312 313 1
312 323 1
312 433 1
313 314 1
313 324 1
313 434 1
314 315 1
314 325 1
314 435 1
315 316 1
315 326 1
315 436 1
316 317 1
316 327 1
316 437 1
317 318 1
317 328 1
317 438 1
318 319 1
318 329 1
318 439 1
319 330 1
319 440 1
320 321 1
320 330 1
320 331 1
320 441 1
321 322 1
321 332 1
321 442 1
322 323 1
322 333 1
322 443 1
323 324 1
323 334 1
323 444 1
324 325 1
324 335 1
324 445 1
325 326 1
325 336 1
325 446 1
326 327 1
326 337 1
326 447 1
327 328 1
327 338 1
327 448 1
328 329 1
328 339 1
328 449 1
329 330 1
329 340 1
329 450 1
330 341 1
330 451 1
331 332 1
331 341 1
331 342 1
331 452 1
332 333 1
332 343 1
332 453 1
333 334 1
333 344 1
333 454 1
334 335 1
334 345 1
334 455 1
335 336 1
335 346 1
335 456 1
336 337 1
336 347 1
336 457 1
337 338 1
337 348 1
337 458 1
338 339 1
338 349 1
338 459 1
339 340 1
339 350 1
339 460 1
340 341 1
340 351 1
340 461 1
341 352 1
341 462 1
342 343 1
342 352 1
342 353 1
342 463 1
343 344 1
343 354 1
343 464 1
344 345 1
344 355 1
344 465 1
345 346 1
345 356 1
345 466 1
346 347 1
346 357 1
346 467 1
347 348 1
347 358 1
347 468 1
348 349 1
348 359 1
348 469 1
349 350 1
349 360 1
349 470 1
350 351 1
350 361 1
350 471 1
351 352 1
351 362 1
351 472 1
352 363 1
352 473 1
353 354 1
353 363 1
353 474 1
354 355 1
354 475 1
355 356 1
355 476 1
356 357 1
356 477 1
357 358 1
357 478 1
358 359 1
358 479 1
359 360 1
359 480 1
360 361 1
360 481 1
361 362 1
361 482 1
362 363 1
362 483 1
363 484 1
364 365 1
364 374 1
364 375 1
364 474 1
364 485 1
365 366 1
365 376 1
365 475 1
365 486 1
366 367 1
366 377 1
366 476 1
366 487 1
367 368 1
367 378 1
367 477 1
367 488 1
368 369 1
368 379 1
368 478 1
368 489 1
369 370 1
369 380 1
369 479 1
369 490 1
370 371 1
370 381 1
370 480 1
370 491 1
371 372 1
371 382 1
371 481 1
371 492 1
372 373 1
372 383 1
372 482 1
372 493 1
373 374 1
373 384 1
373 483 1
373 494 1
374 385 1
374 484 1
374 495 1
375 376 1
375 385 1
375 386 1
375 496 1
376 377 1
376 387 1
376 497 1
377 378 1
377 388 1
377 498 1
378 379 1
378 389 1
378 499 1
379 380 1
379 390 1
379 500 1
380 381 1
380 391 1
380 501 1
381 382 1
381 392 1
381 502 1
382 383 1
382 393 1
382 503 1
383 384 1
383 394 1
383 504 1
384 385 1
384 395 1
384 505 1
385 396 1
385 506 1
386 387 1
386 396 1
386 397 1
386 507 1
387 388 1
387 398 1
387 508 1
388 389 1
388 399 1
388 509 1
389 390 1
389 400 1
389 510 1
390 391 1
390 401 1
390 511 1
391 392 1
391 402 1
391 512 1
392 393 1
392 403 1
392 513 1
393 394 1
393 404 1
393 514 1
394 395 1
394 405 1
394 515 1
395 396 1
395 406 1
395 516 1
396 407 1
396 517 1
397 398 1
397 407 1
397 408 1
397 518 1
398 399 1
398 409 1
398 519 1
399 400 1
399 410 1
399 520 1
400 401 1
400 411 1
400 521 1
401 402 1
401 412 1
401 522 1
402 403 1
402 413 1
402 523 1
403 404 1
403 414 1
403 524 1
404 405 1
404 415 1
404 525 1
405 406 1
405 416 1
405 526 1
406 407 1
406 417 1
406 527 1
407 418 1
407 528 1
408 409 1
408 418 1
408 419 1
408 529 1
409 410 1
409 420 1
409 530 1
410 411 1
410 421 1
410 531 1
411 412 1
411 422 1
411 532 1
412 413 1
412 423 1
412 533 1
413 414 1
413 424 1
413 534 1
414 415 1
414 425 1
414 535 1
415 416 1
415 426 1
415 536 1
416 417 1
416 427 1
416 537 1
417 418 1
417 428 1
417 538 1
418 429 1
418 539 1
419 420 1
419 429 1
419 430 1
419 540 1
420 421 1
420 431 1
420 541 1
421 422 1
421 432 1
421 542 1
422 423 1
422 433 1
422 543 1
423 424 1
423 434 1
423 544 1
424 425 1
424 435 1
424 545 1
425 426 1
425 436 1
425 546 1
426 427 1
426 437 1
426 547 1
427 428 1
427 438 1
427 548 1
428 429 1
428 439 1
428 549 1
429 440 1
429 550 1
430 431 1
430 440 1
430 441 1
430 551 1
431 432 1
431 442 1
431 552 1
432 433 1
432 443 1
432 553 1
433 434 1
433 444 1
433 554 1
434 435 1
434 445 1
434 555 1
435 436 1
435 446 1
435 556 1
436 437 1
436 447 1
436 557 1
437 438 1
437 448 1
437 558 1
438 439 1
438 449 1
438 559 1
439 440 1
439 450 1
439 560 1
440 451 1
440 561 1
441 442 1
441 451 1
441 452 1
441 562 1
442 443 1
442 453 1
442 563 1
443 444 1
443 454 1
443 564 1
444 445 1
444 455 1
444 565 1
445 446 1
445 456 1
445 566 1
446 447 1
446 457 1
446 567 1
447 448 1
447 458 1
447 568 1
448 449 1
448 459 1
448 569 1
449 450 1
449 460 1
449 570 1
450 451 1
450 461 1
450 571 1
451 462 1
451 572 1
452 453 1
452 462 1
452 463 1
452 573 1
453 454 1
453 464 1
453 574 1
454 455 1
454 465 1
454 575 1
455 456 1
455 466 1
455 576 1
456 457 1
456 467 1
456 577 1
457 458 1
457 468 1
457 578 1
458 459 1
458 469 1
458 579 1
459 460 1
459 470 1
459 580 1
460 461 1
460 471 1
460 581 1
461 462 1
461 472 1
461 582 1
462 473 1
462 583 1
463 464 1
463 473 1
463 474 1
463 584 1
464 465 1
464 475 1
464 585 1
465 466 1
465 476 1
465 586 1
466 467 1
466 477 1
466 587 1
467 468 1
467 478 1
467 588 1
468 469 1
468 479 1
468 589 1
469 470 1
469 480 1
469 590 1
470 471 1
470 481 1
470 591 1
471 472 1
471 482 1
471 592 1
472 473 1
472 483 1
472 593 1
473 484 1
473 594 1
474 475 1
474 484 1
474 595 1
475 476 1
475 596 1
476 477 1
476 597 1
477 478 1
477 598 1
478 479 1
478 599 1
479 480 1
479 600 1
480 481 1
480 601 1
481 482 1
481 602 1
482 483 1
482 603 1
483 484 1
483 604 1
484 605 1
485 486 1
485 495 1
485 496 1
485 595 1
485 606 1
486 487 1
486 497 1
486 596 1
486 607 1
487 488 1
487 498 1
487 597 1
487 608 1
488 489 1
488 499 1
488 598 1
488 609 1
489 490 1
489 500 1
489 599 1
489 610 1
490 491 1
490 501 1
490 600 1
490 611 1
491 492 1
491 502 1
491 601 1
491 612 1
492 493 1
492 503 1
492 602 1
492 613 1
493 494 1
493 504 1
493 603 1
493 614 1
494 495 1
494 505 1
494 604 1
494 615 1
495 506 1
495 605 1
495 616 1
496 497 1
496 506 1
496 507 1
496 617 1
497 498 1
497 508 1
497 618 1
498 499 1
498 509 1
498 619 1
499 500 1
499 510 1
499 620 1
500 501 1
500 511 1
500 621 1
501 502 1
501 512 1
501 622 1
502 503 1
502 513 1
502 623 1
503 504 1
503 514 1
503 624 1
504 505 1
504 515 1
504 625 1
505 506 1
505 516 1
505 626 1
506 517 1
506 627 1
507 508 1
507 517 1
507 518 1
507 628 1
508 509 1
508 519 1
508 629 1
509 510 1
509 520 1
509 630 1
510 511 1
510 521 1
510 631 1
511 512 1
511 522 1
511 632 1
512 513 1
512 523 1
512 633 1
513 514 1
513 524 1
513 634 1
514 515 1
514 525 1
514 635 1
515 516 1
515 526 1
515 636 1
516 517 1
516 527 1
516 637 1
517 528 1
517 638 1
518 519 1
518 528 1
518 529 1
518 639 1
519 520 1
519 530 1
519 640 1
520 521 1
520 531 1
520 641 1
521 522 1
521 532 1
521 642 1
522 523 1
522 533 1
522 643 1
523 524 1
523 534 1
523 644 1
524 525 1
524 535 1
524 645 1
525 526 1
525 536 1
525 646 1
526 527 1
526 537 1
526 647 1
527 528 1
527 538 1
527 648 1
528 539 1
528 649 1
529 530 1
529 539 1
529 540 1
529 650 1
530 531 1
530 541 1
530 651 1
531 532 1
531 542 1
531 652 1
532 533 1
532 543 1
532 653 1
533 534 1
533 544 1
533 654 1
534 535 1
534 545 1
534 655 1
535 536 1
535 546 1
535 656 1
536 537 1
536 547 1
536 657 1
537 538 1
537 548 1
537 658 1
538 539 1
538 549 1
538 659 1
539 550 1
539 660 1
540 541 1
540 550 1
540 551 1
540 661 1
541 542 1
541 552 1
541 662 1
542 543 1
542 553 1
542 663 1
543 544 1
543 554 1
543 664 1
544 545 1
544 555 1
544 665 1
545 546 1
545 556 1
545 666 1
546 547 1
546 557 1
546 667 1
547 548 1
547 558 1
547 668 1
548 549 1
548 559 1
548 669 1
549 550 1
549 560 1
549 670 1
550 561 1
550 671 1
551 552 1
551 561 1
551 562 1
551 672 1
552 553 1
552 563 1
552 673 1
553 554 1
553 564 1
553 674 1
554 555 1
554 565 1
554 675 1
555 556 1
555 566 1
555 676 1
556 557 1
556 567 1
556 677 1
557 558 1
557 568 1
557 678 1
558 559 1
558 569 1
558 679 1
559 560 1
559 570 1
559 680 1
560 561 1
560 571 1
560 681 1
561 572 1
561 682 1
562 563 1
562 572 1
562 573 1
562 683 1
563 564 1
563 574 1
563 684 1
564 565 1
564 575 1
564 685 1
565 566 1
565 576 1
565 686 1
566 567 1
566 577 1
566 687 1
567 568 1
567 578 1
567 688 1
568 569 1
568 579 1
568 689 1
569 570 1
569 580 1
569 690 1
570 571 1
570 581 1
570 691 1
571 572 1
571 582 1
571 692 1
572 583 1
572 693 1
573 574 1
573 583 1
573 584 1
573 694 1
574 575 1
574 585 1
574 695 1
575 576 1
575 586 1
575 696 1
576 577 1
576 587 1
576 697 1
577 578 1
577 588 1
577 698 1
578 579 1
578 589 1
578 699 1
579 580 1
579 590 1
579 700 1
580 581 1
580 591 1
580 701 1
581 582 1
581 592 1
581 702 1
582 583 1
582 593 1
582 703 1
583 594 1
583 704 1
584 585 1
584 594 1
584 595 1
584 705 1
585 586 1
585 596 1
585 706 1
586 587 1
586 597 1
586 707 1
587 588 1
587 598 1
587 708 1
588 589 1
588 599 1
588 709 1
589 590 1
589 600 1
589 710 1
590 591 1
590 601 1
590 711 1
591 592 1
591 602 1
591 712 1
592 593 1
592 603 1
592 713 1
593 594 1
593 604 1
593 714 1
594 605 1
594 715 1
595 596 1
595 605 1
595 716 1
596 597 1
596 717 1
597 598 1
597 718 1
598 599 1
598 719 1
599 600 1
599 720 1
600 601 1
600 721 1
601 602 1
601 722 1
602 603 1
602 723 1
603 604 1
603 724 1
604 605 1
604 725 1
605 726 1
606 607 1
606 616 1
606 617 1
606 716 1
606 727 1
607 608 1
607 618 1
607 717 1
607 728 1
608 609 1
608 619 1
608 718 1
608 729 1
609 610 1
609 620 1
609 719 1
609 730 1
610 611 1
610 621 1
610 720 1
610 731 1
611 612 1
611 622 1
611 721 1
611 732 1
612 613 1
612 623 1
612 722 1
612 733 1
613 614 1
613 624 1
613 723 1
613 734 1
614 615 1
614 625 1
614 724 1
614 735 1
615 616 1
615 626 1
615 725 1
615 736 1
616 627 1
616 726 1
616 737 1
617 618 1
617 627 1
617 628 1
617 738 1
618 619 1
618 629 1
618 739 1
619 620 1
619 630 1
619 740 1
620 621 1
620 631 1
620 741 1
621 622 1
621 632 1
621 742 1
622 623 1
622 633 1
622 743 1
623 624 1
623 634 1
623 744 1
624 625 1
624 635 1
624 745 1
625 626 1
625 636 1
625 746 1
626 627 1
626 637 1
626 747 1
627 638 1
627 748 1
628 629 1
628 638 1
628 639 1
628 749 1
629 630 1
629 640 1
629 750 1
630 631 1
630 641 1
630 751 1
631 632 1
631 642 1
631 752 1
632 633 1
632 643 1
632 753 1
633 634 1
633 644 1
633 754 1
634 635 1
634 645 1
634 755 1
635 636 1
635 646 1
635 756 1
636 637 1
636 647 1
636 757 1
637 638 1
637 648 1
637 758 1
638 649 1
638 759 1
639 640 1
639 649 1
639 650 1
639 760 1
640 641 1
640 651 1
640 761 1
641 642 1
641 652 1
641 762 1
642 643 1
642 653 1
642 763 1
643 644 1
643 654 1
643 764 1
644 645 1
644 655 1
644 765 1
645 646 1
645 656 1
645 766 1
646 647 1
646 657 1
646 767 1
647 648 1
647 658 1
647 768 1
648 649 1
648 659 1
648 769 1
649 660 1
649 770 1
650 651 1
650 660 1
650 661 1
650 771 1
651 652 1
651 662 1
651 772 1
652 653 1
652 663 1
652 773 1
653 654 1
653 664 1
653 774 1
654 655 1
654 665 1
654 775 1
655 656 1
655 666 1
655 776 1
656 657 1
656 667 1
656 777 1
657 658 1
657 668 1
657 778 1
658 659 1
658 669 1
658 779 1
659 660 1
659 670 1
659 780 1
660 671 1
660 781 1
661 662 1
661 671 1
661 672 1
661 782 1
662 663 1
662 673 1
662 783 1
663 664 1
663 674 1
663 784 1
664 665 1
664 675 1
664 785 1
665 666 1
665 676 1
665 786 1
666 667 1
666 677 1
666 787 1
667 668 1
667 678 1
667 788 1
668 669 1
668 679 1
668 789 1
669 670 1
669 680 1
669 790 1
670 671 1
670 681 1
670 791 1
671 682 1
671 792 1
672 673 1
672 682 1
672 683 1
672 793 1
673 674 1
673 684 1
673 794 1
674 675 1
674 685 1
674 795 1
675 676 1
675 686 1
675 796 1
676 677 1
676 687 1
676 797 1
677 678 1
677 688 1
677 798 1
678 679 1
678 689 1
678 799 1
679 680 1
679 690 1
679 800 1
680 681 1
680 691 1
680 801 1
681 682 1
681 692 1
681 802 1
682 693 1
682 803 1
683 684 1
683 693 1
683 694 1
683 804 1
684 685 1
684 695 1
684 805 1
685 686 1
685 696 1
685 806 1
686 687 1
686 697 1
686 807 1
687 688 1
687 698 1
687 808 1
688 689 1
688 699 1
688 809 1
689 690 1
689 700 1
689 810 1
690 691 1
690 701 1
690 811 1
691 692 1
691 702 1
691 812 1
692 693 1
692 703 1
692 813 1
693 704 1
693 814 1
694 695 1
694 704 1
694 705 1
694 815 1
695 696 1
695 706 1
695 816 1
696 697 1
696 707 1
696 817 1
697 698 1
697 708 1
697 818 1
698 699 1
698 709 1
698 819 1
699 700 1
699 710 1
699 820 1
700 701 1
700 711 1
700 821 1
701 702 1
701 712 1
701 822 1
702 703 1
702 713 1
702 823 1
703 704 1
703 714 1
703 824 1
704 715 1
704 825 1
705 706 1
705 715 1
705 716 1
705 826 1
706 707 1
706 717 1
706 827 1
707 708 1
707 718 1
707 828 1
708 709 1
708 719 1
708 829 1
709 710 1
709 720 1
709 830 1
710 711 1
710 721 1
710 831 1
711 712 1
711 722 1
711 832 1
712 713 1
712 723 1
712 833 1
713 714 1
713 724 1
713 834 1
714 715 1
714 725 1
714 835 1
715 726 1
715 836 1
716 717 1
716 726 1
716 837 1
717 718 1
717 838 1
718 719 1
718 839 1
719 720 1
719 840 1
720 721 1
720 841 1
721 722 1
721 842 1
722 723 1
722 843 1
723 724 1
723 844 1
724 725 1
724 845 1
725 726 1
725 846 1
726 847 1
727 728 1
727 737 1
727 738 1
727 837 1
727 848 1
728 729 1
728 739 1
728 838 1
728 849 1
729 730 1
729 740 1
729 839 1
729 850 1
730 731 1
730 741 1
730 840 1
730 851 1
731 732 1
731 742 1
731 841 1
731 852 1
732 733 1
732 743 1
732 842 1
732 853 1
733 734 1
733 744 1
733 843 1
733 854 1
734 735 1
734 745 1
734 844 1
734 855 1
735 736 1
735 746 1
735 845 1
735 856 1
736 737 1
736 747 1
736 846 1
736 857 1
737 748 1
737 847 1
737 858 1
738 739 1
738 748 1
738 749 1
738 859 1
739 740 1
739 750 1
739 860 1
740 741 1
740 751 1
740 861 1
741 742 1
741 752 1
741 862 1
742 743 1
742 753 1
742 863 1
743 744 1
743 754 1
743 864 1
744 745 1
744 755 1
744 865 1
745 746 1
745 756 1
745 866 1
746 747 1
746 757 1
746 867 1
747 748 1
747 758 1
747 868 1
748 759 1
748 869 1
749 750 1
749 759 1
749 760 1
749 870 1
750 751 1
750 761 1
750 871 1
751 752 1
751 762 1
751 872 1
752 753 1
752 763 1
752 873 1
753 754 1
753 764 1
753 874 1
754 755 1
754 765 1
754 875 1
755 756 1
755 766 1
755 876 1
756 757 1
756 767 1
756 877 1
757 758 1
757 768 1
757 878 1
758 759 1
758 769 1
758 879 1
759 770 1
759 880 1
760 761 1
760 770 1
760 771 1
760 881 1
761 762 1
761 772 1
761 882 1
762 763 1
762 773 1
762 883 1
763 764 1
763 774 1
763 884 1
764 765 1
764 775 1
764 885 1
765 766 1
765 776 1
765 886 1
766 767 1
766 777 1
766 887 1
767 768 1
767 778 1
767 888 1
768 769 1
768 779 1
768 889 1
769 770 1
769 780 1
769 890 1
770 781 1
770 891 1
771 772 1
771 781 1
771 782 1
771 892 1
772 773 1
772 783 1
772 893 1
773 774 1
773 784 1
773 894 1
774 775 1
774 785 1
774 895 1
775 776 1
775 786 1
775 896 1
776 777 1
776 787 1
776 897 1
777 778 1
777 788 1
777 898 1
778 779 1
778 789 1
778 899 1
779 780 1
779 790 1
779 900 1
780 781 1
780 791 1
780 901 1
781 792 1
781 902 1
782 783 1
782 792 1
782 793 1
782 903 1
783 784 1
783 794 1
783 904 1
784 785 1
784 795 1
784 905 1
785 786 1
785 796 1
785 906 1
786 787 1
786 797 1
786 907 1
787 788 1
787 798 1
787 908 1
788 789 1
788 799 1
788 909 1
789 790 1
789 800 1
789 910 1
790 791 1
790 801 1
790 911 1
791 792 1
791 802 1
791 912 1
792 803 1
792 913 1
793 794 1
793 803 1
793 804 1
793 914 1
794 795 1
794 805 1
794 915 1
795 796 1
795 806 1
795 916 1
796 797 1
796 807 1
796 917 1
797 798 1
797 808 1
797 918 1
798 799 1
798 809 1
798 919 1
799 800 1
799 810 1
799 920 1
800 801 1
800 811 1
800 921 1
801 802 1
801 812 1
801 922 1
802 803 1
802 813 1
802 923 1
803 814 1
803 924 1
804 805 1
804 814 1
804 815 1
804 925 1
805 806 1
805 816 1
805 926 1
806 807 1
806 817 1
806 927 1
807 808 1
807 818 1
807 928 1
808 809 1
808 819 1
808 929 1
809 810 1
809 820 1
809 930 1
810 811 1
810 821 1
810 931 1
811 812 1
811 822 1
811 932 1
812 813 1
812 823 1
812 933 1
813 814 1
813 824 1
813 934 1
814 825 1
814 935 1
815 816 1
815 825 1
815 826 1
815 936 1
816 817 1
816 827 1
816 937 1
817 818 1
817 828 1
817 938 1
818 819 1
818 829 1
818 939 1
819 820 1
819 830 1
819 940 1
820 821 1
820 831 1
820 941 1
821 822 1
821 832 1
821 942 1
822 823 1
822 833 1
822 943 1
823 824 1
823 834 1
823 944 1
824 825 1
824 835 1
824 945 1
825 836 1
825 946 1
826 827 1
826 836 1
826 837 1
826 947 1
827 828 1
827 838 1
827 948 1
828 829 1
828 839 1
828 949 1
829 830 1
829 840 1
829 950 1
830 831 1
830 841 1
830 951 1
831 832 1
831 842 1
831 952 1
832 833 1
832 843 1
832 953 1
833 834 1
833 844 1
833 954 1
834 835 1
834 845 1
834 955 1
835 836 1
835 846 1
835 956 1
836 847 1
836 957 1
837 838 1
837 847 1
837 958 1
838 839 1
838 959 1
839 840 1
839 960 1
840 841 1
840 961 1
841 842 1
841 962 1
842 843 1
842 963 1
843 844 1
843 964 1
844 845 1
844 965 1
845 846 1
845 966 1
846 847 1
846 967 1
847 968 1
848 849 1
848 858 1
848 859 1
848 958 1
848 969 1
849 850 1
849 860 1
849 959 1
849 970 1
850 851 1
850 861 1
850 960 1
850 971 1
851 852 1
851 862 1
851 961 1
851 972 1
852 853 1
852 863 1
852 962 1
852 973 1
853 854 1
853 864 1
853 963 1
853 974 1
854 855 1
854 865 1
854 964 1
854 975 1
855 856 1
855 866 1
855 965 1
855 976 1
856 857 1
856 867 1
856 966 1
856 977 1
857 858 1
857 868 1
857 967 1
857 978 1
858 869 1
858 968 1
858 979 1
859 860 1
859 869 1
859 870 1
859 980 1
860 861 1
860 871 1
860 981 1
861 862 1
861 872 1
861 982 1
862 863 1
862 873 1
862 983 1
863 864 1
863 874 1
863 984 1
864 865 1
864 875 1
864 985 1
865 866 1
865 876 1
865 986 1
866 867 1
866 877 1
866 987 1
867 868 1
867 878 1
867 988 1
868 869 1
868 879 1
868 989 1
869 880 1
869 990 1
870 871 1
870 880 1
870 881 1
870 991 1
871 872 1
871 882 1
871 992 1
872 873 1
872 883 1
872 993 1
873 874 1
873 884 1
873 994 1
874 875 1
874 885 1
874 995 1
875 876 1
875 886 1
875 996 1
876 877 1
876 887 1
876 997 1
877 878 1
877 888 1
877 998 1
878 879 1
878 889 1
878 999 1
879 880 1
879 890 1
879 1000 1
880 891 1
880 1001 1
881 882 1
881 891 1
881 892 1
881 1002 1
882 883 1
882 893 1
882 1003 1
883 884 1
883 894 1
883 1004 1
884 885 1
884 895 1
884 1005 1
885 886 1
885 896 1
885 1006 1
886 887 1
886 897 1
886 1007 1
887 888 1
887 898 1
887 1008 1
888 889 1
888 899 1
888 1009 1
889 890 1
889 900 1
889 1010 1
890 891 1
890 901 1
890 1011 1
891 902 1
891 1012 1
892 893 1
892 902 1
892 903 1
892 1013 1
893 894 1
893 904 1
893 1014 1
894 895 1
894 905 1
894 1015 1
895 896 1
895 906 1
895 1016 1
896 897 1
896 907 1
896 1017 1
897 898 1
897 908 1
897 1018 1
898 899 1
898 909 1
898 1019 1
899 900 1
899 910 1
899 1020 1
900 901 1
900 911 1
900 1021 1
901 902 1
901 912 1
901 1022 1
902 913 1
902 1023 1
903 904 1
903 913 1
903 914 1
903 1024 1
904 905 1
904 915 1
904 1025 1
905 906 1
905 916 1
905 1026 1
906 907 1
906 917 1
906 1027 1
907 908 1
907 918 1
907 1028 1
908 909 1
908 919 1
908 1029 1
909 910 1
909 920 1
909 1030 1
910 911 1
910 921 1
910 1031 1
911 912 1
911 922 1
911 1032 1
912 913 1
912 923 1
912 1033 1
913 924 1
913 1034 1
914 915 1
914 924 1
914 925 1
914 1035 1
915 916 1
915 926 1
915 1036 1
916 917 1
916 927 1
916 1037 1
917 918 1
917 928 1
917 1038 1
918 919 1
918 929 1
918 1039 1
919 920 1
919 930 1
919 1040 1
920 921 1
920 931 1
920 1041 1
921 922 1
921 932 1
921 1042 1
922 923 1
922 933 1
922 1043 1
923 924 1
923 934 1
923 1044 1
924 935 1
924 1045 1
925 926 1
925 935 1
925 936 1
925 1046 1
926 927 1
926 937 1
926 1047 1
927 928 1
927 938 1
927 1048 1
928 929 1
928 939 1
928 1049 1
929 930 1
929 940 1
929 1050 1
930 931 1
930 941 1
930 1051 1
931 932 1
931 942 1
931 1052 1
932 933 1
932 943 1
932 1053 1
933 934 1
933 944 1
933 1054 1
934 935 1
934 945 1
934 1055 1
935 946 1
935 1056 1
936 937 1
936 946 1
936 947 1
936 1057 1
937 938 1
937 948 1
937 1058 1
938 939 1
938 949 1
938 1059 1
939 940 1
939 950 1
939 1060 1
940 941 1
940 951 1
940 1061 1
941 942 1
941 952 1
941 1062 1
942 943 1
942 953 1
942 1063 1
943 944 1
943 954 1
943 1064 1
944 945 1
944 955 1
944 1065 1
945 946 1
945 956 1
945 1066 1
946 957 1
946 1067 1
947 948 1
947 957 1
947 958 1
947 1068 1
948 949 1
948 959 1
948 1069 1
949 950 1
949 960 1
949 1070 1
950 951 1
950 961 1
950 1071 1
951 952 1
951 962 1
951 1072 1
952 953 1
952 963 1
952 1073 1
953 954 1
953 964 1
953 1074 1
954 955 1
954 965 1
954 1075 1
955 956 1
955 966 1
955 1076 1
956 957 1
956 967 1
956 1077 1
957 968 1
957 1078 1
958 959 1
958 968 1
958 1079 1
959 960 1
959 1080 1
960 961 1
960 1081 1
961 962 1
961 1082 1
962 963 1
962 1083 1
963 964 1
963 1084 1
964 965 1
964 1085 1
965 966 1
965 1086 1
966 967 1
966 1087 1
967 968 1
967 1088 1
968 1089 1
969 970 1
969 979 1
969 980 1
969 1079 1
969 1090 1
970 971 1
970 981 1
970 1080 1
970 1091 1
971 972 1
971 982 1
971 1081 1
971 1092 1
972 973 1
972 983 1
972 1082 1
972 1093 1
973 974 1
973 984 1
973 1083 1
973 1094 1
974 975 1
974 985 1
974 1084 1
974 1095 1
975 976 1
975 986 1
975 1085 1
975 1096 1
976 977 1
976 987 1
976 1086 1
976 1097 1
977 978 1
977 988 1
977 1087 1
977 1098 1
978 979 1
978 989 1
978 1088 1
978 1099 1
979 990 1
979 1089 1
979 1100 1
980 981 1
980 990 1
980 991 1
980 1101 1
981 982 1
981 992 1
981 1102 1
982 983 1
982 993 1
982 1103 1
983 984 1
983 994 1
983 1104 1
984 985 1
984 995 1
984 1105 1
985 986 1
985 996 1
985 1106 1
986 987 1
986 997 1
986 1107 1
987 988 1
987 998 1
987 1108 1
988 989 1
988 999 1
988 1109 1
989 990 1
989 1000 1
989 1110 1
990 1001 1
990 1111 1
991 992 1
991 1001 1
991 1002 1
991 1112 1
992 993 1
992 1003 1
992 1113 1
993 994 1
993 1004 1
993 1114 1
994 995 1
994 1005 1
994 1115 1
995 996 1
995 1006 1
995 1116 1
996 997 1
996 1007 1
996 1117 1
997 998 1
997 1008 1
997 1118 1
998 999 1
998 1009 1
998 1119 1
999 1000 1
999 1010 1
999 1120 1
1000 1001 1
1000 1011 1
1000 1121 1
1001 1012 1
1001 1122 1
1002 1003 1
1002 1012 1
1002 1013 1
1002 1123 1
1003 1004 1
1003 1014 1
1003 1124 1
1004 1005 1
1004 1015 1
1004 1125 1
1005 1006 1
1005 1016 1
1005 1126 1
1006 1007 1
1006 1017 1
1006 1127 1
1007 1008 1
1007 1018 1
1007 1128 1
1008 1009 1
1008 1019 1
1008 1129 1
1009 1010 1
1009 1020 1
1009 1130 1
1010 1011 1
1010 1021 1
1010 1131 1
1011 1012 1
1011 1022 1
1011 1132 1
1012 1023 1
1012 1133 1
1013 1014 1
1013 1023 1
1013 1024 1
1013 1134 1
1014 1015 1
1014 1025 1
1014 1135 1
1015 1016 1
1015 1026 1
1015 1136 1
1016 1017 1
1016 1027 1
1016 1137 1
1017 1018 1
1017 1028 1
1017 1138 1
1018 1019 1
1018 1029 1
1018 1139 1
1019 1020 1
1019 1030 1
1019 1140 1
1020 1021 1
1020 1031 1
1020 1141 1
1021 1022 1
1021 1032 1
1021 1142 1
1022 1023 1
1022 1033 1
1022 1143 1
1023 1034 1
1023 1144 1
1024 1025 1
1024 1034 1
1024 1035 1
1024 1145 1
1025 1026 1
1025 1036 1
1025 1146 1
1026 1027 1
1026 1037 1
1026 1147 1
1027 1028 1
1027 1038 1
1027 1148 1
1028 1029 1
1028 1039 1
1028 1149 1
1029 1030 1
1029 1040 1
1029 1150 1
1030 1031 1
1030 1041 1
1030 1151 1
1031 1032 1
1031 1042 1
1031 1152 1
1032 1033 1
1032 1043 1
1032 1153 1
1033 1034 1
1033 1044 1
1033 1154 1
1034 1045 1
1034 1155 1
1035 1036 1
1035 1045 1
1035 1046 1
1035 1156 1
1036 1037 1
1036 1047 1
1036 1157 1
1037 1038 1
1037 1048 1
1037 1158 1
1038 1039 1
1038 1049 1
1038 1159 1
1039 1040 1
1039 1050 1
1039 1160 1
1040 1041 1
1040 1051 1
1040 1161 1
1041 1042 1
1041 1052 1
1041 1162 1
1042 1043 1
1042 1053 1
1042 1163 1
1043 1044 1
1043 1054 1
1043 1164 1
1044 1045 1
1044 1055 1
1044 1165 1
1045 1056 1
1045 1166 1
1046 1047 1
1046 1056 1
1046 1057 1
1046 1167 1
1047 1048 1
1047 1058 1
1047 1168 1
1048 1049 1
1048 1059 1
1048 1169 1
1049 1050 1
1049 1060 1
1049 1170 1
1050 1051 1
1050 1061 1
1050 1171 1
1051 1052 1
1051 1062 1
1051 1172 1
1052 1053 1
1052 1063 1
1052 1173 1
1053 1054 1
1053 1064 1
1053 1174 1
1054 1055 1
1054 1065 1
1054 1175 1
1055 1056 1
1055 1066 1
1055 1176 1
1056 1067 1
1056 1177 1
1057 1058 1
1057 1067 1
1057 1068 1
1057 1178 1
1058 1059 1
1058 1069 1
1058 1179 1
1059 1060 1
1059 1070 1
1059 1180 1
1060 1061 1
1060 1071 1
1060 1181 1
1061 1062 1
1061 1072 1
1061 1182 1
1062 1063 1
1062 1073 1
1062 1183 1
1063 1064 1
1063 1074 1
1063 1184 1
1064 1065 1
1064 1075 1
1064 1185 1
1065 1066 1
1065 1076 1
1065 1186 1
1066 1067 1
1066 1077 1
1066 1187 1
1067 1078 1
1067 1188 1
1068 1069 1
1068 1078 1
1068 1079 1
1068 1189 1
1069 1070 1
1069 1080 1
1069 1190 1
1070 1071 1
1070 1081 1
1070 1191 1
1071 1072 1
1071 1082 1
1071 1192 1
1072 1073 1
1072 1083 1
1072 1193 1
1073 1074 1
1073 1084 1
1073 1194 1
1074 1075 1
1074 1085 1
1074 1195 1
1075 1076 1
1075 1086 1
1075 1196 1
1076 1077 1
1076 1087 1
1076 1197 1
1077 1078 1
1077 1088 1
1077 1198 1
1078 1089 1
1078 1199 1
1079 1080 1
1079 1089 1
1079 1200 1
1080 1081 1
1080 1201 1
1081 1082 1
1081 1202 1
1082 1083 1
1082 1203 1
1083 1084 1
1083 1204 1
1084 1085 1
1084 1205 1
1085 1086 1
1085 1206 1
1086 1087 1
1086 1207 1
1087 1088 1
1087 1208 1
1088 1089 1
1088 1209 1
1089 1210 1
1090 1091 1
1090 1100 1
1090 1101 1
1090 1200 1
1090 1211 1
1091 1092 1
1091 1102 1
1091 1201 1
1091 1212 1
1092 1093 1
1092 1103 1
1092 1202 1
1092 1213 1
1093 1094 1
1093 1104 1
1093 1203 1
1093 1214 1
1094 1095 1
1094 1105 1
1094 1204 1
1094 1215 1
1095 1096 1
1095 1106 1
1095 1205 1
1095 1216 1
1096 1097 1
1096 1107 1
1096 1206 1
1096 1217 1
1097 1098 1
1097 1108 1
1097 1207 1
1097 1218 1
1098 1099 1
1098 1109 1
1098 1208 1
1098 1219 1
1099 1100 1
1099 1110 1
1099 1209 1
1099 1220 1
1100 1111 1
1100 1210 1
1100 1221 1
1101 1102 1
1101 1111 1
1101 1112 1
1101 1222 1
1102 1103 1
1102 1113 1
1102 1223 1
1103 1104 1
1103 1114 1
1103 1224 1
1104 1105 1
1104 1115 1
1104 1225 1
1105 1106 1
1105 1116 1
1105 1226 1
1106 1107 1
1106 1117 1
1106 1227 1
1107 1108 1
1107 1118 1
1107 1228 1
1108 1109 1
1108 1119 1
1108 1229 1
1109 1110 1
1109 1120 1
1109 1230 1
1110 1111 1
1110 1121 1
1110 1231 1
1111 1122 1
1111 1232 1
1112 1113 1
1112 1122 1
1112 1123 1
1112 1233 1
1113 1114 1
1113 1124 1
1113 1234 1
1114 1115 1
1114 1125 1
1114 1235 1
1115 1116 1
1115 1126 1
1115 1236 1
1116 1117 1
1116 1127 1
1116 1237 1
1117 1118 1
1117 1128 1
1117 1238 1
1118 1119 1
1118 1129 1
1118 1239 1
1119 1120 1
1119 1130 1
1119 1240 1
1120 1121 1
1120 1131 1
1120 1241 1
1121 1122 1
1121 1132 1
1121 1242 1
1122 1133 1
1122 1243 1
1123 1124 1
1123 1133 1
1123 1134 1
1123 1244 1
1124 1125 1
1124 1135 1
1124 1245 1
1125 1126 1
1125 1136 1
1125 1246 1
1126 1127 1
1126 1137 1
1126 1247 1
1127 1128 1
1127 1138 1
1127 1248 1
1128 1129 1
1128 1139 1
1128 1249 1
1129 1130 1
1129 1140 1
1129 1250 1
1130 1131 1
1130 1141 1
1130 1251 1
1131 1132 1
1131 1142 1
1131 1252 1
1132 1133 1
1132 1143 1
1132 1253 1
1133 1144 1
1133 1254 1
1134 1135 1
1134 1144 1
1134 1145 1
1134 1255 1
1135 1136 1
1135 1146 1
1135 1256 1
1136 1137 1
1136 1147 1
1136 1257 1
1137 1138 1
1137 1148 1
1137 1258 1
1138 1139 1
1138 1149 1
1138 1259 1
1139 1140 1
1139 1150 1
1139 1260 1
1140 1141 1
1140 1151 1
1140 1261 1
1141 1142 1
1141 1152 1
1141 1262 1
1142 1143 1
1142 1153 1
1142 1263 1
1143 1144 1
1143 1154 1
1143 1264 1
1144 1155 1
1144 1265 1
1145 1146 1
1145 1155 1
1145 1156 1
1145 1266 1
1146 1147 1
1146 1157 1
1146 1267 1
1147 1148 1
1147 1158 1
1147 1268 1
1148 1149 1
1148 1159 1
1148 1269 1
1149 1150 1
1149 1160 1
1149 1270 1
1150 1151 1
1150 1161 1
1150 1271 1
1151 1152 1
1151 1162 1
1151 1272 1
1152 1153 1
1152 1163 1
1152 1273 1
1153 1154 1
1153 1164 1
1153 1274 1
1154 1155 1
1154 1165 1
1154 1275 1
1155 1166 1
1155 1276 1
1156 1157 1
1156 1166 1
1156 1167 1
1156 1277 1
1157 1158 1
1157 1168 1
1157 1278 1
1158 1159 1
1158 1169 1
1158 1279 1
1159 1160 1
1159 1170 1
1159 1280 1
1160 1161 1
1160 1171 1
1160 1281 1
1161 1162 1
1161 1172 1
1161 1282 1
1162 1163 1
1162 1173 1
1162 1283 1
1163 1164 1
1163 1174 1
1163 1284 1
1164 1165 1
1164 1175 1
1164 1285 1
1165 1166 1
1165 1176 1
1165 1286 1
1166 1177 1
1166 1287 1
1167 1168 1
1167 1177 1
1167 1178 1
1167 1288 1
1168 1169 1
1168 1179 1
1168 1289 1
1169 1170 1
1169 1180 1
1169 1290 1
1170 1171 1
1170 1181 1
1170 1291 1
1171 1172 1
1171 1182 1
1171 1292 1
1172 1173 1
1172 1183 1
1172 1293 1
1173 1174 1
1173 1184 1
1173 1294 1
1174 1175 1
1174 1185 1
1174 1295 1
1175 1176 1
1175 1186 1
1175 1296 1
1176 1177 1
1176 1187 1
1176 1297 1
1177 1188 1
1177 1298 1
1178 1179 1
1178 1188 1
1178 1189 1
1178 1299 1
1179 1180 1
1179 1190 1
1179 1300 1
1180 1181 1
1180 1191 1
1180 1301 1
1181 1182 1
1181 1192 1
1181 1302 1
1182 1183 1
1182 1193 1
1182 1303 1
1183 1184 1
1183 1194 1
1183 1304 1
1184 1185 1
1184 1195 1
1184 1305 1
1185 1186 1
1185 1196 1
1185 1306 1
1186 1187 1
1186 1197 1
1186 1307 1
1187 1188 1
1187 1198 1
1187 1308 1
1188 1199 1
1188 1309 1
1189 1190 1
1189 1199 1
1189 1200 1
1189 1310 1
1190 1191 1
1190 1201 1
1190 1311 1
1191 1192 1
1191 1202 1
1191 1312 1
1192 1193 1
1192 1203 1
1192 1313 1
1193 1194 1
1193 1204 1
1193 1314 1
1194 1195 1
1194 1205 1
1194 1315 1
1195 1196 1
1195 1206 1
1195 1316 1
1196 1197 1
1196 1207 1
1196 1317 1
1197 1198 1
1197 1208 1
1197 1318 1
1198 1199 1
1198 1209 1
1198 1319 1
1199 1210 1
1199 1320 1
1200 1201 1
1200 1210 1
1200 1321 1
1201 1202 1
1201 1322 1
1202 1203 1
1202 1323 1
1203 1204 1
1203 1324 1
1204 1205 1
1204 1325 1
1205 1206 1
1205 1326 1
1206 1207 1
1206 1327 1
1207 1208 1
1207 1328 1
1208 1209 1
1208 1329 1
1209 1210 1
1209 1330 1
1210 1331 1
1211 1212 1
1211 1221 1
1211 1222 1
1211 1321 1
1212 1213 1
1212 1223 1
1212 1322 1
1213 1214 1
1213 1224 1
1213 1323 1
1214 1215 1
1214 1225 1
1214 1324 1
1215 1216 1
1215 1226 1
1215 1325 1
1216 1217 1
1216 1227 1
1216 1326 1
1217 1218 1
1217 1228 1
1217 1327 1
1218 1219 1
1218 1229 1
1218 1328 1
1219 1220 1
1219 1230 1
1219 1329 1
1220 1221 1
1220 1231 1
1220 1330 1
1221 1232 1
1221 1331 1
1222 1223 1
1222 1232 1
1222 1233 1
1223 1224 1
1223 1234 1
1224 1225 1
1224 1235 1
1225 1226 1
1225 1236 1
1226 1227 1
1226 1237 1
1227 1228 1
1227 1238 1
1228 1229 1
1228 1239 1
1229 1230 1
1229 1240 1
1230 1231 1
1230 1241 1
1231 1232 1
1231 1242 1
1232 1243 1
1233 1234 1
1233 1243 1
1233 1244 1
1234 1235 1
1234 1245 1
1235 1236 1
1235 1246 1
1236 1237 1
1236 1247 1
1237 1238 1
1237 1248 1
1238 1239 1
1238 1249 1
1239 1240 1
1239 1250 1
1240 1241 1
1240 1251 1
1241 1242 1
1241 1252 1
1242 1243 1
1242 1253 1
1243 1254 1
1244 1245 1
1244 1254 1
1244 1255 1
1245 1246 1
1245 1256 1
1246 1247 1
1246 1257 1
1247 1248 1
1247 1258 1
1248 1249 1
1248 1259 1
1249 1250 1
1249 1260 1
1250 1251 1
1250 1261 1
1251 1252 1
1251 1262 1
1252 1253 1
1252 1263 1
1253 1254 1
1253 1264 1
1254 1265 1
1255 1256 1
1255 1265 1
1255 1266 1
1256 1257 1
1256 1267 1
1257 1258 1
1257 1268 1
1258 1259 1
1258 1269 1
1259 1260 1
1259 1270 1
1260 1261 1
1260 1271 1
1261 1262 1
1261 1272 1
1262 1263 1
1262 1273 1
1263 1264 1
1263 1274 1
1264 1265 1
1264 1275 1
1265 1276 1
1266 1267 1
1266 1276 1
1266 1277 1
1267 1268 1
1267 1278 1
1268 1269 1
1268 1279 1
1269 1270 1
1269 1280 1
1270 1271 1
1270 1281 1
1271 1272 1
1271 1282 1
1272 1273 1
1272 1283 1
1273 1274 1
1273 1284 1
1274 1275 1
1274 1285 1
1275 1276 1
1275 1286 1
1276 1287 1
1277 1278 1
1277 1287 1
1277 1288 1
1278 1279 1
1278 1289 1
1279 1280 1
1279 1290 1
1280 1281 1
1280 1291 1
1281 1282 1
1281 1292 1
1282 1283 1
1282 1293 1
1283 1284 1
1283 1294 1
1284 1285 1
1284 1295 1
1285 1286 1
1285 1296 1
1286 1287 1
1286 1297 1
1287 1298 1
1288 1289 1
1288 1298 1
1288 1299 1
1289 1290 1
1289 1300 1
1290 1291 1
1290 1301 1
1291 1292 1
1291 1302 1
1292 1293 1
1292 1303 1
1293 1294 1
1293 1304 1
1294 1295 1
1294 1305 1
1295 1296 1
1295 1306 1
1296 1297 1
1296 1307 1
1297 1298 1
1297 1308 1
1298 1309 1
1299 1300 1
1299 1309 1
1299 1310 1
1300 1301 1
1300 1311 1
1301 1302 1
1301 1312 1
1302 1303 1
1302 1313 1
1303 1304 1
1303 1314 1
1304 1305 1
1304 1315 1
1305 1306 1
1305 1316 1
1306 1307 1
1306 1317 1
1307 1308 1
1307 1318 1
1308 1309 1
1308 1319 1
1309 1320 1
1310 1311 1
1310 1320 1
1310 1321 1
1311 1312 1
1311 1322 1
1312 1313 1
1312 1323 1
1313 1314 1
1313 1324 1
1314 1315 1
1314 1325 1
1315 1316 1
1315 1326 1
1316 1317 1
1316 1327 1
1317 1318 1
1317 1328 1
1318 1319 1
1318 1329 1
1319 1320 1
1319 1330 1
1320 1331 1
1321 1322 1
1321 1331 1
1322 1323 1
1323 1324 1
1324 1325 1
1325 1326 1
1326 1327 1
1327 1328 1
1328 1329 1
1329 1330 1
1330 1331 1
