729 2187
1 2 1
1 9 1
1 10 1
1 73 1
1 82 1
1 649 1
2 3 1
2 11 1
2 74 1
2 83 1
2 650 1
3 4 1
3 12 1
3 75 1
3 84 1
3 651 1
4 5 1
4 13 1
4 76 1
4 85 1
4 652 1
5 6 1
5 14 1
5 77 1
5 86 1
5 653 1
6 7 1
6 15 1
6 78 1
6 87 1
6 654 1
7 8 1
7 16 1
7 79 1
7 88 1
7 655 1
8 9 1
8 17 1
8 80 1
8 89 1
8 656 1
9 18 1
9 81 1
9 90 1
9 657 1
10 11 1
10 18 1
10 19 1
10 91 1
10 658 1
11 12 1
11 20 1
11 92 1
11 659 1
12 13 1
12 21 1
12 93 1
12 660 1
13 14 1
13 22 1
13 94 1
13 661 1
14 15 1
14 23 1
14 95 1
14 662 1
15 16 1
15 24 1
15 96 1
15 663 1
16 17 1
16 25 1
16 97 1
16 664 1
17 18 1
17 26 1
17 98 1
17 665 1
18 27 1
18 99 1
18 666 1
19 20 1
19 27 1
19 28 1
19 100 1
19 667 1
20 21 1
20 29 1
20 101 1
20 668 1
21 22 1
21 30 1
21 102 1
21 669 1
22 23 1
22 31 1
22 103 1
22 670 1
23 24 1
23 32 1
23 104 1
23 671 1
24 25 1
24 33 1
24 105 1
24 672 1
25 26 1
25 34 1
25 106 1
25 673 1
26 27 1
26 35 1
26 107 1
26 674 1
27 36 1
27 108 1
27 675 1
28 29 1
28 36 1
28 37 1
28 109 1
28 676 1
29 30 1
29 38 1
29 110 1
29 677 1
30 31 1
30 39 1
30 111 1
30 678 1
31 32 1
31 40 1
31 112 1
31 679 1
32 33 1
32 41 1
32 113 1
32 680 1
33 34 1
33 42 1
33 114 1
33 681 1
34 35 1
34 43 1
34 115 1
34 682 1
35 36 1
35 44 1
35 116 1
35 683 1
36 45 1
36 117 1
36 684 1
37 38 1
37 45 1
37 46 1
37 118 1
37 685 1
38 39 1
38 47 1
38 119 1
38 686 1
39 40 1
39 48 1
39 120 1
39 687 1
40 41 1
40 49 1
40 121 1
40 688 1
41 42 1
41 50 1
41 122 1
41 689 1
42 43 1
42 51 1
42 123 1
42 690 1
43 44 1
43 52 1
43 124 1
43 691 1
44 45 1
44 53 1
44 125 1
44 692 1
45 54 1
45 126 1
45 693 1
46 47 1
46 54 1
46 55 1
46 127 1
46 694 1
47 48 1
47 56 1
47 128 1
47 695 1
48 49 1
48 57 1
48 129 1
48 696 1
49 50 1
49 58 1
49 130 1
49 697 1
50 51 1
50 59 1
50 131 1
50 698 1
51 52 1
51 60 1
51 132 1
51 699 1
52 53 1
52 61 1
52 133 1
52 700 1
53 54 1
53 62 1
53 134 1
53 701 1
54 63 1
54 135 1
54 702 1
55 56 1
55 63 1
55 64 1
55 136 1
55 703 1
56 57 1
56 65 1
56 137 1
56 704 1
57 58 1
57 66 1
57 138 1
57 705 1
58 59 1
58 67 1
58 139 1
58 706 1
59 60 1
59 68 1
59 140 1
59 707 1
60 61 1
60 69 1
60 141 1
60 708 1
61 62 1
61 70 1
61 142 1
61 709 1
62 63 1
62 71 1
62 143 1
62 710 1
63 72 1
63 144 1
63 711 1
64 65 1
64 72 1
64 73 1
64 145 1
64 712 1
65 66 1
65 74 1
65 146 1
65 713 1
66 67 1
66 75 1
66 147 1
66 714 1
67 68 1
67 76 1
67 148 1
67 715 1
68 69 1
68 77 1
68 149 1
68 716 1
69 70 1
69 78 1
69 150 1
69 717 1
70 71 1
70 79 1
70 151 1
70 718 1
71 72 1
71 80 1
71 152 1
71 719 1
72 81 1
72 153 1
72 720 1
73 74 1
73 81 1
73 154 1
73 721 1
74 75 1
74 155 1
74 722 1
75 76 1
75 156 1
75 723 1
76 77 1
76 157 1
76 724 1
77 78 1
77 158 1
77 725 1
78 79 1
78 159 1
78 726 1
79 80 1
79 160 1
79 727 1
80 81 1
80 161 1
80 728 1
81 162 1
81 729 1
82 83 1
82 90 1
82 91 1
82 154 1
82 163 1
83 84 1
83 92 1
83 155 1
83 164 1
84 85 1
84 93 1
84 156 1
84 165 1
85 86 1
85 94 1
85 157 1
85 166 1
86 87 1
86 95 1
86 158 1
86 167 1
87 88 1
87 96 1
87 159 1
87 168 1
88 89 1
88 97 1
88 160 1
88 169 1
89 90 1
89 98 1
89 161 1
89 170 1
90 99 1
90 162 1
90 171 1
91 92 1
91 99 1
91 100 1
91 172 1
92 93 1
92 101 1
92 173 1
93 94 1
93 102 1
93 174 1
94 95 1
94 103 1
94 175 1
95 96 1
95 104 1
95 176 1
96 97 1
96 105 1
96 177 1
97 98 1
97 106 1
97 178 1
98 99 1
98 107 1
98 179 1
99 108 1
99 180 1
100 101 1
100 108 1
100 109 1
100 181 1
101 102 1
101 110 1
101 182 1
102 103 1
102 111 1
102 183 1
103 104 1
103 112 1
103 184 1
104 105 1
104 113 1
104 185 1
105 106 1
105 114 1
105 186 1
106 107 1
106 115 1
106 187 1
107 108 1
107 116 1
107 188 1
108 117 1
108 189 1
109 110 1
109 117 1
109 118 1
109 190 1
110 111 1
110 119 1
110 191 1
111 112 1
111 120 1
111 192 1
112 113 1
112 121 1
112 193 1
113 114 1
113 122 1
113 194 1
114 115 1
114 123 1
114 195 1
115 116 1
115 124 1
115 196 1
116 117 1
116 125 1
116 197 1
117 126 1
117 198 1
118 119 1
118 126 1
118 127 1
118 199 1
119 120 1
119 128 1
119 200 1
120 121 1
120 129 1
120 201 1
121 122 1
121 130 1
121 202 1
122 123 1
122 131 1
122 203 1
123 124 1
123 132 1
123 204 1
124 125 1
124 133 1
124 205 1
125 126 1
125 134 1
125 206 1
126 135 1
126 207 1
127 128 1
127 135 1
127 136 1
127 208 1
128 129 1
128 137 1
128 209 1
129 130 1
129 138 1
129 210 1
130 131 1
130 139 1
130 211 1
131 132 1
131 140 1
131 212 1
132 133 1
132 141 1
132 213 1
133 134 1
133 142 1
133 214 1
134 135 1
134 143 1
134 215 1
135 144 1
135 216 1
136 137 1
136 144 1
136 145 1
136 217 1
137 138 1
137 146 1
137 218 1
138 139 1
138 147 1
138 219 1
139 140 1
139 148 1
139 220 1
140 141 1
140 149 1
140 221 1
141 142 1
141 150 1
141 222 1
142 143 1
142 151 1
142 223 1
143 144 1
143 152 1
143 224 1
144 153 1
144 225 1
145 146 1
145 153 1
145 154 1
145 226 1
146 147 1
146 155 1
146 227 1
147 148 1
147 156 1
147 228 1
148 149 1
148 157 1
148 229 1
149 150 1
149 158 1
149 230 1
150 151 1
150 159 1
150 231 1
151 152 1
151 160 1
151 232 1
152 153 1
152 161 1
152 233 1
153 162 1
153 234 1
154 155 1
154 162 1
154 235 1
155 156 1
155 236 1
156 157 1
156 237 1
157 158 1
157 238 1
158 159 1
158 239 1
159 160 1
159 240 1
160 161 1
160 241 1
161 162 1
161 242 1
162 243 1
163 164 1
163 171 1
163 172 1
163 235 1
163 244 1
164 165 1
164 173 1
164 236 1
164 245 1
165 166 1
165 174 1
165 237 1
165 246 1
166 167 1
166 175 1
166 238 1
166 247 1
167 168 1
167 176 1
167 239 1
167 248 1
168 169 1
168 177 1
168 240 1
168 249 1
169 170 1
169 178 1
169 241 1
169 250 1
170 171 1
170 179 1
170 242 1
170 251 1
171 180 1
171 243 1
171 252 1
172 173 1
172 180 1
172 181 1
172 253 1
173 174 1
173 182 1
173 254 1
174 175 1
174 183 1
174 255 1
175 176 1
175 184 1
175 256 1
176 177 1
176 185 1
176 257 1
177 178 1
177 186 1
177 258 1
178 179 1
178 187 1
178 259 1
179 180 1
179 188 1
179 260 1
180 189 1
180 261 1
181 182 1
181 189 1
181 190 1
181 262 1
182 183 1
182 191 1
182 263 1
183 184 1
183 192 1
183 264 1
184 185 1
184 193 1
184 265 1
185 186 1
185 194 1
185 266 1
186 187 1
186 195 1
186 267 1
187 188 1
187 196 1
187 268 1
188 189 1
188 197 1
188 269 1
189 198 1
189 270 1
190 191 1
190 198 1
190 199 1
190 271 1
191 192 1
191 200 1
191 272 1
192 193 1
192 201 1
192 273 1
193 194 1
193 202 1
193 274 1
194 195 1
194 203 1
194 275 1
195 196 1
195 204 1
195 276 1
196 197 1
196 205 1
196 277 1
197 198 1
197 206 1
197 278 1
198 207 1
198 279 1
199 200 1
199 207 1
199 208 1
199 280 1
200 201 1
200 209 1
200 281 1
201 202 1
201 210 1
201 282 1
202 203 1
202 211 1
202 283 1
203 204 1
203 212 1
203 284 1
204 205 1
204 213 1
204 285 1
205 206 1
205 214 1
205 286 1
206 207 1
206 215 1
206 287 1
207 216 1
207 288 1
208 209 1
208 216 1
208 217 1
208 289 1
209 210 1
209 218 1
209 290 1
210 211 1
210 219 1
210 291 1
211 212 1
211 220 1
211 292 1
212 213 1
212 221 1
212 293 1
213 214 1
213 222 1
213 294 1
214 215 1
214 223 1
214 295 1
215 216 1
215 224 1
215 296 1
216 225 1
216 297 1
217 218 1
217 225 1
217 226 1
217 298 1
218 219 1
218 227 1
218 299 1
219 220 1
219 228 1
219 300 1
220 221 1
220 229 1
220 301 1
221 222 1
221 230 1
221 302 1
222 223 1
222 231 1
222 303 1
223 224 1
223 232 1
223 304 1
224 225 1
224 233 1
224 305 1
225 234 1
225 306 1
226 227 1
226 234 1
226 235 1
226 307 1
227 228 1
227 236 1
227 308 1
228 229 1
228 237 1
228 309 1
229 230 1
229 238 1
229 310 1
230 231 1
230 239 1
230 311 1
231 232 1
231 240 1
231 312 1
232 233 1
232 241 1
232 313 1
233 234 1
233 242 1
233 314 1
234 243 1
234 315 1
235 236 1
235 243 1
235 316 1
236 237 1
236 317 1
237 238 1
237 318 1
238 239 1
238 319 1
239 240 1
239 320 1
240 241 1
240 321 1
241 242 1
241 322 1
242 243 1
242 323 1
243 324 1
244 245 1
244 252 1
244 253 1
244 316 1
244 325 1
245 246 1
245 254 1
245 317 1
245 326 1
246 247 1
246 255 1
246 318 1
246 327 1
247 248 1
247 256 1
247 319 1
247 328 1
248 249 1
248 257 1
248 320 1
248 329 1
249 250 1
249 258 1
249 321 1
249 330 1
250 251 1
250 259 1
250 322 1
250 331 1
251 252 1
251 260 1
251 323 1
251 332 1
252 261 1
252 324 1
252 333 1
253 254 1
253 261 1
253 262 1
253 334 1
254 255 1
254 263 1
254 335 1
255 256 1
255 264 1
255 336 1
256 257 1
256 265 1
256 337 1
257 258 1
257 266 1
257 338 1
258 259 1
258 267 1
258 339 1
259 260 1
259 268 1
259 340 1
260 261 1
260 269 1
260 341 1
261 270 1
261 342 1
262 263 1
262 270 1
262 271 1
262 343 1
263 264 1
263 272 1
263 344 1
264 265 1
264 273 1
264 345 1
265 266 1
265 274 1
265 346 1
266 267 1
266 275 1
266 347 1
267 268 1
267 276 1
267 348 1
268 269 1
268 277 1
268 349 1
269 270 1
269 278 1
269 350 1
270 279 1
270 351 1
271 272 1
271 279 1
271 280 1
271 352 1
272 273 1
272 281 1
272 353 1
273 274 1
273 282 1
273 354 1
274 275 1
274 283 1
274 355 1
275 276 1
275 284 1
275 356 1
276 277 1
276 285 1
276 357 1
277 278 1
277 286 1
277 358 1
278 279 1
278 287 1
278 359 1
279 288 1
279 360 1
280 281 1
280 288 1
280 289 1
280 361 1
281 282 1
281 290 1
281 362 1
282 283 1
282 291 1
282 363 1
283 284 1
283 292 1
283 364 1
284 285 1
284 293 1
284 365 1
285 286 1
285 294 1
285 366 1
286 287 1
286 295 1
286 367 1
287 288 1
287 296 1
287 368 1
288 297 1
288 369 1
289 290 1
289 297 1
289 298 1
289 370 1
290 291 1
290 299 1
290 371 1
291 292 1
291 300 1
291 372 1
292 293 1
292 301 1
292 373 1
293 294 1
293 302 1
293 374 1
294 295 1
294 303 1
294 375 1
295 296 1
295 304 1
295 376 1
296 297 1
296 305 1
296 377 1
297 306 1
297 378 1
298 299 1
298 306 1
298 307 1
298 379 1
299 300 1
299 308 1
299 380 1
300 301 1
300 309 1
300 381 1
301 302 1
301 310 1
301 382 1
302 303 1
302 311 1
302 383 1
303 304 1
303 312 1
303 384 1
304 305 1
304 313 1
304 385 1
305 306 1
305 314 1
305 386 1
306 315 1
306 387 1
307 308 1
307 315 1
307 316 1
307 388 1
308 309 1
308 317 1
308 389 1
309 310 1
309 318 1
309 390 1
310 311 1
310 319 1
310 391 1
311 312 1
311 320 1
311 392 1
312 313 1
312 321 1
312 393 1
313 314 1
313 322 1
313 394 1
314 315 1
314 323 1
314 395 1
315 324 1
315 396 1
316 317 1
316 324 1
316 397 1
317 318 1
317 398 1
318 319 1
318 399 1
319 320 1
319 400 1
320 321 1
320 401 1
321 322 1
321 402 1
322 323 1
322 403 1
323 324 1
323 404 1
324 405 1
325 326 1
325 333 1
325 334 1
325 397 1
325 406 1
326 327 1
326 335 1
326 398 1
326 407 1
327 328 1
327 336 1
327 399 1
327 408 1
328 329 1
328 337 1
328 400 1
328 409 1
329 330 1
329 338 1
329 401 1
329 410 1
330 331 1
330 339 1
330 402 1
330 411 1
331 332 1
331 340 1
331 403 1
331 412 1
332 333 1
332 341 1
332 404 1
332 413 1
333 342 1
333 405 1
333 414 1
334 335 1
334 342 1
334 343 1
334 415 1
335 336 1
335 344 1
335 416 1
336 337 1
336 345 1
336 417 1
337 338 1
337 346 1
337 418 1
338 339 1
338 347 1
338 419 1
339 340 1
339 348 1
339 420 1
340 341 1
340 349 1
340 421 1
341 342 1
341 350 1
341 422 1
342 351 1
342 423 1
343 344 1
343 351 1
343 352 1
343 424 1
344 345 1
344 353 1
344 425 1
345 346 1
345 354 1
345 426 1
346 347 1
346 355 1
346 427 1
347 348 1
347 356 1
347 428 1
348 349 1
348 357 1
348 429 1
349 350 1
349 358 1
349 430 1
350 351 1
350 359 1
350 431 1
351 360 1
351 432 1
352 353 1
352 360 1
352 361 1
352 433 1
353 354 1
353 362 1
353 434 1
354 355 1
354 363 1
354 435 1
355 356 1
355 364 1
355 436 1
356 357 1
356 365 1
356 437 1
357 358 1
357 366 1
357 438 1
358 359 1
358 367 1
358 439 1
359 360 1
359 368 1
359 440 1
360 369 1
360 441 1
361 362 1
361 369 1
361 370 1
361 442 1
362 363 1
362 371 1
362 443 1
363 364 1
363 372 1
363 444 1
364 365 1
364 373 1
364 445 1
365 366 1
365 374 1
365 446 1
366 367 1
366 375 1
366 447 1
367 368 1
367 376 1
367 448 1
368 369 1
368 377 1
368 449 1
369 378 1
369 450 1
370 371 1
370 378 1
370 379 1
370 451 1
371 372 1
371 380 1
371 452 1
372 373 1
372 381 1
372 453 1
373 374 1
373 382 1
373 454 1
374 375 1
374 383 1
374 455 1
375 376 1
375 384 1
375 456 1
376 377 1
376 385 1
376 457 1
377 378 1
377 386 1
377 458 1
378 387 1
378 459 1
379 380 1
379 387 1
379 388 1
379 460 1
380 381 1
380 389 1
380 461 1
381 382 1
381 390 1
381 462 1
382 383 1
382 391 1
382 463 1
383 384 1
383 392 1
383 464 1
384 385 1
384 393 1
384 465 1
385 386 1
385 394 1
385 466 1
386 387 1
386 395 1
386 467 1
387 396 1
387 468 1
388 389 1
388 396 1
388 397 1
388 469 1
389 390 1
389 398 1
389 470 1
390 391 1
390 399 1
390 471 1
391 392 1
391 400 1
391 472 1
392 393 1
392 401 1
392 473 1
393 394 1
393 402 1
393 474 1
394 395 1
394 403 1
394 475 1
395 396 1
395 404 1
395 476 1
396 405 1
396 477 1
397 398 1
397 405 1
397 478 1
398 399 1
398 479 1
399 400 1
399 480 1
400 401 1
400 481 1
401 402 1
401 482 1
402 403 1
402 483 1
403 404 1
403 484 1
404 405 1
404 485 1
405 486 1
406 407 1
406 414 1
406 415 1
406 478 1
406 487 1
407 408 1
407 416 1
407 479 1
407 488 1
408 409 1
408 417 1
408 480 1
408 489 1
409 410 1
409 418 1
409 481 1
409 490 1
410 411 1
410 419 1
410 482 1
410 491 1
411 412 1
411 420 1
411 483 1
411 492 1
412 413 1
412 421 1
412 484 1
412 493 1
413 414 1
413 422 1
413 485 1
413 494 1
414 423 1
414 486 1
414 495 1
415 416 1
415 423 1
415 424 1
415 496 1
416 417 1
416 425 1
416 497 1
417 418 1
417 426 1
417 498 1
418 419 1
418 427 1
418 499 1
419 420 1
419 428 1
419 500 1
420 421 1
420 429 1
420 501 1
421 422 1
421 430 1
421 502 1
422 423 1
422 431 1
422 503 1
423 432 1
423 504 1
424 425 1
424 432 1
424 433 1
424 505 1
425 426 1
425 434 1
425 506 1
426 427 1
426 435 1
426 507 1
427 428 1
427 436 1
427 508 1
428 429 1
428 437 1
428 509 1
429 430 1
429 438 1
429 510 1
430 431 1
430 439 1
430 511 1
431 432 1
431 440 1
431 512 1
432 441 1
432 513 1
433 434 1
433 441 1
433 442 1
433 514 1
434 435 1
434 443 1
434 515 1
435 436 1
435 444 1
435 516 1
436 437 1
436 445 1
436 517 1
437 438 1
437 446 1
437 518 1
438 439 1
438 447 1
438 519 1
439 440 1
439 448 1
439 520 1
440 441 1
440 449 1
440 521 1
441 450 1
441 522 1
442 443 1
442 450 1
442 451 1
442 523 1
443 444 1
443 452 1
443 524 1
444 445 1
444 453 1
444 525 1
445 446 1
445 454 1
445 526 1
446 447 1
446 455 1
446 527 1
447 448 1
447 456 1
447 528 1
448 449 1
448 457 1
448 529 1
449 450 1
449 458 1
449 530 1
450 459 1
450 531 1
451 452 1
451 459 1
451 460 1
451 532 1
452 453 1
452 461 1
452 533 1
453 454 1
453 462 1
453 534 1
454 455 1
454 463 1
454 535 1
455 456 1
455 464 1
455 536 1
456 457 1
456 465 1
456 537 1
457 458 1
457 466 1
457 538 1
458 459 1
458 467 1
458 539 1
459 468 1
459 540 1
460 461 1
460 468 1
460 469 1
460 541 1
461 462 1
461 470 1
461 542 1
462 463 1
462 471 1
462 543 1
463 464 1
463 472 1
463 544 1
464 465 1
464 473 1
464 545 1
465 466 1
465 474 1
465 546 1
466 467 1
466 475 1
466 547 1
467 468 1
467 476 1
467 548 1
468 477 1
468 549 1
469 470 1
469 477 1
469 478 1
469 550 1
470 471 1
470 479 1
470 551 1
471 472 1
471 480 1
471 552 1
472 473 1
472 481 1
472 553 1
473 474 1
473 482 1
473 554 1
474 475 1
474 483 1
474 555 1
475 476 1
475 484 1
475 556 1
476 477 1
476 485 1
476 557 1
477 486 1
477 558 1
478 479 1
478 486 1
478 559 1
479 480 1
479 560 1
480 481 1
480 561 1
481 482 1
481 562 1
482 483 1
482 563 1
483 484 1
483 564 1
484 485 1
484 565 1
485 486 1
485 566 1
486 567 1
487 488 1
487 495 1
487 496 1
487 559 1
487 568 1
488 489 1
488 497 1
488 560 1
488 569 1
489 490 1
489 498 1
489 561 1
489 570 1
490 491 1
490 499 1
490 562 1
490 571 1
491 492 1
491 500 1
491 563 1
491 572 1
492 493 1
492 501 1
492 564 1
492 573 1
493 494 1
493 502 1
493 565 1
493 574 1
494 495 1
494 503 1
494 566 1
494 575 1
495 504 1
495 567 1
495 576 1
496 497 1
496 504 1
496 505 1
496 577 1
497 498 1
497 506 1
497 578 1
498 499 1
498 507 1
498 579 1
499 500 1
499 508 1
499 580 1
500 501 1
500 509 1
500 581 1
501 502 1
501 510 1
501 582 1
502 503 1
502 511 1
502 583 1
503 504 1
503 512 1
503 584 1
504 513 1
504 585 1
505 506 1
505 513 1
505 514 1
505 586 1
506 507 1
506 515 1
506 587 1
507 508 1
507 516 1
507 588 1
508 509 1
508 517 1
508 589 1
509 510 1
509 518 1
509 590 1
510 511 1
510 519 1
510 591 1
511 512 1
511 520 1
511 592 1
512 513 1
512 521 1
512 593 1
513 522 1
513 594 1
514 515 1
514 522 1
514 523 1
514 595 1
515 516 1
515 524 1
515 596 1
516 517 1
516 525 1
516 597 1
517 518 1
517 526 1
517 598 1
518 519 1
518 527 1
518 599 1
519 520 1
519 528 1
519 600 1
520 521 1
520 529 1
520 601 1
521 522 1
521 530 1
521 602 1
522 531 1
522 603 1
523 524 1
523 531 1
523 532 1
523 604 1
524 525 1
524 533 1
524 605 1
525 526 1
525 534 1
525 606 1
526 527 1
526 535 1
526 607 1
527 528 1
527 536 1
527 608 1
528 529 1
528 537 1
528 609 1
529 530 1
529 538 1
529 610 1
530 531 1
530 539 1
530 611 1
531 540 1
531 612 1
532 533 1
532 540 1
532 541 1
532 613 1
533 534 1
533 542 1
533 614 1
534 535 1
534 543 1
534 615 1
535 536 1
535 544 1
535 616 1
536 537 1
536 545 1
536 617 1
537 538 1
537 546 1
537 618 1
538 539 1
538 547 1
538 619 1
539 540 1
539 548 1
539 620 1
540 549 1
540 621 1
541 542 1
541 549 1
541 550 1
541 622 1
542 543 1
542 551 1
542 623 1
543 544 1
543 552 1
543 624 1
544 545 1
544 553 1
544 625 1
545 546 1
545 554 1
545 626 1
546 547 1
546 555 1
546 627 1
547 548 1
547 556 1
547 628 1
548 549 1
548 557 1
548 629 1
549 558 1
549 630 1
550 551 1
550 558 1
550 559 1
550 631 1
551 552 1
551 560 1
551 632 1
552 553 1
552 561 1
552 633 1
553 554 1
553 562 1
553 634 1
554 555 1
554 563 1
554 635 1
555 556 1
555 564 1
555 636 1
556 557 1
556 565 1
556 637 1
557 558 1
557 566 1
557 638 1
558 567 1
558 639 1
559 560 1
559 567 1
559 640 1
560 561 1
560 641 1
561 562 1
561 642 1
562 563 1
562 643 1
563 564 1
563 644 1
564 565 1
564 645 1
565 566 1
565 646 1
566 567 1
566 647 1
567 648 1
568 569 1
568 576 1
568 577 1
568 640 1
568 649 1
569 570 1
569 578 1
569 641 1
569 650 1
570 571 1
570 579 1
570 642 1
570 651 1
571 572 1
571 580 1
571 643 1
571 652 1
572 573 1
572 581 1
572 644 1
572 653 1
573 574 1
573 582 1
573 645 1
573 654 1
574 575 1
574 583 1
574 646 1
574 655 1
575 576 1
575 584 1
575 647 1
575 656 1
576 585 1
576 648 1
576 657 1
577 578 1
577 585 1
577 586 1
577 658 1
578 579 1
578 587 1
578 659 1
579 580 1
579 588 1
579 660 1
580 581 1
580 589 1
580 661 1
581 582 1
581 590 1
581 662 1
582 583 1
582 591 1
582 663 1
583 584 1
583 592 1
583 664 1
584 585 1
584 593 1
584 665 1
585 594 1
585 666 1
586 587 1
586 594 1
586 595 1
586 667 1
587 588 1
587 596 1
587 668 1
588 589 1
588 597 1
588 669 1
589 590 1
589 598 1
589 670 1
590 591 1
590 599 1
590 671 1
591 592 1
591 600 1
591 672 1
592 593 1
592 601 1
592 673 1
593 594 1
593 602 1
593 674 1
594 603 1
594 675 1
595 596 1
595 603 1
595 604 1
595 676 1
596 597 1
596 605 1
596 677 1
597 598 1
597 606 1
597 678 1
598 599 1
598 607 1
598 679 1
599 600 1
599 608 1
599 680 1
600 601 1
600 609 1
600 681 1
601 602 1
601 610 1
601 682 1
602 603 1
602 611 1
602 683 1
603 612 1
603 684 1
604 605 1
604 612 1
604 613 1
604 685 1
605 606 1
605 614 1
605 686 1
606 607 1
606 615 1
606 687 1
607 608 1
607 616 1
607 688 1
608 609 1
608 617 1
608 689 1
609 610 1
609 618 1
609 690 1
610 611 1
610 619 1
610 691 1
611 612 1
611 620 1
611 692 1
612 621 1
612 693 1
613 614 1
613 621 1
613 622 1
613 694 1
614 615 1
614 623 1
614 695 1
615 616 1
615 624 1
615 696 1
616 617 1
616 625 1
616 697 1
617 618 1
617 626 1
617 698 1
618 619 1
618 627 1
618 699 1
619 620 1
619 628 1
619 700 1
620 621 1
620 629 1
620 701 1
621 630 1
621 702 1
622 623 1
622 630 1
622 631 1
622 703 1
623 624 1
623 632 1
623 704 1
624 625 1
624 633 1
624 705 1
625 626 1
625 634 1
625 706 1
626 627 1
626 635 1
626 707 1
627 628 1
627 636 1
627 708 1
628 629 1
628 637 1
628 709 1
629 630 1
629 638 1
629 710 1
630 639 1
630 711 1
631 632 1
631 639 1
631 640 1
631 712 1
632 633 1
632 641 1
632 713 1
633 634 1
633 642 1
633 714 1
634 635 1
634 643 1
634 715 1
635 636 1
635 644 1
635 716 1
636 637 1
636 645 1
636 717 1
637 638 1
637 646 1
637 718 1
638 639 1
638 647 1
638 719 1
639 648 1
639 720 1
640 641 1
640 648 1
640 721 1
641 642 1
641 722 1
642 643 1
642 723 1
643 644 1
643 724 1
644 645 1
644 725 1
645 646 1
645 726 1
646 647 1
646 727 1
647 648 1
647 728 1
648 729 1
649 650 1
649 657 1
649 658 1
649 721 1
650 651 1
650 659 1
650 722 1
651 652 1
651 660 1
651 723 1
652 653 1
652 661 1
652 724 1
653 654 1
653 662 1
653 725 1
654 655 1
654 663 1
654 726 1
655 656 1
655 664 1
655 727 1
656 657 1
656 665 1
656 728 1
657 666 1
657 729 1
658 659 1
658 666 1
658 667 1
659 660 1
659 668 1
660 661 1
660 669 1
661 662 1
661 670 1
662 663 1
662 671 1
663 664 1
663 672 1
664 665 1
664 673 1
665 666 1
665 674 1
666 675 1
667 668 1
667 675 1
667 676 1
668 669 1
668 677 1
669 670 1
669 678 1
670 671 1
670 679 1
671 672 1
671 680 1
672 673 1
672 681 1
673 674 1
673 682 1
674 675 1
674 683 1
675 684 1
676 677 1
676 684 1
676 685 1
677 678 1
677 686 1
678 679 1
678 687 1
679 680 1
679 688 1
680 681 1
680 689 1
681 682 1
681 690 1
682 683 1
682 691 1
683 684 1
683 692 1
684 693 1
685 686 1
685 693 1
685 694 1
686 687 1
686 695 1
687 688 1
687 696 1
688 689 1
688 697 1
689 690 1
689 698 1
690 691 1
690 699 1
691 692 1
691 700 1
692 693 1
692 701 1
693 702 1
694 695 1
694 702 1
694 703 1
695 696 1
695 704 1
696 697 1
696 705 1
697 698 1
697 706 1
698 699 1
698 707 1
699 700 1
699 708 1
700 701 1
700 709 1
701 702 1
701 710 1
702 711 1
703 704 1
703 711 1
703 712 1
704 705 1
704 713 1
705 706 1
705 714 1
706 707 1
706 715 1
707 708 1
707 716 1
708 709 1
708 717 1
709 710 1
709 718 1
710 711 1
710 719 1
711 720 1
712 713 1
712 720 1
712 721 1
713 714 1
713 722 1
714 715 1
714 723 1
715 716 1
715 724 1
716 717 1
716 725 1
717 718 1
717 726 1
718 719 1
718 727 1
719 720 1
719 728 1
720 729 1
721 722 1
721 729 1
722 723 1
723 724 1
724 725 1
725 726 1
726 727 1
727 728 1
728 729 1
