200 1990
1 26 1
1 37 1
1 55 1
1 64 1
1 76 1
1 111 1
1 144 1
1 149 1
1 150 1
1 158 1
1 167 1
1 172 1
1 192 1
1 200 1
2 17 1
2 36 1
2 37 1
2 48 1
2 69 1
2 77 1
2 79 1
2 82 1
2 99 1
2 100 1
2 110 1
2 111 1
2 118 1
2 129 1
2 131 1
2 141 1
2 146 1
2 151 1
2 159 1
2 160 1
2 166 1
2 168 1
2 172 1
2 186 1
2 199 1
3 7 1
3 11 1
3 15 1
3 16 1
3 19 1
3 21 1
3 22 1
3 34 1
3 80 1
3 88 1
3 105 1
3 117 1
3 142 1
3 151 1
3 162 1
3 198 1
4 12 1
4 20 1
4 25 1
4 26 1
4 30 1
4 33 1
4 35 1
4 40 1
4 49 1
4 73 1
4 76 1
4 78 1
4 85 1
4 91 1
4 94 1
4 104 1
4 105 1
4 113 1
4 128 1
4 137 1
4 139 1
4 145 1
4 146 1
4 157 1
4 161 1
4 175 1
4 199 1
5 8 1
5 22 1
5 29 1
5 32 1
5 37 1
5 53 1
5 98 1
5 100 1
5 103 1
5 104 1
5 132 1
5 136 1
5 142 1
5 148 1
5 149 1
5 152 1
5 171 1
5 172 1
5 173 1
5 174 1
5 186 1
5 189 1
5 191 1
6 16 1
6 29 1
6 32 1
6 43 1
6 68 1
6 70 1
6 75 1
6 80 1
6 97 1
6 106 1
6 125 1
6 140 1
6 142 1
6 151 1
6 153 1
6 168 1
6 176 1
7 10 1
7 11 1
7 20 1
7 32 1
7 41 1
7 42 1
7 43 1
7 51 1
7 70 1
7 73 1
7 77 1
7 85 1
7 97 1
7 108 1
7 117 1
7 138 1
7 145 1
7 150 1
7 162 1
7 171 1
7 172 1
7 182 1
7 189 1
8 20 1
8 23 1
8 26 1
8 30 1
8 43 1
8 62 1
8 65 1
8 78 1
8 79 1
8 90 1
8 126 1
8 130 1
8 136 1
8 147 1
8 168 1
8 169 1
8 171 1
8 173 1
8 189 1
9 10 1
9 14 1
9 16 1
9 22 1
9 28 1
9 33 1
9 44 1
9 57 1
9 64 1
9 82 1
9 132 1
9 135 1
9 139 1
9 154 1
9 156 1
9 182 1
9 186 1
9 197 1
10 14 1
10 18 1
10 25 1
10 26 1
10 31 1
10 32 1
10 39 1
10 41 1
10 46 1
10 68 1
10 78 1
10 82 1
10 86 1
10 88 1
10 94 1
10 119 1
10 124 1
10 131 1
10 133 1
10 142 1
10 146 1
10 163 1
10 164 1
10 196 1
10 199 1
11 19 1
11 46 1
11 68 1
11 78 1
11 89 1
11 96 1
11 114 1
11 115 1
11 116 1
11 146 1
11 164 1
11 167 1
11 171 1
11 174 1
11 180 1
11 181 1
11 182 1
11 184 1
11 189 1
11 197 1
12 31 1
12 38 1
12 46 1
12 48 1
12 72 1
12 75 1
12 80 1
12 102 1
12 130 1
12 140 1
12 151 1
12 152 1
12 162 1
12 166 1
12 196 1
13 24 1
13 26 1
13 35 1
13 41 1
13 46 1
13 49 1
13 64 1
13 88 1
13 111 1
13 127 1
13 146 1
13 172 1
13 182 1
14 34 1
14 44 1
14 47 1
14 49 1
14 59 1
14 120 1
14 127 1
14 134 1
14 140 1
14 156 1
14 168 1
14 185 1
14 189 1
14 194 1
15 23 1
15 44 1
15 48 1
15 59 1
15 66 1
15 85 1
15 97 1
15 98 1
15 99 1
15 122 1
15 125 1
15 126 1
15 131 1
15 138 1
15 160 1
15 184 1
15 189 1
15 200 1
16 26 1
16 33 1
16 50 1
16 54 1
16 71 1
16 75 1
16 111 1
16 112 1
16 116 1
16 131 1
16 145 1
16 170 1
16 175 1
16 181 1
16 187 1
16 199 1
16 200 1
17 31 1
17 36 1
17 54 1
17 66 1
17 69 1
17 86 1
17 88 1
17 92 1
17 97 1
17 103 1
17 124 1
17 125 1
17 131 1
17 137 1
17 154 1
17 155 1
17 165 1
17 186 1
17 187 1
17 197 1
17 199 1
18 36 1
18 49 1
18 60 1
18 76 1
18 78 1
18 86 1
18 90 1
18 94 1
18 98 1
18 117 1
18 135 1
18 156 1
18 157 1
18 158 1
18 170 1
19 24 1
19 42 1
19 48 1
19 55 1
19 60 1
19 63 1
19 80 1
19 90 1
19 101 1
19 102 1
19 125 1
19 130 1
19 150 1
19 158 1
19 162 1
19 200 1
20 31 1
20 35 1
20 37 1
20 65 1
20 67 1
20 68 1
20 78 1
20 80 1
20 81 1
20 86 1
20 99 1
20 108 1
20 116 1
20 119 1
20 125 1
20 131 1
20 142 1
20 146 1
20 147 1
20 155 1
20 184 1
20 191 1
20 200 1
21 22 1
21 28 1
21 31 1
21 32 1
21 46 1
21 49 1
21 56 1
21 105 1
21 109 1
21 132 1
21 196 1
22 23 1
22 46 1
22 53 1
22 75 1
22 78 1
22 104 1
22 105 1
22 122 1
22 146 1
22 159 1
22 164 1
22 174 1
22 175 1
22 179 1
22 180 1
22 184 1
22 194 1
22 197 1
23 25 1
23 31 1
23 39 1
23 41 1
23 44 1
23 60 1
23 63 1
23 68 1
23 95 1
23 96 1
23 108 1
23 112 1
23 114 1
23 121 1
23 124 1
23 125 1
23 129 1
23 131 1
23 157 1
23 159 1
23 162 1
23 164 1
23 173 1
23 177 1
23 180 1
23 181 1
23 184 1
23 185 1
24 27 1
24 28 1
24 33 1
24 35 1
24 37 1
24 60 1
24 61 1
24 62 1
24 76 1
24 87 1
24 108 1
24 114 1
24 123 1
24 124 1
24 128 1
24 137 1
24 144 1
24 146 1
24 165 1
24 178 1
24 188 1
24 195 1
24 198 1
24 199 1
25 37 1
25 38 1
25 40 1
25 49 1
25 52 1
25 54 1
25 57 1
25 87 1
25 101 1
25 103 1
25 109 1
25 118 1
25 122 1
25 126 1
25 134 1
25 136 1
25 148 1
25 157 1
25 173 1
25 181 1
25 183 1
25 189 1
25 190 1
26 29 1
26 40 1
26 55 1
26 56 1
26 61 1
26 65 1
26 75 1
26 90 1
26 102 1
26 115 1
26 118 1
26 127 1
26 130 1
26 133 1
26 140 1
26 150 1
26 154 1
26 165 1
26 172 1
26 185 1
26 200 1
27 38 1
27 48 1
27 54 1
27 55 1
27 94 1
27 97 1
27 114 1
27 136 1
27 139 1
27 141 1
27 142 1
27 148 1
27 157 1
27 172 1
27 188 1
28 32 1
28 33 1
28 37 1
28 39 1
28 56 1
28 85 1
28 88 1
28 93 1
28 95 1
28 111 1
28 137 1
28 138 1
28 180 1
28 194 1
29 35 1
29 39 1
29 47 1
29 48 1
29 57 1
29 77 1
29 82 1
29 85 1
29 88 1
29 102 1
29 106 1
29 111 1
29 130 1
29 168 1
29 169 1
29 182 1
30 32 1
30 47 1
30 53 1
30 54 1
30 59 1
30 71 1
30 98 1
30 102 1
30 109 1
30 112 1
30 120 1
30 122 1
30 126 1
30 128 1
30 142 1
30 152 1
30 167 1
30 178 1
31 54 1
31 79 1
31 86 1
31 96 1
31 102 1
31 123 1
31 130 1
31 160 1
31 166 1
31 175 1
31 191 1
31 200 1
32 34 1
32 43 1
32 48 1
32 57 1
32 67 1
32 69 1
32 77 1
32 89 1
32 109 1
32 129 1
32 143 1
32 144 1
32 156 1
32 165 1
32 166 1
32 194 1
32 195 1
33 40 1
33 58 1
33 68 1
33 72 1
33 87 1
33 101 1
33 127 1
33 148 1
33 155 1
33 179 1
33 185 1
33 188 1
33 195 1
34 46 1
34 47 1
34 49 1
34 51 1
34 65 1
34 66 1
34 91 1
34 96 1
34 110 1
34 117 1
34 128 1
34 141 1
34 144 1
34 162 1
34 187 1
34 194 1
35 40 1
35 54 1
35 57 1
35 61 1
35 75 1
35 80 1
35 84 1
35 92 1
35 136 1
35 141 1
35 149 1
35 152 1
35 158 1
35 161 1
35 173 1
35 181 1
35 191 1
35 196 1
36 42 1
36 45 1
36 83 1
36 85 1
36 87 1
36 100 1
36 110 1
36 115 1
36 118 1
36 134 1
36 160 1
36 167 1
36 171 1
36 176 1
36 186 1
36 196 1
37 45 1
37 58 1
37 70 1
37 71 1
37 98 1
37 100 1
37 107 1
37 115 1
37 123 1
37 140 1
37 142 1
37 150 1
37 178 1
37 182 1
37 185 1
38 44 1
38 54 1
38 60 1
38 75 1
38 82 1
38 92 1
38 95 1
38 102 1
38 106 1
38 117 1
38 124 1
38 127 1
38 138 1
38 139 1
38 148 1
38 158 1
39 60 1
39 108 1
39 112 1
39 143 1
39 147 1
39 163 1
39 165 1
39 167 1
39 175 1
39 196 1
39 199 1
40 47 1
40 48 1
40 54 1
40 70 1
40 80 1
40 87 1
40 108 1
40 118 1
40 130 1
40 140 1
40 144 1
40 145 1
40 167 1
40 177 1
40 179 1
40 184 1
40 185 1
40 187 1
41 46 1
41 49 1
41 52 1
41 53 1
41 68 1
41 94 1
41 102 1
41 103 1
41 108 1
41 112 1
41 124 1
41 127 1
41 136 1
41 139 1
41 149 1
41 155 1
41 170 1
41 180 1
41 193 1
41 195 1
42 59 1
42 62 1
42 70 1
42 71 1
42 88 1
42 95 1
42 101 1
42 107 1
42 117 1
42 124 1
42 134 1
42 146 1
42 147 1
42 148 1
42 150 1
42 176 1
42 177 1
42 181 1
42 185 1
42 189 1
42 192 1
43 54 1
43 59 1
43 64 1
43 72 1
43 82 1
43 83 1
43 91 1
43 94 1
43 101 1
43 111 1
43 120 1
44 48 1
44 51 1
44 78 1
44 82 1
44 91 1
44 112 1
44 129 1
44 140 1
44 154 1
44 156 1
44 165 1
44 173 1
44 174 1
44 179 1
44 185 1
44 190 1
44 199 1
45 64 1
45 81 1
45 94 1
45 143 1
45 150 1
45 167 1
45 170 1
45 171 1
45 175 1
45 200 1
46 66 1
46 70 1
46 82 1
46 83 1
46 96 1
46 102 1
46 135 1
46 137 1
46 148 1
46 166 1
46 171 1
47 64 1
47 67 1
47 73 1
47 74 1
47 95 1
47 107 1
47 122 1
47 135 1
47 142 1
47 147 1
47 148 1
47 153 1
47 154 1
47 165 1
47 177 1
47 198 1
47 200 1
48 54 1
48 76 1
48 78 1
48 85 1
48 91 1
48 97 1
48 98 1
48 105 1
48 111 1
48 125 1
48 138 1
48 141 1
48 161 1
48 174 1
48 175 1
48 176 1
48 184 1
48 186 1
48 188 1
48 191 1
48 193 1
48 199 1
48 200 1
49 53 1
49 66 1
49 76 1
49 81 1
49 86 1
49 108 1
49 112 1
49 117 1
49 119 1
49 124 1
49 126 1
49 127 1
49 128 1
49 136 1
49 144 1
49 149 1
49 151 1
49 154 1
49 191 1
49 199 1
50 60 1
50 62 1
50 79 1
50 85 1
50 115 1
50 141 1
50 145 1
50 147 1
50 176 1
50 190 1
51 61 1
51 66 1
51 79 1
51 81 1
51 98 1
51 106 1
51 117 1
51 120 1
51 128 1
51 158 1
51 160 1
51 164 1
51 187 1
52 71 1
52 76 1
52 81 1
52 88 1
52 99 1
52 113 1
52 117 1
52 118 1
52 136 1
52 155 1
52 161 1
52 185 1
52 196 1
53 56 1
53 60 1
53 63 1
53 73 1
53 77 1
53 88 1
53 90 1
53 96 1
53 100 1
53 106 1
53 113 1
53 115 1
53 116 1
53 125 1
53 127 1
53 144 1
53 148 1
53 150 1
53 151 1
53 167 1
53 192 1
54 67 1
54 75 1
54 81 1
54 88 1
54 113 1
54 125 1
54 126 1
54 138 1
54 139 1
54 151 1
54 163 1
54 177 1
54 182 1
54 184 1
54 189 1
54 192 1
54 193 1
55 75 1
55 82 1
55 85 1
55 135 1
55 143 1
55 158 1
55 159 1
55 180 1
55 182 1
55 190 1
55 192 1
55 199 1
56 70 1
56 107 1
56 108 1
56 113 1
56 117 1
56 118 1
56 125 1
56 128 1
56 130 1
56 138 1
56 142 1
56 174 1
56 186 1
57 81 1
57 82 1
57 90 1
57 93 1
57 111 1
57 113 1
57 127 1
57 143 1
57 144 1
57 153 1
57 162 1
57 185 1
57 187 1
57 188 1
57 189 1
57 191 1
57 192 1
57 196 1
58 61 1
58 78 1
58 79 1
58 144 1
58 148 1
58 174 1
58 182 1
58 195 1
58 196 1
59 73 1
59 83 1
59 104 1
59 117 1
59 142 1
59 155 1
59 166 1
59 175 1
59 183 1
59 192 1
59 194 1
59 198 1
60 77 1
60 99 1
60 125 1
60 140 1
60 153 1
60 164 1
60 177 1
60 188 1
60 190 1
61 62 1
61 63 1
61 79 1
61 80 1
61 84 1
61 112 1
61 125 1
61 129 1
61 151 1
61 159 1
61 167 1
61 177 1
61 189 1
62 66 1
62 68 1
62 70 1
62 85 1
62 112 1
62 119 1
62 126 1
62 128 1
62 134 1
62 139 1
62 153 1
62 158 1
62 171 1
62 172 1
62 176 1
62 180 1
62 189 1
63 77 1
63 89 1
63 144 1
63 154 1
63 160 1
63 193 1
64 85 1
64 92 1
64 98 1
64 99 1
64 108 1
64 118 1
64 119 1
64 125 1
64 133 1
64 135 1
64 149 1
64 150 1
64 153 1
64 157 1
64 167 1
64 171 1
64 178 1
64 184 1
64 196 1
65 66 1
65 78 1
65 91 1
65 98 1
65 116 1
65 152 1
65 161 1
65 165 1
65 176 1
65 179 1
65 188 1
65 191 1
65 196 1
66 81 1
66 82 1
66 84 1
66 96 1
66 98 1
66 130 1
66 132 1
66 143 1
66 144 1
66 170 1
66 179 1
66 180 1
66 183 1
66 188 1
66 192 1
67 71 1
67 75 1
67 98 1
67 110 1
67 112 1
67 124 1
67 135 1
67 154 1
67 165 1
67 172 1
67 174 1
67 180 1
67 191 1
67 200 1
68 79 1
68 81 1
68 88 1
68 91 1
68 96 1
68 99 1
68 113 1
68 114 1
68 143 1
68 149 1
68 157 1
68 163 1
68 170 1
68 171 1
68 172 1
68 193 1
68 194 1
68 197 1
68 198 1
69 72 1
69 74 1
69 83 1
69 94 1
69 98 1
69 99 1
69 126 1
69 131 1
69 134 1
69 135 1
69 140 1
69 179 1
69 180 1
69 185 1
69 186 1
69 195 1
69 196 1
70 107 1
70 131 1
70 150 1
70 167 1
70 168 1
70 182 1
70 189 1
71 76 1
71 81 1
71 86 1
71 96 1
71 98 1
71 102 1
71 104 1
71 106 1
71 107 1
71 121 1
71 122 1
71 123 1
71 126 1
71 136 1
71 143 1
71 146 1
71 151 1
71 154 1
71 155 1
71 156 1
71 161 1
71 163 1
71 176 1
71 177 1
71 182 1
71 184 1
71 188 1
71 189 1
71 198 1
72 84 1
72 87 1
72 107 1
72 116 1
72 124 1
72 129 1
72 130 1
72 133 1
72 137 1
72 139 1
72 143 1
72 144 1
72 159 1
72 163 1
72 180 1
72 184 1
72 199 1
73 74 1
73 103 1
73 122 1
73 135 1
73 136 1
73 155 1
73 179 1
73 190 1
74 76 1
74 96 1
74 103 1
74 108 1
74 131 1
74 135 1
74 139 1
74 146 1
74 155 1
74 180 1
74 182 1
74 186 1
75 109 1
75 110 1
75 111 1
75 119 1
75 124 1
75 128 1
75 172 1
75 179 1
75 182 1
75 185 1
75 200 1
76 85 1
76 94 1
76 99 1
76 100 1
76 108 1
76 120 1
76 128 1
76 130 1
76 141 1
76 151 1
76 154 1
76 162 1
76 172 1
76 173 1
76 176 1
76 181 1
77 84 1
77 85 1
77 102 1
77 112 1
77 172 1
77 184 1
77 191 1
77 193 1
78 90 1
78 97 1
78 114 1
78 121 1
78 128 1
78 138 1
78 145 1
78 150 1
78 153 1
78 154 1
78 171 1
78 178 1
78 180 1
79 94 1
79 97 1
79 98 1
79 115 1
79 119 1
79 124 1
79 150 1
79 156 1
79 157 1
79 170 1
79 171 1
79 176 1
79 178 1
79 183 1
79 191 1
79 196 1
80 97 1
80 110 1
80 121 1
80 135 1
80 140 1
80 143 1
80 144 1
80 150 1
80 152 1
80 162 1
80 168 1
80 183 1
80 193 1
80 196 1
80 197 1
81 85 1
81 102 1
81 124 1
81 126 1
81 131 1
81 140 1
81 170 1
81 171 1
81 174 1
81 186 1
81 193 1
82 83 1
82 115 1
82 120 1
82 148 1
82 155 1
82 171 1
82 180 1
82 181 1
82 185 1
83 86 1
83 90 1
83 120 1
83 123 1
83 135 1
83 158 1
83 161 1
83 172 1
83 174 1
83 185 1
84 116 1
84 117 1
84 121 1
84 129 1
84 142 1
84 146 1
84 158 1
84 160 1
84 163 1
84 175 1
84 197 1
85 95 1
85 97 1
85 129 1
85 131 1
85 139 1
85 140 1
85 160 1
85 184 1
85 185 1
85 188 1
86 87 1
86 112 1
86 115 1
86 119 1
86 127 1
86 130 1
86 133 1
86 138 1
86 150 1
86 157 1
86 165 1
86 167 1
86 170 1
86 179 1
86 183 1
86 191 1
86 194 1
86 195 1
87 88 1
87 95 1
87 97 1
87 121 1
87 123 1
87 125 1
87 144 1
87 153 1
87 162 1
87 163 1
87 181 1
87 199 1
88 98 1
88 103 1
88 112 1
88 114 1
88 140 1
88 161 1
88 162 1
88 165 1
88 172 1
88 174 1
88 178 1
88 180 1
88 184 1
88 185 1
88 194 1
89 120 1
89 148 1
89 154 1
89 157 1
89 161 1
89 193 1
90 92 1
90 96 1
90 104 1
90 109 1
90 119 1
90 121 1
90 133 1
90 168 1
90 177 1
90 179 1
90 198 1
91 97 1
91 98 1
91 106 1
91 115 1
91 118 1
91 120 1
91 133 1
91 142 1
91 149 1
91 157 1
91 186 1
91 188 1
91 189 1
91 191 1
91 196 1
92 94 1
92 101 1
92 108 1
92 117 1
92 162 1
92 167 1
92 174 1
92 185 1
93 94 1
93 105 1
93 108 1
93 114 1
93 127 1
93 130 1
93 131 1
93 141 1
93 148 1
93 150 1
93 188 1
93 195 1
94 104 1
94 113 1
94 115 1
94 136 1
94 140 1
94 148 1
94 155 1
94 172 1
94 184 1
94 194 1
94 195 1
94 199 1
95 115 1
95 122 1
95 130 1
95 137 1
95 138 1
95 140 1
95 155 1
95 162 1
95 165 1
95 171 1
95 179 1
95 183 1
96 100 1
96 112 1
96 118 1
96 125 1
96 135 1
96 148 1
96 165 1
96 166 1
96 172 1
96 185 1
97 113 1
97 122 1
97 125 1
97 144 1
97 184 1
97 188 1
98 122 1
98 135 1
98 139 1
98 143 1
98 146 1
98 159 1
98 172 1
98 175 1
98 179 1
98 183 1
98 194 1
99 115 1
99 116 1
99 136 1
99 152 1
99 164 1
99 171 1
99 177 1
99 186 1
99 190 1
99 197 1
100 104 1
100 132 1
100 161 1
100 173 1
100 176 1
100 180 1
100 186 1
100 188 1
101 108 1
101 115 1
101 118 1
101 125 1
101 147 1
101 149 1
101 177 1
101 199 1
102 109 1
102 113 1
102 125 1
102 130 1
102 132 1
102 144 1
102 166 1
102 172 1
102 194 1
102 197 1
103 165 1
103 166 1
103 194 1
104 114 1
104 120 1
104 125 1
104 135 1
104 137 1
104 145 1
104 149 1
104 150 1
104 155 1
104 175 1
104 179 1
104 180 1
104 183 1
104 184 1
104 190 1
104 191 1
104 192 1
105 123 1
105 131 1
105 146 1
105 153 1
105 177 1
106 111 1
106 128 1
106 155 1
106 167 1
106 176 1
106 187 1
107 110 1
107 114 1
107 124 1
107 130 1
107 134 1
107 145 1
107 153 1
107 156 1
107 168 1
107 172 1
107 173 1
107 183 1
107 196 1
108 129 1
108 139 1
108 146 1
108 147 1
108 155 1
108 157 1
108 161 1
108 167 1
108 180 1
108 188 1
108 189 1
108 199 1
109 126 1
109 148 1
109 157 1
109 158 1
109 178 1
109 180 1
109 195 1
109 200 1
110 123 1
110 124 1
111 135 1
111 150 1
111 161 1
111 170 1
111 174 1
111 181 1
111 185 1
111 188 1
111 194 1
112 124 1
112 134 1
112 169 1
112 171 1
112 180 1
112 182 1
112 197 1
112 198 1
112 200 1
113 118 1
113 119 1
113 131 1
113 134 1
113 139 1
113 154 1
113 156 1
113 173 1
113 189 1
113 193 1
114 155 1
114 165 1
114 180 1
114 197 1
115 117 1
115 141 1
115 143 1
115 151 1
115 161 1
115 175 1
115 176 1
115 184 1
115 198 1
116 125 1
116 134 1
116 139 1
116 140 1
116 150 1
116 157 1
116 161 1
116 165 1
116 184 1
116 185 1
116 191 1
116 200 1
117 119 1
117 122 1
117 124 1
117 138 1
117 139 1
117 158 1
117 162 1
117 167 1
117 183 1
117 185 1
117 191 1
118 131 1
118 136 1
118 143 1
118 144 1
118 175 1
119 132 1
119 133 1
119 139 1
119 140 1
119 146 1
119 164 1
119 173 1
119 174 1
120 144 1
120 147 1
120 187 1
120 192 1
121 142 1
121 163 1
121 179 1
122 124 1
122 128 1
122 145 1
122 146 1
122 170 1
122 194 1
123 126 1
123 128 1
123 130 1
123 140 1
123 166 1
123 172 1
123 190 1
123 194 1
123 196 1
124 130 1
124 135 1
124 138 1
124 197 1
125 132 1
125 144 1
125 150 1
125 163 1
125 170 1
125 172 1
125 177 1
125 187 1
125 197 1
126 127 1
126 129 1
126 132 1
126 148 1
126 153 1
126 172 1
126 174 1
126 178 1
126 179 1
126 186 1
126 194 1
126 197 1
126 200 1
127 143 1
127 146 1
127 153 1
127 163 1
127 164 1
127 181 1
127 195 1
128 130 1
128 135 1
128 146 1
128 147 1
128 175 1
128 179 1
128 183 1
128 185 1
128 187 1
128 192 1
128 199 1
129 132 1
129 133 1
129 140 1
129 149 1
129 151 1
129 162 1
129 176 1
129 183 1
130 137 1
130 151 1
130 159 1
130 161 1
130 163 1
130 169 1
130 171 1
130 175 1
130 178 1
130 191 1
131 135 1
131 149 1
131 168 1
131 177 1
131 179 1
132 136 1
132 154 1
132 161 1
132 172 1
132 173 1
132 182 1
132 189 1
132 193 1
132 197 1
133 172 1
133 177 1
134 136 1
134 140 1
134 148 1
134 150 1
134 153 1
134 160 1
134 163 1
134 169 1
134 175 1
134 177 1
134 179 1
134 198 1
135 143 1
135 151 1
135 180 1
135 198 1
136 167 1
136 189 1
137 138 1
137 157 1
137 167 1
137 179 1
137 188 1
138 140 1
138 143 1
138 179 1
138 186 1
138 187 1
138 188 1
139 143 1
139 146 1
139 147 1
139 172 1
140 145 1
140 146 1
140 158 1
140 184 1
141 147 1
141 155 1
141 168 1
141 179 1
141 183 1
141 194 1
142 152 1
142 163 1
142 185 1
143 149 1
143 156 1
143 157 1
143 158 1
143 162 1
143 167 1
143 168 1
143 178 1
143 185 1
143 195 1
144 153 1
144 162 1
144 166 1
144 168 1
144 181 1
144 184 1
145 181 1
145 199 1
146 155 1
146 161 1
146 162 1
146 184 1
146 193 1
147 152 1
147 154 1
147 158 1
147 165 1
147 183 1
147 194 1
148 157 1
148 159 1
148 164 1
148 167 1
148 171 1
148 175 1
148 185 1
148 187 1
148 190 1
148 192 1
148 194 1
148 195 1
149 153 1
149 161 1
149 168 1
149 182 1
149 190 1
150 163 1
150 167 1
150 173 1
150 182 1
151 157 1
151 166 1
151 192 1
152 162 1
152 190 1
152 195 1
152 196 1
153 166 1
153 172 1
153 177 1
153 182 1
153 187 1
153 196 1
153 200 1
154 175 1
154 193 1
154 200 1
155 163 1
155 168 1
155 175 1
155 186 1
155 188 1
155 197 1
155 199 1
155 200 1
156 157 1
156 168 1
156 172 1
156 176 1
157 184 1
157 192 1
158 173 1
158 175 1
158 184 1
158 186 1
158 188 1
158 192 1
158 198 1
159 172 1
159 174 1
159 200 1
160 169 1
160 171 1
160 178 1
160 186 1
160 191 1
161 170 1
161 177 1
161 178 1
161 195 1
161 196 1
161 200 1
162 164 1
162 170 1
162 185 1
162 195 1
163 173 1
163 179 1
164 171 1
164 174 1
164 183 1
164 189 1
164 190 1
164 195 1
165 166 1
165 171 1
165 179 1
165 190 1
165 191 1
165 197 1
165 198 1
166 179 1
166 180 1
166 186 1
166 196 1
167 169 1
167 191 1
167 193 1
168 169 1
168 171 1
168 173 1
168 182 1
168 184 1
168 185 1
169 198 1
169 200 1
170 171 1
170 175 1
171 192 1
171 198 1
171 199 1
172 175 1
172 192 1
173 179 1
174 200 1
176 178 1
176 192 1
176 194 1
177 193 1
179 180 1
179 182 1
179 188 1
179 196 1
180 192 1
181 196 1
181 199 1
183 194 1
184 189 1
184 192 1
186 187 1
187 193 1
188 198 1
190 193 1
190 199 1
193 197 1
