400 7980
1 14 1
1 17 1
1 32 1
1 39 1
1 49 1
1 59 1
1 61 1
1 91 1
1 92 1
1 96 1
1 99 1
1 121 1
1 144 1
1 145 1
1 148 1
1 152 1
1 162 1
1 179 1
1 189 1
1 192 1
1 225 1
1 240 1
1 246 1
1 257 1
1 261 1
1 311 1
1 344 1
1 365 1
1 368 1
1 375 1
1 379 1
1 390 1
2 7 1
2 20 1
2 24 1
2 28 1
2 30 1
2 51 1
2 53 1
2 75 1
2 90 1
2 94 1
2 101 1
2 103 1
2 105 1
2 112 1
2 119 1
2 124 1
2 153 1
2 158 1
2 186 1
2 195 1
2 202 1
2 209 1
2 224 1
2 226 1
2 231 1
2 235 1
2 238 1
2 250 1
2 251 1
2 252 1
2 269 1
2 272 1
2 274 1
2 276 1
2 282 1
2 283 1
2 290 1
2 298 1
2 304 1
2 309 1
2 325 1
2 332 1
2 336 1
2 352 1
2 353 1
2 354 1
2 356 1
2 362 1
2 364 1
2 366 1
2 368 1
2 375 1
2 381 1
2 383 1
2 389 1
2 396 1
3 11 1
3 20 1
3 45 1
3 69 1
3 79 1
3 94 1
3 102 1
3 115 1
3 119 1
3 136 1
3 154 1
3 170 1
3 205 1
3 208 1
3 223 1
3 233 1
3 236 1
3 247 1
3 252 1
3 268 1
3 272 1
3 278 1
3 284 1
3 306 1
3 327 1
3 328 1
3 340 1
3 346 1
3 349 1
3 350 1
3 367 1
4 11 1
4 21 1
4 28 1
4 31 1
4 37 1
4 39 1
4 43 1
4 51 1
4 60 1
4 80 1
4 134 1
4 149 1
4 153 1
4 165 1
4 171 1
4 184 1
4 185 1
4 202 1
4 214 1
4 217 1
4 230 1
4 231 1
4 236 1
4 247 1
4 269 1
4 271 1
4 286 1
4 291 1
4 328 1
4 334 1
4 350 1
4 359 1
4 362 1
4 382 1
4 383 1
4 384 1
4 394 1
4 399 1
5 7 1
5 26 1
5 30 1
5 34 1
5 35 1
5 40 1
5 45 1
5 54 1
5 57 1
5 59 1
5 64 1
5 85 1
5 86 1
5 93 1
5 102 1
5 111 1
5 114 1
5 117 1
5 127 1
5 132 1
5 135 1
5 137 1
5 164 1
5 180 1
5 190 1
5 193 1
5 197 1
5 209 1
5 213 1
5 215 1
5 217 1
5 223 1
5 229 1
5 236 1
5 239 1
5 259 1
5 265 1
5 269 1
5 272 1
5 280 1
5 284 1
5 291 1
5 293 1
5 298 1
5 300 1
5 338 1
5 361 1
5 362 1
5 376 1
5 390 1
5 396 1
6 16 1
6 48 1
6 53 1
6 76 1
6 81 1
6 86 1
6 87 1
6 90 1
6 92 1
6 101 1
6 107 1
6 112 1
6 113 1
6 120 1
6 129 1
6 140 1
6 145 1
6 147 1
6 150 1
6 152 1
6 153 1
6 160 1
6 166 1
6 172 1
6 181 1
6 182 1
6 189 1
6 194 1
6 195 1
6 197 1
6 202 1
6 208 1
6 209 1
6 224 1
6 235 1
6 252 1
6 256 1
6 258 1
6 263 1
6 284 1
6 285 1
6 286 1
6 297 1
6 309 1
6 313 1
6 314 1
6 315 1
6 319 1
6 332 1
6 373 1
6 378 1
6 392 1
7 33 1
7 48 1
7 53 1
7 54 1
7 67 1
7 72 1
7 74 1
7 75 1
7 84 1
7 98 1
7 101 1
7 105 1
7 110 1
7 119 1
7 135 1
7 136 1
7 145 1
7 147 1
7 171 1
7 174 1
7 178 1
7 193 1
7 211 1
7 220 1
7 229 1
7 236 1
7 238 1
7 252 1
7 253 1
7 266 1
7 267 1
7 269 1
7 273 1
7 290 1
7 293 1
7 298 1
7 325 1
7 332 1
7 363 1
7 372 1
7 375 1
7 389 1
7 396 1
7 399 1
8 13 1
8 19 1
8 24 1
8 40 1
8 43 1
8 60 1
8 68 1
8 86 1
8 98 1
8 105 1
8 109 1
8 138 1
8 191 1
8 194 1
8 199 1
8 216 1
8 225 1
8 248 1
8 261 1
8 271 1
8 276 1
8 293 1
8 295 1
8 359 1
8 371 1
8 387 1
8 389 1
8 395 1
8 396 1
8 397 1
9 13 1
9 16 1
9 22 1
9 23 1
9 34 1
9 41 1
9 52 1
9 60 1
9 62 1
9 68 1
9 88 1
9 91 1
9 93 1
9 95 1
9 106 1
9 107 1
9 110 1
9 129 1
9 131 1
9 146 1
9 149 1
9 150 1
9 152 1
9 154 1
9 160 1
9 165 1
9 192 1
9 204 1
9 214 1
9 217 1
9 230 1
9 237 1
9 249 1
9 254 1
9 261 1
9 263 1
9 271 1
9 272 1
9 280 1
9 286 1
9 291 1
9 317 1
9 328 1
9 355 1
9 368 1
9 391 1
9 392 1
10 16 1
10 23 1
10 36 1
10 40 1
10 41 1
10 70 1
10 75 1
10 78 1
10 94 1
10 100 1
10 101 1
10 105 1
10 114 1
10 119 1
10 125 1
10 127 1
10 128 1
10 136 1
10 139 1
10 141 1
10 153 1
10 154 1
10 158 1
10 164 1
10 170 1
10 176 1
10 178 1
10 179 1
10 188 1
10 196 1
10 206 1
10 208 1
10 224 1
10 247 1
10 255 1
10 260 1
10 263 1
10 267 1
10 269 1
10 288 1
10 293 1
10 298 1
10 301 1
10 316 1
10 328 1
10 340 1
10 343 1
10 352 1
10 362 1
10 363 1
10 378 1
10 382 1
10 389 1
10 395 1
11 30 1
11 49 1
11 52 1
11 59 1
11 71 1
11 82 1
11 89 1
11 97 1
11 123 1
11 154 1
11 173 1
11 179 1
11 180 1
11 199 1
11 203 1
11 204 1
11 219 1
11 220 1
11 221 1
11 228 1
11 236 1
11 238 1
11 246 1
11 250 1
11 257 1
11 265 1
11 273 1
11 284 1
11 290 1
11 294 1
11 296 1
11 302 1
11 304 1
11 316 1
11 329 1
11 335 1
11 337 1
11 342 1
11 349 1
11 370 1
11 381 1
12 14 1
12 20 1
12 26 1
12 30 1
12 33 1
12 37 1
12 39 1
12 46 1
12 59 1
12 67 1
12 70 1
12 87 1
12 110 1
12 111 1
12 122 1
12 123 1
12 134 1
12 145 1
12 148 1
12 151 1
12 152 1
12 158 1
12 163 1
12 166 1
12 169 1
12 171 1
12 180 1
12 182 1
12 183 1
12 188 1
12 200 1
12 202 1
12 203 1
12 212 1
12 218 1
12 220 1
12 222 1
12 229 1
12 235 1
12 243 1
12 244 1
12 281 1
12 282 1
12 287 1
12 305 1
12 307 1
12 311 1
12 318 1
12 335 1
12 348 1
12 357 1
12 358 1
12 367 1
12 374 1
12 377 1
12 379 1
12 397 1
12 398 1
13 26 1
13 29 1
13 37 1
13 42 1
13 48 1
13 65 1
13 66 1
13 67 1
13 77 1
13 99 1
13 102 1
13 106 1
13 107 1
13 120 1
13 133 1
13 151 1
13 166 1
13 188 1
13 213 1
13 217 1
13 238 1
13 244 1
13 245 1
13 248 1
13 249 1
13 253 1
13 262 1
13 312 1
13 318 1
13 321 1
13 326 1
13 339 1
13 344 1
13 361 1
13 372 1
13 376 1
13 386 1
14 19 1
14 24 1
14 32 1
14 41 1
14 45 1
14 52 1
14 63 1
14 72 1
14 79 1
14 99 1
14 111 1
14 126 1
14 129 1
14 142 1
14 147 1
14 152 1
14 175 1
14 209 1
14 212 1
14 214 1
14 216 1
14 223 1
14 229 1
14 254 1
14 267 1
14 269 1
14 281 1
14 282 1
14 332 1
14 352 1
14 362 1
14 372 1
14 377 1
14 384 1
14 387 1
14 390 1
14 391 1
15 43 1
15 45 1
15 47 1
15 55 1
15 98 1
15 105 1
15 123 1
15 128 1
15 155 1
15 158 1
15 162 1
15 168 1
15 201 1
15 205 1
15 206 1
15 207 1
15 211 1
15 213 1
15 217 1
15 218 1
15 239 1
15 254 1
15 257 1
15 258 1
15 263 1
15 267 1
15 270 1
15 271 1
15 274 1
15 275 1
15 285 1
15 286 1
15 299 1
15 350 1
15 355 1
15 359 1
15 381 1
15 394 1
15 397 1
16 24 1
16 25 1
16 40 1
16 48 1
16 50 1
16 52 1
16 54 1
16 58 1
16 63 1
16 70 1
16 73 1
16 86 1
16 90 1
16 92 1
16 95 1
16 98 1
16 115 1
16 118 1
16 119 1
16 123 1
16 134 1
16 141 1
16 164 1
16 172 1
16 178 1
16 179 1
16 181 1
16 184 1
16 191 1
16 192 1
16 197 1
16 198 1
16 210 1
16 215 1
16 234 1
16 240 1
16 247 1
16 254 1
16 255 1
16 263 1
16 273 1
16 281 1
16 283 1
16 285 1
16 305 1
16 316 1
16 319 1
16 343 1
16 353 1
16 362 1
16 367 1
16 393 1
16 394 1
16 396 1
16 398 1
17 23 1
17 29 1
17 30 1
17 39 1
17 40 1
17 55 1
17 68 1
17 73 1
17 87 1
17 92 1
17 94 1
17 95 1
17 119 1
17 143 1
17 155 1
17 193 1
17 195 1
17 244 1
17 247 1
17 268 1
17 285 1
17 288 1
17 290 1
17 294 1
17 309 1
17 328 1
17 361 1
17 365 1
17 379 1
17 389 1
17 399 1
18 21 1
18 23 1
18 43 1
18 45 1
18 54 1
18 55 1
18 73 1
18 75 1
18 81 1
18 100 1
18 118 1
18 127 1
18 132 1
18 153 1
18 158 1
18 193 1
18 214 1
18 226 1
18 230 1
18 238 1
18 243 1
18 251 1
18 307 1
18 311 1
18 314 1
18 330 1
18 340 1
18 366 1
18 380 1
19 23 1
19 42 1
19 52 1
19 53 1
19 72 1
19 73 1
19 86 1
19 90 1
19 103 1
19 105 1
19 109 1
19 127 1
19 129 1
19 152 1
19 159 1
19 166 1
19 170 1
19 185 1
19 198 1
19 199 1
19 207 1
19 216 1
19 225 1
19 235 1
19 237 1
19 254 1
19 260 1
19 265 1
19 267 1
19 268 1
19 280 1
19 290 1
19 293 1
19 297 1
19 320 1
19 333 1
19 340 1
19 381 1
19 395 1
19 397 1
19 398 1
20 21 1
20 37 1
20 38 1
20 59 1
20 65 1
20 72 1
20 76 1
20 79 1
20 82 1
20 85 1
20 107 1
20 117 1
20 122 1
20 127 1
20 141 1
20 152 1
20 180 1
20 197 1
20 220 1
20 222 1
20 232 1
20 239 1
20 242 1
20 246 1
20 252 1
20 264 1
20 270 1
20 275 1
20 276 1
20 280 1
20 284 1
20 295 1
20 296 1
20 305 1
20 311 1
20 313 1
20 317 1
20 329 1
20 331 1
20 338 1
20 345 1
20 361 1
20 373 1
20 374 1
20 378 1
20 397 1
21 25 1
21 33 1
21 36 1
21 37 1
21 46 1
21 52 1
21 54 1
21 56 1
21 58 1
21 66 1
21 71 1
21 81 1
21 82 1
21 83 1
21 88 1
21 111 1
21 121 1
21 124 1
21 130 1
21 161 1
21 174 1
21 180 1
21 204 1
21 208 1
21 217 1
21 218 1
21 221 1
21 236 1
21 248 1
21 261 1
21 262 1
21 263 1
21 269 1
21 274 1
21 287 1
21 289 1
21 291 1
21 317 1
21 329 1
21 343 1
21 347 1
21 349 1
21 353 1
21 376 1
21 383 1
21 396 1
22 51 1
22 60 1
22 62 1
22 68 1
22 73 1
22 83 1
22 88 1
22 91 1
22 94 1
22 98 1
22 127 1
22 142 1
22 147 1
22 149 1
22 152 1
22 155 1
22 160 1
22 161 1
22 193 1
22 195 1
22 216 1
22 223 1
22 229 1
22 234 1
22 249 1
22 271 1
22 274 1
22 275 1
22 281 1
22 315 1
22 322 1
22 336 1
22 341 1
22 364 1
22 384 1
22 391 1
22 399 1
23 27 1
23 40 1
23 62 1
23 65 1
23 70 1
23 84 1
23 86 1
23 87 1
23 88 1
23 101 1
23 103 1
23 111 1
23 122 1
23 126 1
23 132 1
23 142 1
23 145 1
23 163 1
23 166 1
23 176 1
23 181 1
23 206 1
23 213 1
23 222 1
23 238 1
23 247 1
23 260 1
23 272 1
23 282 1
23 284 1
23 287 1
23 298 1
23 300 1
23 308 1
23 312 1
23 313 1
23 322 1
23 328 1
23 330 1
23 331 1
23 334 1
23 341 1
23 347 1
23 353 1
23 360 1
23 363 1
23 368 1
23 373 1
23 376 1
23 380 1
23 381 1
23 395 1
24 39 1
24 46 1
24 49 1
24 54 1
24 56 1
24 58 1
24 62 1
24 68 1
24 87 1
24 98 1
24 103 1
24 116 1
24 135 1
24 139 1
24 144 1
24 180 1
24 184 1
24 193 1
24 197 1
24 198 1
24 202 1
24 203 1
24 210 1
24 217 1
24 221 1
24 234 1
24 236 1
24 240 1
24 250 1
24 260 1
24 261 1
24 267 1
24 284 1
24 296 1
24 320 1
24 330 1
24 336 1
24 343 1
24 345 1
24 365 1
24 366 1
24 368 1
24 373 1
24 379 1
24 397 1
25 46 1
25 62 1
25 70 1
25 77 1
25 88 1
25 97 1
25 120 1
25 159 1
25 164 1
25 180 1
25 211 1
25 229 1
25 232 1
25 238 1
25 256 1
25 259 1
25 279 1
25 282 1
25 289 1
25 305 1
25 312 1
25 317 1
25 319 1
25 329 1
25 357 1
25 387 1
26 45 1
26 49 1
26 53 1
26 72 1
26 79 1
26 87 1
26 92 1
26 93 1
26 95 1
26 129 1
26 139 1
26 141 1
26 147 1
26 176 1
26 184 1
26 190 1
26 196 1
26 202 1
26 208 1
26 209 1
26 211 1
26 216 1
26 218 1
26 230 1
26 236 1
26 237 1
26 244 1
26 247 1
26 270 1
26 298 1
26 310 1
26 314 1
26 315 1
26 317 1
26 323 1
26 328 1
26 336 1
26 378 1
26 391 1
26 396 1
26 399 1
27 28 1
27 33 1
27 38 1
27 48 1
27 49 1
27 52 1
27 59 1
27 63 1
27 64 1
27 67 1
27 74 1
27 77 1
27 78 1
27 86 1
27 90 1
27 99 1
27 106 1
27 107 1
27 121 1
27 127 1
27 136 1
27 141 1
27 145 1
27 158 1
27 161 1
27 162 1
27 182 1
27 188 1
27 193 1
27 202 1
27 225 1
27 229 1
27 234 1
27 243 1
27 246 1
27 253 1
27 259 1
27 266 1
27 271 1
27 274 1
27 283 1
27 286 1
27 298 1
27 321 1
27 324 1
27 332 1
27 352 1
27 357 1
27 363 1
27 370 1
27 379 1
27 395 1
27 400 1
28 31 1
28 32 1
28 37 1
28 55 1
28 75 1
28 80 1
28 81 1
28 91 1
28 106 1
28 108 1
28 112 1
28 117 1
28 124 1
28 127 1
28 134 1
28 137 1
28 146 1
28 150 1
28 152 1
28 194 1
28 217 1
28 230 1
28 237 1
28 254 1
28 269 1
28 271 1
28 272 1
28 276 1
28 277 1
28 297 1
28 298 1
28 319 1
28 349 1
28 355 1
28 373 1
28 399 1
29 30 1
29 40 1
29 42 1
29 43 1
29 79 1
29 98 1
29 108 1
29 109 1
29 125 1
29 129 1
29 137 1
29 142 1
29 143 1
29 158 1
29 159 1
29 161 1
29 165 1
29 205 1
29 207 1
29 216 1
29 221 1
29 231 1
29 233 1
29 241 1
29 248 1
29 267 1
29 272 1
29 285 1
29 294 1
29 308 1
29 310 1
29 319 1
29 328 1
29 350 1
29 361 1
29 366 1
29 378 1
29 379 1
29 387 1
29 396 1
29 397 1
30 42 1
30 53 1
30 54 1
30 56 1
30 63 1
30 68 1
30 88 1
30 91 1
30 92 1
30 94 1
30 103 1
30 111 1
30 123 1
30 143 1
30 146 1
30 161 1
30 163 1
30 171 1
30 175 1
30 185 1
30 195 1
30 219 1
30 231 1
30 232 1
30 247 1
30 253 1
30 261 1
30 271 1
30 272 1
30 284 1
30 294 1
30 297 1
30 306 1
30 310 1
30 313 1
30 317 1
30 322 1
30 323 1
30 326 1
30 343 1
30 344 1
30 345 1
30 355 1
30 359 1
30 361 1
30 362 1
30 369 1
30 375 1
30 379 1
30 381 1
30 387 1
30 400 1
31 37 1
31 40 1
31 54 1
31 63 1
31 80 1
31 94 1
31 95 1
31 116 1
31 118 1
31 138 1
31 147 1
31 150 1
31 171 1
31 172 1
31 176 1
31 193 1
31 201 1
31 202 1
31 229 1
31 230 1
31 232 1
31 256 1
31 258 1
31 263 1
31 269 1
31 275 1
31 297 1
31 299 1
31 303 1
31 310 1
31 322 1
31 346 1
31 355 1
31 362 1
31 367 1
31 391 1
32 36 1
32 39 1
32 48 1
32 50 1
32 86 1
32 92 1
32 95 1
32 99 1
32 108 1
32 118 1
32 125 1
32 126 1
32 141 1
32 145 1
32 147 1
32 158 1
32 160 1
32 174 1
32 176 1
32 212 1
32 214 1
32 216 1
32 219 1
32 229 1
32 231 1
32 232 1
32 247 1
32 257 1
32 268 1
32 284 1
32 319 1
32 332 1
32 343 1
32 344 1
32 377 1
32 382 1
32 388 1
33 36 1
33 45 1
33 49 1
33 51 1
33 63 1
33 72 1
33 85 1
33 86 1
33 104 1
33 108 1
33 112 1
33 124 1
33 127 1
33 130 1
33 145 1
33 156 1
33 171 1
33 179 1
33 198 1
33 213 1
33 221 1
33 225 1
33 234 1
33 235 1
33 246 1
33 250 1
33 255 1
33 257 1
33 269 1
33 274 1
33 278 1
33 280 1
33 292 1
33 293 1
33 294 1
33 301 1
33 304 1
33 317 1
33 318 1
33 320 1
33 326 1
33 337 1
33 341 1
33 350 1
33 361 1
33 362 1
33 394 1
34 38 1
34 47 1
34 52 1
34 53 1
34 58 1
34 67 1
34 70 1
34 77 1
34 120 1
34 122 1
34 128 1
34 130 1
34 132 1
34 144 1
34 173 1
34 185 1
34 197 1
34 200 1
34 207 1
34 209 1
34 210 1
34 215 1
34 235 1
34 236 1
34 240 1
34 247 1
34 258 1
34 269 1
34 291 1
34 295 1
34 300 1
34 302 1
34 304 1
34 318 1
34 324 1
34 342 1
34 343 1
34 345 1
34 352 1
34 387 1
34 388 1
34 391 1
34 395 1
34 396 1
34 400 1
35 39 1
35 41 1
35 55 1
35 73 1
35 75 1
35 83 1
35 105 1
35 114 1
35 116 1
35 129 1
35 142 1
35 147 1
35 154 1
35 160 1
35 172 1
35 183 1
35 202 1
35 208 1
35 221 1
35 233 1
35 246 1
35 252 1
35 258 1
35 261 1
35 270 1
35 310 1
35 324 1
35 351 1
35 362 1
35 364 1
35 378 1
35 382 1
35 389 1
35 392 1
35 393 1
36 44 1
36 45 1
36 68 1
36 78 1
36 79 1
36 90 1
36 92 1
36 95 1
36 104 1
36 111 1
36 122 1
36 123 1
36 144 1
36 153 1
36 155 1
36 160 1
36 165 1
36 174 1
36 175 1
36 180 1
36 201 1
36 207 1
36 217 1
36 224 1
36 229 1
36 236 1
36 237 1
36 256 1
36 268 1
36 272 1
36 280 1
36 282 1
36 285 1
36 304 1
36 306 1
36 313 1
36 320 1
36 333 1
36 340 1
36 345 1
36 352 1
36 358 1
36 373 1
36 387 1
36 393 1
36 396 1
36 397 1
37 39 1
37 47 1
37 80 1
37 109 1
37 118 1
37 125 1
37 127 1
37 139 1
37 142 1
37 150 1
37 154 1
37 165 1
37 197 1
37 214 1
37 216 1
37 269 1
37 270 1
37 281 1
37 288 1
37 297 1
37 307 1
37 309 1
37 314 1
37 319 1
37 322 1
37 372 1
37 382 1
38 39 1
38 42 1
38 81 1
38 104 1
38 105 1
38 109 1
38 127 1
38 136 1
38 138 1
38 142 1
38 147 1
38 155 1
38 160 1
38 170 1
38 192 1
38 193 1
38 200 1
38 216 1
38 221 1
38 251 1
38 263 1
38 270 1
38 277 1
38 280 1
38 285 1
38 296 1
38 297 1
38 322 1
38 325 1
38 327 1
38 328 1
38 340 1
38 345 1
38 363 1
38 380 1
38 383 1
38 384 1
38 397 1
39 46 1
39 56 1
39 70 1
39 72 1
39 83 1
39 92 1
39 99 1
39 103 1
39 106 1
39 107 1
39 128 1
39 130 1
39 142 1
39 143 1
39 146 1
39 162 1
39 192 1
39 199 1
39 200 1
39 205 1
39 243 1
39 249 1
39 255 1
39 261 1
39 268 1
39 278 1
39 298 1
39 300 1
39 305 1
39 318 1
39 328 1
39 365 1
39 368 1
39 390 1
40 45 1
40 56 1
40 74 1
40 84 1
40 115 1
40 124 1
40 128 1
40 129 1
40 137 1
40 138 1
40 144 1
40 146 1
40 148 1
40 163 1
40 165 1
40 196 1
40 199 1
40 215 1
40 218 1
40 225 1
40 248 1
40 258 1
40 261 1
40 264 1
40 266 1
40 267 1
40 279 1
40 287 1
40 292 1
40 295 1
40 296 1
40 298 1
40 311 1
40 312 1
40 325 1
40 349 1
40 358 1
40 373 1
40 386 1
41 58 1
41 60 1
41 65 1
41 67 1
41 69 1
41 99 1
41 146 1
41 156 1
41 169 1
41 186 1
41 189 1
41 203 1
41 213 1
41 220 1
41 224 1
41 266 1
41 287 1
41 326 1
41 327 1
41 341 1
41 345 1
41 354 1
41 360 1
41 362 1
41 373 1
41 374 1
41 377 1
41 381 1
42 49 1
42 53 1
42 56 1
42 57 1
42 66 1
42 71 1
42 91 1
42 96 1
42 117 1
42 131 1
42 135 1
42 146 1
42 162 1
42 163 1
42 167 1
42 187 1
42 199 1
42 200 1
42 213 1
42 217 1
42 225 1
42 227 1
42 239 1
42 244 1
42 245 1
42 246 1
42 248 1
42 253 1
42 264 1
42 266 1
42 300 1
42 302 1
42 304 1
42 313 1
42 325 1
42 352 1
42 372 1
42 376 1
42 381 1
42 385 1
43 55 1
43 56 1
43 59 1
43 61 1
43 82 1
43 111 1
43 117 1
43 133 1
43 137 1
43 146 1
43 151 1
43 176 1
43 177 1
43 186 1
43 190 1
43 203 1
43 253 1
43 285 1
43 300 1
43 312 1
43 320 1
43 325 1
43 332 1
43 337 1
43 338 1
43 373 1
43 374 1
43 379 1
43 386 1
43 397 1
43 400 1
44 67 1
44 69 1
44 79 1
44 89 1
44 91 1
44 96 1
44 106 1
44 124 1
44 133 1
44 140 1
44 145 1
44 148 1
44 150 1
44 158 1
44 162 1
44 183 1
44 195 1
44 220 1
44 222 1
44 239 1
44 240 1
44 249 1
44 254 1
44 264 1
44 280 1
44 287 1
44 296 1
44 330 1
44 349 1
44 400 1
45 48 1
45 49 1
45 53 1
45 56 1
45 69 1
45 70 1
45 76 1
45 84 1
45 89 1
45 107 1
45 108 1
45 119 1
45 120 1
45 150 1
45 152 1
45 161 1
45 164 1
45 168 1
45 169 1
45 171 1
45 181 1
45 189 1
45 193 1
45 202 1
45 212 1
45 220 1
45 240 1
45 246 1
45 256 1
45 260 1
45 269 1
45 289 1
45 298 1
45 301 1
45 304 1
45 318 1
45 333 1
45 337 1
45 350 1
45 353 1
45 368 1
46 55 1
46 64 1
46 79 1
46 95 1
46 104 1
46 124 1
46 125 1
46 136 1
46 138 1
46 146 1
46 155 1
46 159 1
46 171 1
46 192 1
46 193 1
46 198 1
46 203 1
46 208 1
46 218 1
46 223 1
46 229 1
46 236 1
46 251 1
46 267 1
46 271 1
46 274 1
46 276 1
46 285 1
46 306 1
46 309 1
46 328 1
46 370 1
46 380 1
46 383 1
46 388 1
46 392 1
47 63 1
47 71 1
47 72 1
47 78 1
47 89 1
47 113 1
47 124 1
47 127 1
47 128 1
47 131 1
47 137 1
47 148 1
47 157 1
47 174 1
47 190 1
47 193 1
47 199 1
47 207 1
47 209 1
47 221 1
47 236 1
47 242 1
47 261 1
47 266 1
47 267 1
47 268 1
47 284 1
47 317 1
47 324 1
47 325 1
47 349 1
47 354 1
47 360 1
47 361 1
47 388 1
47 391 1
47 393 1
48 74 1
48 76 1
48 78 1
48 81 1
48 92 1
48 110 1
48 112 1
48 113 1
48 120 1
48 127 1
48 136 1
48 154 1
48 183 1
48 192 1
48 194 1
48 196 1
48 208 1
48 215 1
48 224 1
48 232 1
48 243 1
48 248 1
48 259 1
48 270 1
48 272 1
48 275 1
48 281 1
48 293 1
48 299 1
48 303 1
48 340 1
48 352 1
48 362 1
48 372 1
48 382 1
49 53 1
49 54 1
49 72 1
49 75 1
49 81 1
49 86 1
49 94 1
49 104 1
49 114 1
49 125 1
49 141 1
49 171 1
49 190 1
49 209 1
49 226 1
49 236 1
49 247 1
49 270 1
49 271 1
49 277 1
49 281 1
49 291 1
49 305 1
49 317 1
49 319 1
49 336 1
49 340 1
49 345 1
49 355 1
49 383 1
50 54 1
50 59 1
50 77 1
50 86 1
50 92 1
50 96 1
50 103 1
50 107 1
50 108 1
50 112 1
50 118 1
50 124 1
50 155 1
50 172 1
50 183 1
50 189 1
50 191 1
50 205 1
50 229 1
50 238 1
50 245 1
50 261 1
50 271 1
50 273 1
50 275 1
50 282 1
50 284 1
50 286 1
50 299 1
50 301 1
50 319 1
50 344 1
50 352 1
50 355 1
50 364 1
50 384 1
50 388 1
51 54 1
51 57 1
51 59 1
51 77 1
51 89 1
51 104 1
51 120 1
51 127 1
51 133 1
51 141 1
51 172 1
51 191 1
51 203 1
51 204 1
51 217 1
51 222 1
51 232 1
51 236 1
51 248 1
51 255 1
51 264 1
51 266 1
51 279 1
51 306 1
51 313 1
51 321 1
51 345 1
51 348 1
51 353 1
51 355 1
51 357 1
51 358 1
51 368 1
51 369 1
51 380 1
51 400 1
52 84 1
52 97 1
52 103 1
52 106 1
52 109 1
52 114 1
52 117 1
52 125 1
52 141 1
52 155 1
52 185 1
52 189 1
52 192 1
52 193 1
52 201 1
52 208 1
52 210 1
52 219 1
52 228 1
52 232 1
52 237 1
52 243 1
52 248 1
52 251 1
52 252 1
52 256 1
52 260 1
52 276 1
52 281 1
52 285 1
52 287 1
52 294 1
52 297 1
52 301 1
52 306 1
52 310 1
52 313 1
52 315 1
52 327 1
52 340 1
52 345 1
52 359 1
52 360 1
52 367 1
52 376 1
52 379 1
52 392 1
52 397 1
53 60 1
53 72 1
53 75 1
53 83 1
53 107 1
53 108 1
53 111 1
53 114 1
53 123 1
53 128 1
53 131 1
53 136 1
53 141 1
53 147 1
53 165 1
53 190 1
53 191 1
53 197 1
53 205 1
53 208 1
53 209 1
53 216 1
53 257 1
53 259 1
53 273 1
53 291 1
53 295 1
53 299 1
53 305 1
53 326 1
53 344 1
53 365 1
53 378 1
53 387 1
53 392 1
53 400 1
54 61 1
54 66 1
54 85 1
54 87 1
54 96 1
54 109 1
54 117 1
54 124 1
54 126 1
54 138 1
54 141 1
54 142 1
54 150 1
54 167 1
54 169 1
54 174 1
54 175 1
54 176 1
54 180 1
54 197 1
54 198 1
54 209 1
54 215 1
54 228 1
54 242 1
54 243 1
54 277 1
54 282 1
54 287 1
54 290 1
54 295 1
54 296 1
54 302 1
54 310 1
54 316 1
54 320 1
54 347 1
54 349 1
54 353 1
54 367 1
54 369 1
54 383 1
54 400 1
55 67 1
55 72 1
55 80 1
55 102 1
55 131 1
55 137 1
55 166 1
55 176 1
55 177 1
55 187 1
55 189 1
55 204 1
55 220 1
55 228 1
55 262 1
55 285 1
55 293 1
55 294 1
55 313 1
55 316 1
55 318 1
55 331 1
55 335 1
55 343 1
55 357 1
55 381 1
55 385 1
55 393 1
55 397 1
55 398 1
56 58 1
56 78 1
56 81 1
56 83 1
56 87 1
56 90 1
56 93 1
56 117 1
56 128 1
56 141 1
56 142 1
56 163 1
56 164 1
56 168 1
56 174 1
56 178 1
56 187 1
56 188 1
56 206 1
56 210 1
56 237 1
56 244 1
56 248 1
56 251 1
56 253 1
56 256 1
56 261 1
56 293 1
56 297 1
56 299 1
56 300 1
56 302 1
56 305 1
56 306 1
56 331 1
56 344 1
56 359 1
56 379 1
56 382 1
56 388 1
57 66 1
57 68 1
57 74 1
57 100 1
57 104 1
57 108 1
57 138 1
57 175 1
57 194 1
57 231 1
57 247 1
57 253 1
57 254 1
57 263 1
57 328 1
57 333 1
57 338 1
57 345 1
57 347 1
57 353 1
57 359 1
57 380 1
57 388 1
57 394 1
57 397 1
58 68 1
58 74 1
58 90 1
58 95 1
58 103 1
58 104 1
58 107 1
58 131 1
58 149 1
58 152 1
58 154 1
58 164 1
58 175 1
58 207 1
58 221 1
58 227 1
58 252 1
58 272 1
58 282 1
58 301 1
58 304 1
58 306 1
58 312 1
58 315 1
58 317 1
58 323 1
58 337 1
58 346 1
58 349 1
58 368 1
58 371 1
58 372 1
58 378 1
58 384 1
58 386 1
58 387 1
58 392 1
58 398 1
59 77 1
59 84 1
59 96 1
59 103 1
59 119 1
59 127 1
59 147 1
59 172 1
59 175 1
59 176 1
59 185 1
59 189 1
59 196 1
59 207 1
59 208 1
59 223 1
59 233 1
59 245 1
59 247 1
59 254 1
59 281 1
59 282 1
59 290 1
59 334 1
59 362 1
59 365 1
59 371 1
59 383 1
59 384 1
59 397 1
60 64 1
60 66 1
60 71 1
60 80 1
60 82 1
60 111 1
60 131 1
60 135 1
60 152 1
60 162 1
60 174 1
60 182 1
60 199 1
60 246 1
60 249 1
60 250 1
60 253 1
60 259 1
60 262 1
60 265 1
60 269 1
60 293 1
60 296 1
60 313 1
60 320 1
60 327 1
60 338 1
60 341 1
60 345 1
60 354 1
60 360 1
60 362 1
60 379 1
60 390 1
60 395 1
61 81 1
61 92 1
61 93 1
61 94 1
61 118 1
61 133 1
61 138 1
61 142 1
61 158 1
61 166 1
61 169 1
61 171 1
61 204 1
61 215 1
61 221 1
61 223 1
61 232 1
61 237 1
61 256 1
61 297 1
61 301 1
61 305 1
61 344 1
61 345 1
61 357 1
61 364 1
61 378 1
61 383 1
62 78 1
62 91 1
62 114 1
62 142 1
62 149 1
62 152 1
62 154 1
62 165 1
62 185 1
62 196 1
62 201 1
62 206 1
62 237 1
62 249 1
62 254 1
62 275 1
62 288 1
62 290 1
62 297 1
62 336 1
62 340 1
62 359 1
62 371 1
62 372 1
62 380 1
62 384 1
62 387 1
63 85 1
63 86 1
63 90 1
63 97 1
63 118 1
63 126 1
63 129 1
63 131 1
63 133 1
63 135 1
63 156 1
63 162 1
63 164 1
63 188 1
63 190 1
63 193 1
63 197 1
63 222 1
63 232 1
63 242 1
63 245 1
63 250 1
63 261 1
63 267 1
63 269 1
63 282 1
63 283 1
63 302 1
63 311 1
63 318 1
63 323 1
63 335 1
63 337 1
63 339 1
63 343 1
63 349 1
63 351 1
63 367 1
63 380 1
63 382 1
63 398 1
64 73 1
64 94 1
64 103 1
64 124 1
64 138 1
64 146 1
64 154 1
64 155 1
64 171 1
64 198 1
64 202 1
64 203 1
64 205 1
64 210 1
64 214 1
64 215 1
64 216 1
64 217 1
64 230 1
64 237 1
64 241 1
64 260 1
64 263 1
64 274 1
64 281 1
64 290 1
64 308 1
64 317 1
64 328 1
64 345 1
64 370 1
64 372 1
64 384 1
64 387 1
64 391 1
65 75 1
65 88 1
65 100 1
65 127 1
65 129 1
65 139 1
65 151 1
65 155 1
65 160 1
65 181 1
65 193 1
65 218 1
65 219 1
65 223 1
65 226 1
65 234 1
65 259 1
65 268 1
65 270 1
65 286 1
65 289 1
65 317 1
65 319 1
65 336 1
65 353 1
65 367 1
65 378 1
65 384 1
65 392 1
65 400 1
66 74 1
66 78 1
66 103 1
66 104 1
66 105 1
66 109 1
66 119 1
66 138 1
66 155 1
66 164 1
66 165 1
66 184 1
66 205 1
66 217 1
66 230 1
66 231 1
66 234 1
66 247 1
66 253 1
66 272 1
66 295 1
66 297 1
66 298 1
66 315 1
66 328 1
66 333 1
66 338 1
66 347 1
66 391 1
66 399 1
67 78 1
67 81 1
67 98 1
67 103 1
67 118 1
67 129 1
67 135 1
67 141 1
67 149 1
67 154 1
67 168 1
67 174 1
67 176 1
67 178 1
67 195 1
67 201 1
67 202 1
67 210 1
67 220 1
67 221 1
67 236 1
67 256 1
67 266 1
67 268 1
67 270 1
67 274 1
67 275 1
67 298 1
67 301 1
67 317 1
67 359 1
67 383 1
67 392 1
68 102 1
68 121 1
68 139 1
68 148 1
68 163 1
68 177 1
68 181 1
68 182 1
68 198 1
68 199 1
68 234 1
68 267 1
68 273 1
68 292 1
68 313 1
68 326 1
68 331 1
68 358 1
68 366 1
68 381 1
69 84 1
69 101 1
69 102 1
69 103 1
69 117 1
69 128 1
69 134 1
69 139 1
69 140 1
69 149 1
69 195 1
69 201 1
69 205 1
69 215 1
69 230 1
69 232 1
69 236 1
69 278 1
69 284 1
69 304 1
69 310 1
69 322 1
69 336 1
69 349 1
69 373 1
69 393 1
70 75 1
70 93 1
70 94 1
70 98 1
70 108 1
70 119 1
70 136 1
70 138 1
70 150 1
70 155 1
70 158 1
70 164 1
70 171 1
70 175 1
70 179 1
70 184 1
70 244 1
70 247 1
70 255 1
70 256 1
70 263 1
70 285 1
70 301 1
70 306 1
70 316 1
70 317 1
70 336 1
70 350 1
70 371 1
70 378 1
70 392 1
71 78 1
71 79 1
71 81 1
71 82 1
71 84 1
71 92 1
71 100 1
71 119 1
71 131 1
71 142 1
71 145 1
71 155 1
71 165 1
71 202 1
71 222 1
71 237 1
71 267 1
71 271 1
71 273 1
71 290 1
71 299 1
71 306 1
71 336 1
71 346 1
71 356 1
71 359 1
71 378 1
72 81 1
72 86 1
72 111 1
72 116 1
72 124 1
72 137 1
72 152 1
72 183 1
72 184 1
72 189 1
72 190 1
72 201 1
72 209 1
72 211 1
72 217 1
72 230 1
72 235 1
72 257 1
72 272 1
72 280 1
72 287 1
72 288 1
72 290 1
72 306 1
72 310 1
72 313 1
72 326 1
72 330 1
72 332 1
72 366 1
72 381 1
72 382 1
72 388 1
72 391 1
72 393 1
73 91 1
73 96 1
73 109 1
73 129 1
73 157 1
73 166 1
73 167 1
73 174 1
73 179 1
73 181 1
73 199 1
73 209 1
73 220 1
73 262 1
73 294 1
73 299 1
73 309 1
73 326 1
73 348 1
73 349 1
73 358 1
73 360 1
73 374 1
73 393 1
73 396 1
74 81 1
74 92 1
74 93 1
74 105 1
74 163 1
74 226 1
74 252 1
74 253 1
74 259 1
74 263 1
74 273 1
74 275 1
74 282 1
74 284 1
74 287 1
74 288 1
74 304 1
74 327 1
74 333 1
74 338 1
74 343 1
74 347 1
74 351 1
74 380 1
74 391 1
74 393 1
74 397 1
75 77 1
75 116 1
75 117 1
75 120 1
75 123 1
75 124 1
75 126 1
75 148 1
75 166 1
75 170 1
75 174 1
75 194 1
75 213 1
75 224 1
75 243 1
75 262 1
75 280 1
75 282 1
75 288 1
75 324 1
75 328 1
75 370 1
75 374 1
75 400 1
76 83 1
76 87 1
76 93 1
76 95 1
76 113 1
76 120 1
76 134 1
76 160 1
76 171 1
76 184 1
76 191 1
76 196 1
76 201 1
76 224 1
76 237 1
76 260 1
76 275 1
76 281 1
76 286 1
76 297 1
76 301 1
76 307 1
76 319 1
76 323 1
76 327 1
76 350 1
76 356 1
76 362 1
76 367 1
76 397 1
77 88 1
77 96 1
77 108 1
77 112 1
77 118 1
77 142 1
77 161 1
77 185 1
77 189 1
77 193 1
77 201 1
77 208 1
77 216 1
77 229 1
77 230 1
77 236 1
77 245 1
77 282 1
77 285 1
77 288 1
77 301 1
77 305 1
77 317 1
77 356 1
77 367 1
77 372 1
77 383 1
77 389 1
77 394 1
78 91 1
78 99 1
78 106 1
78 116 1
78 120 1
78 128 1
78 129 1
78 132 1
78 137 1
78 151 1
78 156 1
78 161 1
78 179 1
78 181 1
78 184 1
78 187 1
78 193 1
78 206 1
78 214 1
78 215 1
78 216 1
78 226 1
78 247 1
78 259 1
78 272 1
78 278 1
78 311 1
78 317 1
78 344 1
78 347 1
78 358 1
78 361 1
78 376 1
78 379 1
78 380 1
78 393 1
78 396 1
79 82 1
79 83 1
79 91 1
79 97 1
79 127 1
79 128 1
79 130 1
79 138 1
79 143 1
79 150 1
79 151 1
79 158 1
79 163 1
79 168 1
79 180 1
79 182 1
79 189 1
79 195 1
79 204 1
79 220 1
79 224 1
79 232 1
79 235 1
79 244 1
79 247 1
79 249 1
79 254 1
79 255 1
79 260 1
79 265 1
79 316 1
79 317 1
79 318 1
79 325 1
79 338 1
79 345 1
79 383 1
79 390 1
80 108 1
80 111 1
80 115 1
80 117 1
80 128 1
80 139 1
80 141 1
80 149 1
80 166 1
80 171 1
80 172 1
80 182 1
80 193 1
80 196 1
80 197 1
80 207 1
80 216 1
80 219 1
80 227 1
80 235 1
80 240 1
80 254 1
80 269 1
80 310 1
80 316 1
80 332 1
80 345 1
80 346 1
80 349 1
80 359 1
80 369 1
80 380 1
80 381 1
81 82 1
81 90 1
81 110 1
81 113 1
81 122 1
81 124 1
81 133 1
81 140 1
81 143 1
81 157 1
81 169 1
81 188 1
81 203 1
81 208 1
81 238 1
81 239 1
81 249 1
81 263 1
81 273 1
81 274 1
81 278 1
81 279 1
81 291 1
81 296 1
81 302 1
81 321 1
81 344 1
81 361 1
81 363 1
81 368 1
81 381 1
81 395 1
82 112 1
82 131 1
82 145 1
82 149 1
82 170 1
82 172 1
82 184 1
82 192 1
82 194 1
82 197 1
82 215 1
82 222 1
82 234 1
82 236 1
82 273 1
82 283 1
82 297 1
82 319 1
82 323 1
82 340 1
82 356 1
82 364 1
82 365 1
82 388 1
83 84 1
83 87 1
83 98 1
83 104 1
83 105 1
83 112 1
83 128 1
83 133 1
83 137 1
83 146 1
83 150 1
83 151 1
83 156 1
83 158 1
83 168 1
83 177 1
83 188 1
83 189 1
83 206 1
83 209 1
83 215 1
83 221 1
83 234 1
83 238 1
83 239 1
83 240 1
83 253 1
83 260 1
83 265 1
83 273 1
83 289 1
83 294 1
83 304 1
83 306 1
83 315 1
83 325 1
83 332 1
83 339 1
83 342 1
83 348 1
83 353 1
83 358 1
83 361 1
83 377 1
83 383 1
83 392 1
83 396 1
83 397 1
83 400 1
84 86 1
84 89 1
84 91 1
84 102 1
84 107 1
84 110 1
84 113 1
84 119 1
84 124 1
84 151 1
84 158 1
84 178 1
84 179 1
84 185 1
84 187 1
84 197 1
84 198 1
84 210 1
84 215 1
84 217 1
84 220 1
84 241 1
84 261 1
84 264 1
84 265 1
84 267 1
84 298 1
84 303 1
84 312 1
84 324 1
84 330 1
84 331 1
84 337 1
84 341 1
84 345 1
84 347 1
84 351 1
84 353 1
84 360 1
84 363 1
84 364 1
84 369 1
84 380 1
84 383 1
84 390 1
84 394 1
85 86 1
85 88 1
85 108 1
85 128 1
85 130 1
85 140 1
85 142 1
85 149 1
85 154 1
85 155 1
85 163 1
85 185 1
85 191 1
85 197 1
85 205 1
85 231 1
85 251 1
85 261 1
85 274 1
85 281 1
85 307 1
85 310 1
85 318 1
85 329 1
85 352 1
85 353 1
85 356 1
85 384 1
85 392 1
86 88 1
86 91 1
86 97 1
86 106 1
86 123 1
86 133 1
86 144 1
86 148 1
86 151 1
86 152 1
86 156 1
86 163 1
86 168 1
86 169 1
86 173 1
86 198 1
86 202 1
86 203 1
86 209 1
86 232 1
86 240 1
86 241 1
86 246 1
86 255 1
86 258 1
86 261 1
86 266 1
86 276 1
86 298 1
86 303 1
86 304 1
86 313 1
86 320 1
86 324 1
86 357 1
86 363 1
86 364 1
86 377 1
86 379 1
86 381 1
86 383 1
86 387 1
86 394 1
87 97 1
87 102 1
87 116 1
87 117 1
87 123 1
87 137 1
87 138 1
87 141 1
87 148 1
87 152 1
87 153 1
87 169 1
87 181 1
87 182 1
87 209 1
87 224 1
87 228 1
87 230 1
87 235 1
87 237 1
87 239 1
87 243 1
87 244 1
87 256 1
87 272 1
87 283 1
87 294 1
87 317 1
87 318 1
87 321 1
87 324 1
87 329 1
87 331 1
87 339 1
87 347 1
87 353 1
87 359 1
87 360 1
87 361 1
87 369 1
87 375 1
87 376 1
87 378 1
87 380 1
87 381 1
88 101 1
88 111 1
88 116 1
88 121 1
88 127 1
88 128 1
88 138 1
88 140 1
88 148 1
88 163 1
88 167 1
88 184 1
88 186 1
88 188 1
88 190 1
88 203 1
88 210 1
88 215 1
88 224 1
88 227 1
88 258 1
88 262 1
88 278 1
88 280 1
88 288 1
88 308 1
88 317 1
88 322 1
88 334 1
88 357 1
88 375 1
88 378 1
88 380 1
89 95 1
89 103 1
89 107 1
89 114 1
89 115 1
89 128 1
89 129 1
89 134 1
89 139 1
89 154 1
89 159 1
89 164 1
89 171 1
89 184 1
89 185 1
89 195 1
89 201 1
89 228 1
89 241 1
89 242 1
89 252 1
89 267 1
89 272 1
89 277 1
89 281 1
89 283 1
89 290 1
89 320 1
89 328 1
89 342 1
89 346 1
89 389 1
90 91 1
90 93 1
90 94 1
90 103 1
90 104 1
90 109 1
90 112 1
90 124 1
90 137 1
90 146 1
90 166 1
90 193 1
90 198 1
90 208 1
90 210 1
90 217 1
90 224 1
90 229 1
90 269 1
90 274 1
90 282 1
90 290 1
90 306 1
90 307 1
90 312 1
90 315 1
90 327 1
90 330 1
90 337 1
90 345 1
90 366 1
90 372 1
90 380 1
90 386 1
90 388 1
90 390 1
90 398 1
91 92 1
91 94 1
91 98 1
91 108 1
91 110 1
91 140 1
91 145 1
91 152 1
91 154 1
91 182 1
91 185 1
91 191 1
91 194 1
91 197 1
91 201 1
91 214 1
91 231 1
91 237 1
91 249 1
91 267 1
91 268 1
91 272 1
91 273 1
91 276 1
91 277 1
91 282 1
91 325 1
91 328 1
91 332 1
91 333 1
91 339 1
91 346 1
91 351 1
91 352 1
91 353 1
91 355 1
91 365 1
91 366 1
91 368 1
91 375 1
91 390 1
91 394 1
91 397 1
91 398 1
91 400 1
92 99 1
92 107 1
92 117 1
92 126 1
92 130 1
92 132 1
92 144 1
92 145 1
92 177 1
92 190 1
92 192 1
92 213 1
92 245 1
92 261 1
92 262 1
92 325 1
92 326 1
92 330 1
92 332 1
92 337 1
92 365 1
92 385 1
93 96 1
93 114 1
93 121 1
93 132 1
93 177 1
93 193 1
93 215 1
93 222 1
93 223 1
93 250 1
93 278 1
93 279 1
93 287 1
93 292 1
93 300 1
93 325 1
93 332 1
93 333 1
93 337 1
93 358 1
93 360 1
93 379 1
94 104 1
94 131 1
94 143 1
94 157 1
94 178 1
94 203 1
94 213 1
94 235 1
94 240 1
94 247 1
94 250 1
94 264 1
94 276 1
94 297 1
94 312 1
94 331 1
94 335 1
94 346 1
94 348 1
94 357 1
94 373 1
94 377 1
95 100 1
95 123 1
95 152 1
95 162 1
95 169 1
95 174 1
95 183 1
95 184 1
95 188 1
95 204 1
95 205 1
95 224 1
95 225 1
95 235 1
95 238 1
95 249 1
95 259 1
95 269 1
95 282 1
95 292 1
95 294 1
95 326 1
95 332 1
95 337 1
95 340 1
95 359 1
95 361 1
95 368 1
95 373 1
95 379 1
95 381 1
96 134 1
96 154 1
96 164 1
96 189 1
96 217 1
96 218 1
96 232 1
96 244 1
96 245 1
96 274 1
96 282 1
96 291 1
96 297 1
96 301 1
96 314 1
96 319 1
96 328 1
96 336 1
96 340 1
96 382 1
96 397 1
97 100 1
97 106 1
97 108 1
97 112 1
97 118 1
97 125 1
97 127 1
97 142 1
97 149 1
97 191 1
97 205 1
97 271 1
97 281 1
97 287 1
97 307 1
97 328 1
97 355 1
97 360 1
97 362 1
97 367 1
97 371 1
97 376 1
97 397 1
98 105 1
98 107 1
98 112 1
98 116 1
98 131 1
98 133 1
98 150 1
98 156 1
98 164 1
98 187 1
98 199 1
98 203 1
98 222 1
98 235 1
98 238 1
98 245 1
98 249 1
98 256 1
98 260 1
98 262 1
98 269 1
98 276 1
98 279 1
98 298 1
98 304 1
98 315 1
98 324 1
98 325 1
98 326 1
98 329 1
98 330 1
98 331 1
98 333 1
98 337 1
98 343 1
98 358 1
98 363 1
98 369 1
98 392 1
98 393 1
98 396 1
99 101 1
99 126 1
99 134 1
99 138 1
99 141 1
99 147 1
99 154 1
99 158 1
99 185 1
99 191 1
99 192 1
99 210 1
99 212 1
99 223 1
99 233 1
99 251 1
99 271 1
99 283 1
99 285 1
99 295 1
99 332 1
99 340 1
99 353 1
99 355 1
99 356 1
99 377 1
99 378 1
99 384 1
99 389 1
100 110 1
100 120 1
100 133 1
100 163 1
100 184 1
100 186 1
100 188 1
100 205 1
100 212 1
100 235 1
100 240 1
100 245 1
100 249 1
100 257 1
100 273 1
100 300 1
100 302 1
100 304 1
100 316 1
100 332 1
100 340 1
100 343 1
100 347 1
100 352 1
100 359 1
100 360 1
100 390 1
101 110 1
101 121 1
101 123 1
101 124 1
101 130 1
101 140 1
101 173 1
101 177 1
101 181 1
101 198 1
101 264 1
101 300 1
101 308 1
101 316 1
101 322 1
101 330 1
101 332 1
101 334 1
101 335 1
101 338 1
101 344 1
101 354 1
101 376 1
101 385 1
102 109 1
102 118 1
102 136 1
102 205 1
102 218 1
102 226 1
102 252 1
102 260 1
102 261 1
102 263 1
102 278 1
102 281 1
102 284 1
102 285 1
102 288 1
102 307 1
102 314 1
102 319 1
102 349 1
102 366 1
102 372 1
102 383 1
103 128 1
103 129 1
103 150 1
103 156 1
103 167 1
103 173 1
103 174 1
103 184 1
103 185 1
103 188 1
103 199 1
103 225 1
103 228 1
103 243 1
103 245 1
103 247 1
103 251 1
103 279 1
103 287 1
103 306 1
103 312 1
103 314 1
103 316 1
103 321 1
103 324 1
103 325 1
103 326 1
103 331 1
103 335 1
103 352 1
103 362 1
103 363 1
103 378 1
103 399 1
104 107 1
104 109 1
104 110 1
104 117 1
104 121 1
104 123 1
104 124 1
104 131 1
104 141 1
104 144 1
104 163 1
104 180 1
104 202 1
104 205 1
104 212 1
104 225 1
104 245 1
104 247 1
104 248 1
104 257 1
104 267 1
104 273 1
104 276 1
104 278 1
104 293 1
104 297 1
104 300 1
104 326 1
104 332 1
104 343 1
104 346 1
104 360 1
104 361 1
104 378 1
104 381 1
104 387 1
105 106 1
105 124 1
105 144 1
105 162 1
105 204 1
105 212 1
105 222 1
105 224 1
105 225 1
105 235 1
105 243 1
105 253 1
105 260 1
105 278 1
105 292 1
105 300 1
105 304 1
105 312 1
105 315 1
105 320 1
105 333 1
105 369 1
105 370 1
105 377 1
105 381 1
105 386 1
105 392 1
105 393 1
106 138 1
106 139 1
106 142 1
106 153 1
106 161 1
106 171 1
106 172 1
106 175 1
106 176 1
106 187 1
106 192 1
106 209 1
106 211 1
106 229 1
106 235 1
106 251 1
106 254 1
106 257 1
106 260 1
106 274 1
106 280 1
106 287 1
106 288 1
106 297 1
106 304 1
106 308 1
106 309 1
106 333 1
106 339 1
106 343 1
106 349 1
106 353 1
106 360 1
106 376 1
106 387 1
106 389 1
106 391 1
106 398 1
107 115 1
107 141 1
107 152 1
107 174 1
107 175 1
107 181 1
107 185 1
107 194 1
107 217 1
107 218 1
107 228 1
107 231 1
107 240 1
107 242 1
107 282 1
107 285 1
107 290 1
107 298 1
107 316 1
107 320 1
107 322 1
107 342 1
107 362 1
107 366 1
107 369 1
107 373 1
107 382 1
107 384 1
107 400 1
108 151 1
108 157 1
108 171 1
108 177 1
108 180 1
108 200 1
108 220 1
108 243 1
108 246 1
108 264 1
108 300 1
108 301 1
108 302 1
108 316 1
108 321 1
108 330 1
108 335 1
108 337 1
108 343 1
108 347 1
108 350 1
108 360 1
108 368 1
108 379 1
108 386 1
108 393 1
108 398 1
108 400 1
109 129 1
109 131 1
109 132 1
109 133 1
109 150 1
109 190 1
109 205 1
109 220 1
109 239 1
109 243 1
109 255 1
109 276 1
109 278 1
109 299 1
109 300 1
109 309 1
109 312 1
109 317 1
109 318 1
109 331 1
109 335 1
109 344 1
109 349 1
109 352 1
109 358 1
109 361 1
109 396 1
110 114 1
110 125 1
110 128 1
110 136 1
110 139 1
110 154 1
110 159 1
110 194 1
110 205 1
110 215 1
110 221 1
110 229 1
110 231 1
110 233 1
110 234 1
110 237 1
110 240 1
110 256 1
110 262 1
110 279 1
110 281 1
110 288 1
110 304 1
110 313 1
110 322 1
110 330 1
110 334 1
110 335 1
110 336 1
110 344 1
110 351 1
110 368 1
110 371 1
110 374 1
110 375 1
110 387 1
110 394 1
111 112 1
111 116 1
111 122 1
111 124 1
111 127 1
111 138 1
111 140 1
111 144 1
111 146 1
111 154 1
111 166 1
111 168 1
111 178 1
111 180 1
111 195 1
111 196 1
111 217 1
111 223 1
111 286 1
111 287 1
111 290 1
111 304 1
111 306 1
111 307 1
111 309 1
111 315 1
111 326 1
111 333 1
111 353 1
111 358 1
111 363 1
111 365 1
111 373 1
111 398 1
112 113 1
112 127 1
112 131 1
112 132 1
112 150 1
112 162 1
112 164 1
112 174 1
112 180 1
112 182 1
112 184 1
112 200 1
112 213 1
112 220 1
112 222 1
112 227 1
112 257 1
112 260 1
112 269 1
112 278 1
112 290 1
112 293 1
112 304 1
112 311 1
112 328 1
112 337 1
112 348 1
112 352 1
112 353 1
112 356 1
112 359 1
112 362 1
112 365 1
112 371 1
112 377 1
112 381 1
112 384 1
112 386 1
112 390 1
112 394 1
112 396 1
113 120 1
113 149 1
113 153 1
113 184 1
113 193 1
113 196 1
113 224 1
113 231 1
113 256 1
113 285 1
113 297 1
113 298 1
113 315 1
113 322 1
113 334 1
113 353 1
113 356 1
113 359 1
113 365 1
113 397 1
114 117 1
114 121 1
114 126 1
114 132 1
114 143 1
114 156 1
114 181 1
114 187 1
114 193 1
114 203 1
114 213 1
114 215 1
114 222 1
114 223 1
114 240 1
114 264 1
114 284 1
114 300 1
114 316 1
114 339 1
114 342 1
114 343 1
114 352 1
114 361 1
114 374 1
115 146 1
115 151 1
115 165 1
115 181 1
115 183 1
115 196 1
115 199 1
115 235 1
115 250 1
115 257 1
115 258 1
115 269 1
115 287 1
115 292 1
115 298 1
115 300 1
115 318 1
115 326 1
115 347 1
115 348 1
115 351 1
115 357 1
115 369 1
115 370 1
116 122 1
116 127 1
116 132 1
116 144 1
116 170 1
116 173 1
116 180 1
116 189 1
116 194 1
116 200 1
116 213 1
116 232 1
116 236 1
116 238 1
116 239 1
116 248 1
116 256 1
116 266 1
116 272 1
116 284 1
116 288 1
116 291 1
116 294 1
116 300 1
116 311 1
116 312 1
116 325 1
116 328 1
116 344 1
116 347 1
116 387 1
117 128 1
117 148 1
117 150 1
117 155 1
117 177 1
117 182 1
117 183 1
117 217 1
117 218 1
117 230 1
117 243 1
117 251 1
117 252 1
117 254 1
117 261 1
117 264 1
117 265 1
117 274 1
117 277 1
117 280 1
117 282 1
117 291 1
117 293 1
117 298 1
117 301 1
117 315 1
117 319 1
117 325 1
117 332 1
117 344 1
117 359 1
117 380 1
117 395 1
117 399 1
118 123 1
118 130 1
118 131 1
118 133 1
118 143 1
118 169 1
118 186 1
118 189 1
118 198 1
118 200 1
118 220 1
118 238 1
118 278 1
118 283 1
118 284 1
118 287 1
118 296 1
118 320 1
118 323 1
118 337 1
118 342 1
118 349 1
118 370 1
118 374 1
118 377 1
118 380 1
118 381 1
118 382 1
119 124 1
119 125 1
119 127 1
119 133 1
119 137 1
119 146 1
119 155 1
119 169 1
119 177 1
119 179 1
119 183 1
119 203 1
119 213 1
119 215 1
119 232 1
119 233 1
119 242 1
119 243 1
119 248 1
119 255 1
119 256 1
119 265 1
119 267 1
119 269 1
119 279 1
119 306 1
119 336 1
119 338 1
119 354 1
119 362 1
119 365 1
119 374 1
119 378 1
119 397 1
120 136 1
120 137 1
120 215 1
120 219 1
120 224 1
120 230 1
120 241 1
120 244 1
120 263 1
120 275 1
120 283 1
120 285 1
120 288 1
120 303 1
120 307 1
120 319 1
120 327 1
120 328 1
120 378 1
120 387 1
120 389 1
120 391 1
120 392 1
121 129 1
121 147 1
121 157 1
121 172 1
121 202 1
121 229 1
121 236 1
121 244 1
121 254 1
121 268 1
121 271 1
121 274 1
121 290 1
121 328 1
121 340 1
121 343 1
121 355 1
121 366 1
121 369 1
121 373 1
121 382 1
121 385 1
121 399 1
122 127 1
122 144 1
122 168 1
122 172 1
122 180 1
122 201 1
122 215 1
122 219 1
122 230 1
122 247 1
122 254 1
122 261 1
122 271 1
122 290 1
122 303 1
122 310 1
122 328 1
122 358 1
122 380 1
122 388 1
122 399 1
123 140 1
123 145 1
123 152 1
123 160 1
123 162 1
123 178 1
123 182 1
123 194 1
123 213 1
123 214 1
123 219 1
123 228 1
123 229 1
123 234 1
123 236 1
123 239 1
123 251 1
123 257 1
123 268 1
123 284 1
123 288 1
123 297 1
123 299 1
123 316 1
123 333 1
123 350 1
123 353 1
123 381 1
123 383 1
123 384 1
123 393 1
123 400 1
124 146 1
124 158 1
124 174 1
124 185 1
124 193 1
124 195 1
124 196 1
124 198 1
124 203 1
124 206 1
124 237 1
124 247 1
124 273 1
124 275 1
124 280 1
124 284 1
124 287 1
124 305 1
124 307 1
124 310 1
124 317 1
124 328 1
124 339 1
124 344 1
124 345 1
124 355 1
124 370 1
124 384 1
125 126 1
125 127 1
125 133 1
125 152 1
125 155 1
125 157 1
125 163 1
125 173 1
125 180 1
125 181 1
125 189 1
125 199 1
125 213 1
125 227 1
125 233 1
125 282 1
125 284 1
125 325 1
125 329 1
125 330 1
125 336 1
125 358 1
125 361 1
125 363 1
125 381 1
125 390 1
125 398 1
126 137 1
126 168 1
126 208 1
126 211 1
126 212 1
126 215 1
126 217 1
126 232 1
126 244 1
126 251 1
126 260 1
126 275 1
126 276 1
126 288 1
126 305 1
126 332 1
126 336 1
126 340 1
126 350 1
126 366 1
126 372 1
126 377 1
126 380 1
126 399 1
127 130 1
127 138 1
127 142 1
127 155 1
127 157 1
127 161 1
127 163 1
127 169 1
127 183 1
127 198 1
127 220 1
127 228 1
127 233 1
127 242 1
127 255 1
127 257 1
127 273 1
127 283 1
127 290 1
127 304 1
127 311 1
127 325 1
127 336 1
127 343 1
127 352 1
127 357 1
127 358 1
127 369 1
127 374 1
127 381 1
127 383 1
127 394 1
127 395 1
127 400 1
128 129 1
128 137 1
128 142 1
128 151 1
128 162 1
128 183 1
128 187 1
128 199 1
128 202 1
128 203 1
128 206 1
128 207 1
128 209 1
128 218 1
128 220 1
128 238 1
128 264 1
128 269 1
128 278 1
128 291 1
128 295 1
128 318 1
128 326 1
128 334 1
128 335 1
128 343 1
128 362 1
128 367 1
128 378 1
128 381 1
128 388 1
128 391 1
128 395 1
129 138 1
129 151 1
129 156 1
129 163 1
129 180 1
129 184 1
129 189 1
129 198 1
129 212 1
129 215 1
129 232 1
129 236 1
129 249 1
129 250 1
129 253 1
129 257 1
129 287 1
129 292 1
129 298 1
129 299 1
129 309 1
129 320 1
129 341 1
129 370 1
129 380 1
129 381 1
129 385 1
129 396 1
130 138 1
130 140 1
130 155 1
130 158 1
130 163 1
130 171 1
130 176 1
130 193 1
130 202 1
130 206 1
130 210 1
130 214 1
130 215 1
130 230 1
130 248 1
130 281 1
130 286 1
130 290 1
130 305 1
130 306 1
130 318 1
130 329 1
130 345 1
130 352 1
130 364 1
130 394 1
130 399 1
131 137 1
131 145 1
131 150 1
131 175 1
131 181 1
131 185 1
131 194 1
131 197 1
131 206 1
131 209 1
131 216 1
131 221 1
131 222 1
131 230 1
131 238 1
131 252 1
131 257 1
131 265 1
131 268 1
131 273 1
131 285 1
131 288 1
131 291 1
131 297 1
131 301 1
131 328 1
131 351 1
131 366 1
131 375 1
131 382 1
132 149 1
132 184 1
132 196 1
132 206 1
132 221 1
132 238 1
132 241 1
132 243 1
132 247 1
132 258 1
132 283 1
132 285 1
132 305 1
132 306 1
132 311 1
132 328 1
132 330 1
132 336 1
132 362 1
132 380 1
132 384 1
132 391 1
133 141 1
133 161 1
133 166 1
133 169 1
133 193 1
133 194 1
133 197 1
133 204 1
133 219 1
133 221 1
133 232 1
133 254 1
133 288 1
133 306 1
133 308 1
133 314 1
133 336 1
133 344 1
133 350 1
133 357 1
134 140 1
134 144 1
134 151 1
134 156 1
134 190 1
134 198 1
134 202 1
134 212 1
134 218 1
134 245 1
134 264 1
134 269 1
134 281 1
134 289 1
134 293 1
134 307 1
134 358 1
134 360 1
134 373 1
134 385 1
134 393 1
134 400 1
135 136 1
135 174 1
135 178 1
135 184 1
135 191 1
135 194 1
135 220 1
135 232 1
135 241 1
135 251 1
135 263 1
135 266 1
135 268 1
135 275 1
135 288 1
135 350 1
135 365 1
135 378 1
136 141 1
136 161 1
136 163 1
136 183 1
136 257 1
136 262 1
136 271 1
136 273 1
136 286 1
136 321 1
136 333 1
136 335 1
136 344 1
136 374 1
137 176 1
137 181 1
137 183 1
137 184 1
137 212 1
137 218 1
137 228 1
137 236 1
137 243 1
137 247 1
137 250 1
137 260 1
137 265 1
137 269 1
137 278 1
137 280 1
137 285 1
137 304 1
137 311 1
137 326 1
137 329 1
137 335 1
137 342 1
137 343 1
137 348 1
137 362 1
137 390 1
137 397 1
138 142 1
138 144 1
138 150 1
138 153 1
138 156 1
138 173 1
138 186 1
138 189 1
138 204 1
138 217 1
138 221 1
138 230 1
138 237 1
138 243 1
138 248 1
138 256 1
138 293 1
138 296 1
138 304 1
138 305 1
138 331 1
138 333 1
138 335 1
138 347 1
138 352 1
138 354 1
138 357 1
138 362 1
138 370 1
138 374 1
138 393 1
138 396 1
138 400 1
139 148 1
139 169 1
139 180 1
139 209 1
139 225 1
139 234 1
139 235 1
139 245 1
139 253 1
139 264 1
139 265 1
139 267 1
139 313 1
139 316 1
139 338 1
139 363 1
139 366 1
139 386 1
139 400 1
140 145 1
140 152 1
140 163 1
140 176 1
140 191 1
140 206 1
140 230 1
140 231 1
140 236 1
140 237 1
140 257 1
140 275 1
140 285 1
140 294 1
140 298 1
140 304 1
140 307 1
140 315 1
140 318 1
140 319 1
140 329 1
140 336 1
140 340 1
140 341 1
140 349 1
140 352 1
140 355 1
140 375 1
140 379 1
141 142 1
141 144 1
141 146 1
141 158 1
141 161 1
141 163 1
141 169 1
141 184 1
141 190 1
141 200 1
141 225 1
141 262 1
141 265 1
141 271 1
141 280 1
141 283 1
141 286 1
141 330 1
141 336 1
141 339 1
141 341 1
141 342 1
141 352 1
141 353 1
141 358 1
141 368 1
141 370 1
141 375 1
141 383 1
141 397 1
142 143 1
142 151 1
142 152 1
142 156 1
142 157 1
142 164 1
142 171 1
142 175 1
142 176 1
142 178 1
142 180 1
142 189 1
142 193 1
142 215 1
142 220 1
142 227 1
142 232 1
142 238 1
142 245 1
142 246 1
142 247 1
142 253 1
142 255 1
142 256 1
142 257 1
142 260 1
142 264 1
142 277 1
142 288 1
142 291 1
142 294 1
142 310 1
142 324 1
142 325 1
142 326 1
142 337 1
142 341 1
142 347 1
142 349 1
142 359 1
142 361 1
142 367 1
142 373 1
142 386 1
142 395 1
143 150 1
143 184 1
143 194 1
143 232 1
143 286 1
143 290 1
143 294 1
143 295 1
143 299 1
143 336 1
143 359 1
143 361 1
143 379 1
144 149 1
144 150 1
144 164 1
144 168 1
144 170 1
144 180 1
144 185 1
144 217 1
144 218 1
144 237 1
144 252 1
144 270 1
144 306 1
144 309 1
144 322 1
144 323 1
144 327 1
144 345 1
144 358 1
144 362 1
144 367 1
144 396 1
144 397 1
145 146 1
145 195 1
145 196 1
145 201 1
145 222 1
145 237 1
145 268 1
145 273 1
145 285 1
145 293 1
145 303 1
145 310 1
145 358 1
145 366 1
145 373 1
145 389 1
145 392 1
145 397 1
145 398 1
146 149 1
146 178 1
146 192 1
146 198 1
146 203 1
146 210 1
146 240 1
146 252 1
146 259 1
146 271 1
146 276 1
146 277 1
146 286 1
146 310 1
146 316 1
146 320 1
146 327 1
146 333 1
146 350 1
146 353 1
146 356 1
146 370 1
146 389 1
146 394 1
147 148 1
147 160 1
147 166 1
147 168 1
147 169 1
147 186 1
147 187 1
147 198 1
147 199 1
147 222 1
147 257 1
147 262 1
147 265 1
147 266 1
147 268 1
147 273 1
147 293 1
147 326 1
147 339 1
147 347 1
147 353 1
147 357 1
147 376 1
147 389 1
148 149 1
148 150 1
148 153 1
148 177 1
148 182 1
148 216 1
148 217 1
148 229 1
148 231 1
148 236 1
148 244 1
148 248 1
148 264 1
148 265 1
148 306 1
148 314 1
148 356 1
148 364 1
148 365 1
148 399 1
149 151 1
149 156 1
149 162 1
149 188 1
149 197 1
149 201 1
149 210 1
149 229 1
149 231 1
149 240 1
149 246 1
149 253 1
149 257 1
149 284 1
149 304 1
149 311 1
149 343 1
149 375 1
149 398 1
150 152 1
150 158 1
150 183 1
150 185 1
150 195 1
150 215 1
150 242 1
150 245 1
150 250 1
150 254 1
150 260 1
150 265 1
150 274 1
150 278 1
150 280 1
150 284 1
150 292 1
150 318 1
150 336 1
150 339 1
150 344 1
150 345 1
150 363 1
150 365 1
150 376 1
150 400 1
151 153 1
151 154 1
151 158 1
151 159 1
151 181 1
151 202 1
151 229 1
151 233 1
151 244 1
151 247 1
151 251 1
151 252 1
151 259 1
151 270 1
151 276 1
151 289 1
151 310 1
151 334 1
151 345 1
151 353 1
151 383 1
151 400 1
152 154 1
152 158 1
152 194 1
152 197 1
152 202 1
152 229 1
152 232 1
152 249 1
152 256 1
152 273 1
152 280 1
152 286 1
152 287 1
152 304 1
152 313 1
152 315 1
152 323 1
152 343 1
152 349 1
152 364 1
152 365 1
152 391 1
152 393 1
152 396 1
153 181 1
153 200 1
153 212 1
153 230 1
153 237 1
153 249 1
153 256 1
153 257 1
153 284 1
153 316 1
153 321 1
153 324 1
153 326 1
153 339 1
153 354 1
153 370 1
153 386 1
154 181 1
154 200 1
154 219 1
154 221 1
154 236 1
154 238 1
154 242 1
154 259 1
154 264 1
154 287 1
154 290 1
154 304 1
154 329 1
154 333 1
154 370 1
154 374 1
155 162 1
155 163 1
155 173 1
155 180 1
155 213 1
155 227 1
155 228 1
155 233 1
155 235 1
155 238 1
155 243 1
155 249 1
155 273 1
155 278 1
155 279 1
155 280 1
155 292 1
155 293 1
155 318 1
155 332 1
155 336 1
155 339 1
155 344 1
155 348 1
155 360 1
155 381 1
155 385 1
155 398 1
156 167 1
156 170 1
156 172 1
156 176 1
156 191 1
156 201 1
156 206 1
156 227 1
156 274 1
156 308 1
156 309 1
156 321 1
156 339 1
156 384 1
156 387 1
156 390 1
156 391 1
156 396 1
157 171 1
157 172 1
157 184 1
157 207 1
157 216 1
157 218 1
157 229 1
157 230 1
157 236 1
157 254 1
157 258 1
157 260 1
157 268 1
157 295 1
157 298 1
157 308 1
157 317 1
157 319 1
157 343 1
157 364 1
157 367 1
157 369 1
157 373 1
157 382 1
157 385 1
157 387 1
158 169 1
158 174 1
158 177 1
158 180 1
158 195 1
158 209 1
158 212 1
158 229 1
158 236 1
158 239 1
158 254 1
158 259 1
158 272 1
158 294 1
158 306 1
158 312 1
158 313 1
158 335 1
158 337 1
158 344 1
158 349 1
158 354 1
158 361 1
158 369 1
158 374 1
158 398 1
159 182 1
159 198 1
159 200 1
159 211 1
159 213 1
159 222 1
159 228 1
159 246 1
159 259 1
159 264 1
159 266 1
159 278 1
159 284 1
159 293 1
159 296 1
159 304 1
159 317 1
159 319 1
159 325 1
159 344 1
159 354 1
159 369 1
159 381 1
159 387 1
160 168 1
160 177 1
160 186 1
160 259 1
160 268 1
160 300 1
160 311 1
160 313 1
160 329 1
160 348 1
160 353 1
160 354 1
160 361 1
160 379 1
160 389 1
160 398 1
161 179 1
161 190 1
161 199 1
161 215 1
161 232 1
161 248 1
161 259 1
161 265 1
161 269 1
161 271 1
161 273 1
161 286 1
161 313 1
161 320 1
161 328 1
161 353 1
161 358 1
161 360 1
161 365 1
161 387 1
161 390 1
161 393 1
161 400 1
162 195 1
162 197 1
162 207 1
162 211 1
162 213 1
162 223 1
162 231 1
162 237 1
162 239 1
162 248 1
162 257 1
162 263 1
162 274 1
162 285 1
162 356 1
162 362 1
162 372 1
162 381 1
162 382 1
162 388 1
162 391 1
162 399 1
163 183 1
163 196 1
163 205 1
163 224 1
163 254 1
163 265 1
163 268 1
163 272 1
163 277 1
163 282 1
163 286 1
163 295 1
163 299 1
163 307 1
163 309 1
163 318 1
163 328 1
163 329 1
163 352 1
163 356 1
163 364 1
163 389 1
163 397 1
164 168 1
164 200 1
164 217 1
164 220 1
164 227 1
164 228 1
164 262 1
164 274 1
164 278 1
164 289 1
164 291 1
164 318 1
164 321 1
164 347 1
164 351 1
164 356 1
164 367 1
164 368 1
164 369 1
164 371 1
164 376 1
164 379 1
164 383 1
164 384 1
164 394 1
164 396 1
165 166 1
165 179 1
165 180 1
165 188 1
165 196 1
165 199 1
165 204 1
165 227 1
165 228 1
165 255 1
165 258 1
165 264 1
165 266 1
165 269 1
165 282 1
165 287 1
165 292 1
165 298 1
165 326 1
165 329 1
165 332 1
165 339 1
165 370 1
165 376 1
165 377 1
165 398 1
165 400 1
166 169 1
166 183 1
166 196 1
166 204 1
166 217 1
166 227 1
166 282 1
166 284 1
166 320 1
166 325 1
166 328 1
166 344 1
166 350 1
166 357 1
166 365 1
167 168 1
167 171 1
167 176 1
167 195 1
167 196 1
167 206 1
167 211 1
167 227 1
167 230 1
167 236 1
167 258 1
167 268 1
167 271 1
167 321 1
167 323 1
167 339 1
167 345 1
167 365 1
167 390 1
167 392 1
167 394 1
168 203 1
168 205 1
168 239 1
168 256 1
168 266 1
168 268 1
168 282 1
168 291 1
168 296 1
168 300 1
168 317 1
168 320 1
168 345 1
168 353 1
168 361 1
168 389 1
168 396 1
168 400 1
169 192 1
169 196 1
169 197 1
169 204 1
169 232 1
169 234 1
169 251 1
169 254 1
169 267 1
169 281 1
169 309 1
169 317 1
169 322 1
169 328 1
169 334 1
169 344 1
169 355 1
169 357 1
169 387 1
170 179 1
170 180 1
170 181 1
170 188 1
170 194 1
170 198 1
170 199 1
170 204 1
170 222 1
170 242 1
170 243 1
170 249 1
170 253 1
170 266 1
170 282 1
170 288 1
170 324 1
170 328 1
170 343 1
170 352 1
170 370 1
170 374 1
170 379 1
170 390 1
171 174 1
171 184 1
171 186 1
171 255 1
171 264 1
171 292 1
171 296 1
171 301 1
171 302 1
171 331 1
171 347 1
171 350 1
171 352 1
171 370 1
171 374 1
171 376 1
171 377 1
171 386 1
171 390 1
171 397 1
172 178 1
172 187 1
172 191 1
172 222 1
172 228 1
172 232 1
172 249 1
172 264 1
172 265 1
172 273 1
172 306 1
172 316 1
172 321 1
172 324 1
172 333 1
172 337 1
172 339 1
172 349 1
172 355 1
172 370 1
172 373 1
172 386 1
173 175 1
173 184 1
173 196 1
173 215 1
173 218 1
173 232 1
173 252 1
173 258 1
173 267 1
173 283 1
173 285 1
173 286 1
173 291 1
173 292 1
173 305 1
173 314 1
173 326 1
173 336 1
173 340 1
173 348 1
173 368 1
173 375 1
173 387 1
173 397 1
174 176 1
174 178 1
174 188 1
174 209 1
174 215 1
174 220 1
174 235 1
174 253 1
174 263 1
174 265 1
174 266 1
174 275 1
174 283 1
174 293 1
174 295 1
174 301 1
174 322 1
174 352 1
174 367 1
174 369 1
174 381 1
174 382 1
174 390 1
174 393 1
174 397 1
174 398 1
175 187 1
175 200 1
175 238 1
175 246 1
175 259 1
175 265 1
175 266 1
175 277 1
175 310 1
175 311 1
175 361 1
175 367 1
175 395 1
176 179 1
176 187 1
176 189 1
176 213 1
176 221 1
176 229 1
176 239 1
176 265 1
176 279 1
176 280 1
176 284 1
176 285 1
176 312 1
176 318 1
176 326 1
176 329 1
176 342 1
176 362 1
176 368 1
176 397 1
177 182 1
177 192 1
177 195 1
177 214 1
177 215 1
177 233 1
177 247 1
177 264 1
177 265 1
177 277 1
177 283 1
177 295 1
177 308 1
177 314 1
177 319 1
177 340 1
177 389 1
177 394 1
177 396 1
178 184 1
178 187 1
178 196 1
178 197 1
178 214 1
178 220 1
178 233 1
178 236 1
178 257 1
178 259 1
178 266 1
178 291 1
178 295 1
178 305 1
178 320 1
178 327 1
178 362 1
178 364 1
178 365 1
178 369 1
178 388 1
178 389 1
179 185 1
179 201 1
179 211 1
179 217 1
179 226 1
179 232 1
179 237 1
179 247 1
179 251 1
179 255 1
179 256 1
179 258 1
179 281 1
179 299 1
179 308 1
179 316 1
179 334 1
179 353 1
179 384 1
179 387 1
180 195 1
180 214 1
180 215 1
180 219 1
180 223 1
180 230 1
180 231 1
180 254 1
180 256 1
180 260 1
180 263 1
180 270 1
180 306 1
180 307 1
180 345 1
180 356 1
180 358 1
180 389 1
180 397 1
181 202 1
181 204 1
181 217 1
181 251 1
181 256 1
181 259 1
181 271 1
181 273 1
181 282 1
181 284 1
181 289 1
181 293 1
181 297 1
181 307 1
181 314 1
181 315 1
181 319 1
181 325 1
181 344 1
181 346 1
181 352 1
181 387 1
181 393 1
181 399 1
181 400 1
182 191 1
182 196 1
182 215 1
182 221 1
182 264 1
182 265 1
182 293 1
182 314 1
182 323 1
182 349 1
182 371 1
182 387 1
182 391 1
182 398 1
183 193 1
183 202 1
183 205 1
183 209 1
183 216 1
183 219 1
183 226 1
183 235 1
183 241 1
183 246 1
183 259 1
183 265 1
183 275 1
183 282 1
183 303 1
183 317 1
183 319 1
183 320 1
183 322 1
183 324 1
183 327 1
183 328 1
183 334 1
183 339 1
183 351 1
183 358 1
183 359 1
183 363 1
183 365 1
183 380 1
183 383 1
183 384 1
183 389 1
183 393 1
183 399 1
184 185 1
184 205 1
184 213 1
184 217 1
184 236 1
184 240 1
184 242 1
184 284 1
184 296 1
184 302 1
184 328 1
184 336 1
184 340 1
184 352 1
184 359 1
184 368 1
184 370 1
184 375 1
184 379 1
184 386 1
184 394 1
185 189 1
185 193 1
185 203 1
185 205 1
185 225 1
185 229 1
185 246 1
185 250 1
185 251 1
185 256 1
185 259 1
185 276 1
185 278 1
185 280 1
185 284 1
185 288 1
185 293 1
185 295 1
185 300 1
185 313 1
185 314 1
185 331 1
185 353 1
185 357 1
185 358 1
185 361 1
185 378 1
185 393 1
185 399 1
186 193 1
186 229 1
186 233 1
186 235 1
186 237 1
186 250 1
186 252 1
186 254 1
186 272 1
186 276 1
186 291 1
186 304 1
186 309 1
186 315 1
186 317 1
186 334 1
186 345 1
186 354 1
186 356 1
186 378 1
186 388 1
186 396 1
187 188 1
187 206 1
187 223 1
187 226 1
187 230 1
187 235 1
187 236 1
187 244 1
187 251 1
187 254 1
187 261 1
187 265 1
187 268 1
187 275 1
187 282 1
187 300 1
187 302 1
187 304 1
187 310 1
187 313 1
187 320 1
187 322 1
187 331 1
187 346 1
187 375 1
187 388 1
187 394 1
187 395 1
188 191 1
188 193 1
188 201 1
188 209 1
188 229 1
188 261 1
188 263 1
188 272 1
188 300 1
188 302 1
188 306 1
188 331 1
188 350 1
188 364 1
188 380 1
188 393 1
188 400 1
189 194 1
189 195 1
189 197 1
189 236 1
189 243 1
189 245 1
189 248 1
189 252 1
189 282 1
189 287 1
189 294 1
189 297 1
189 299 1
189 323 1
189 325 1
189 355 1
189 363 1
189 380 1
189 382 1
189 392 1
189 400 1
190 208 1
190 209 1
190 210 1
190 221 1
190 226 1
190 258 1
190 263 1
190 270 1
190 301 1
190 350 1
190 355 1
190 396 1
190 399 1
191 204 1
191 209 1
191 220 1
191 232 1
191 242 1
191 246 1
191 250 1
191 259 1
191 265 1
191 282 1
191 300 1
191 304 1
191 306 1
191 313 1
191 316 1
191 320 1
191 339 1
191 351 1
191 355 1
191 390 1
192 204 1
192 240 1
192 259 1
192 261 1
192 265 1
192 280 1
192 284 1
192 292 1
192 324 1
192 335 1
192 349 1
192 352 1
192 365 1
192 369 1
192 386 1
192 393 1
193 212 1
193 215 1
193 223 1
193 238 1
193 239 1
193 240 1
193 243 1
193 244 1
193 246 1
193 248 1
193 255 1
193 257 1
193 259 1
193 262 1
193 280 1
193 282 1
193 287 1
193 304 1
193 305 1
193 316 1
193 320 1
193 325 1
193 338 1
193 347 1
193 352 1
193 357 1
193 369 1
193 370 1
193 378 1
193 394 1
193 397 1
194 204 1
194 265 1
194 273 1
194 278 1
194 280 1
194 282 1
194 288 1
194 316 1
194 326 1
194 328 1
194 332 1
194 369 1
194 375 1
194 398 1
195 199 1
195 254 1
195 257 1
195 293 1
195 302 1
195 324 1
195 325 1
195 332 1
195 333 1
195 337 1
195 352 1
195 370 1
195 374 1
195 390 1
196 212 1
196 213 1
196 227 1
196 253 1
196 258 1
196 293 1
196 298 1
196 316 1
196 320 1
196 329 1
196 348 1
196 374 1
196 379 1
196 393 1
196 400 1
197 201 1
197 205 1
197 210 1
197 213 1
197 218 1
197 222 1
197 227 1
197 229 1
197 231 1
197 234 1
197 247 1
197 282 1
197 283 1
197 288 1
197 318 1
197 320 1
197 325 1
197 329 1
197 347 1
197 361 1
197 368 1
197 380 1
197 390 1
197 398 1
198 203 1
198 208 1
198 211 1
198 217 1
198 219 1
198 236 1
198 237 1
198 257 1
198 263 1
198 267 1
198 275 1
198 277 1
198 294 1
198 297 1
198 304 1
198 305 1
198 310 1
198 314 1
198 323 1
198 327 1
198 336 1
198 352 1
198 353 1
198 362 1
198 368 1
198 370 1
198 373 1
198 389 1
198 392 1
198 397 1
199 211 1
199 221 1
199 225 1
199 226 1
199 236 1
199 275 1
199 293 1
199 308 1
199 319 1
199 327 1
199 353 1
199 359 1
199 380 1
199 384 1
199 395 1
200 231 1
200 232 1
200 236 1
200 263 1
200 280 1
200 291 1
200 295 1
200 296 1
200 322 1
200 325 1
200 334 1
200 359 1
200 363 1
200 383 1
201 209 1
201 210 1
201 220 1
201 229 1
201 231 1
201 240 1
201 245 1
201 249 1
201 255 1
201 264 1
201 266 1
201 278 1
201 294 1
201 300 1
201 304 1
201 311 1
201 344 1
201 349 1
201 354 1
201 369 1
201 385 1
201 386 1
202 215 1
202 218 1
202 220 1
202 235 1
202 239 1
202 240 1
202 259 1
202 260 1
202 281 1
202 307 1
202 313 1
202 318 1
202 324 1
202 326 1
202 328 1
202 332 1
202 335 1
202 351 1
202 358 1
202 359 1
202 362 1
202 363 1
202 369 1
202 380 1
203 207 1
203 214 1
203 223 1
203 232 1
203 237 1
203 251 1
203 260 1
203 261 1
203 267 1
203 277 1
203 283 1
203 298 1
203 299 1
203 314 1
203 336 1
203 353 1
203 370 1
203 384 1
203 391 1
204 236 1
204 254 1
204 257 1
204 309 1
204 319 1
204 330 1
204 344 1
204 357 1
204 362 1
204 365 1
204 395 1
205 218 1
205 239 1
205 244 1
205 247 1
205 260 1
205 265 1
205 287 1
205 291 1
205 300 1
205 305 1
205 318 1
205 325 1
205 333 1
205 340 1
205 359 1
205 385 1
205 386 1
205 393 1
205 397 1
206 214 1
206 216 1
206 221 1
206 225 1
206 226 1
206 227 1
206 239 1
206 250 1
206 255 1
206 269 1
206 272 1
206 273 1
206 293 1
206 295 1
206 305 1
206 306 1
206 318 1
206 329 1
206 333 1
206 335 1
206 354 1
206 361 1
206 390 1
206 400 1
207 212 1
207 240 1
207 245 1
207 266 1
207 296 1
207 318 1
207 329 1
207 332 1
207 347 1
207 377 1
207 381 1
207 388 1
207 391 1
207 395 1
208 220 1
208 239 1
208 250 1
208 262 1
208 263 1
208 274 1
208 278 1
208 291 1
208 321 1
208 337 1
208 352 1
208 358 1
208 369 1
208 370 1
208 377 1
208 381 1
208 390 1
208 395 1
208 400 1
209 211 1
209 223 1
209 234 1
209 236 1
209 257 1
209 275 1
209 280 1
209 285 1
209 317 1
209 328 1
209 332 1
209 339 1
209 341 1
209 346 1
209 355 1
209 363 1
209 373 1
209 378 1
209 381 1
209 383 1
209 387 1
209 394 1
209 396 1
210 229 1
210 231 1
210 238 1
210 243 1
210 246 1
210 282 1
210 294 1
210 295 1
210 306 1
210 320 1
210 328 1
210 331 1
210 348 1
210 362 1
210 385 1
210 386 1
211 228 1
211 243 1
211 245 1
211 246 1
211 278 1
211 282 1
211 294 1
211 317 1
211 319 1
211 333 1
211 335 1
211 342 1
211 344 1
211 358 1
211 373 1
211 387 1
211 398 1
212 234 1
212 236 1
212 237 1
212 252 1
212 271 1
212 285 1
212 295 1
212 299 1
212 303 1
212 307 1
212 332 1
212 345 1
212 367 1
212 377 1
212 389 1
212 394 1
213 230 1
213 231 1
213 233 1
213 234 1
213 239 1
213 257 1
213 260 1
213 261 1
213 267 1
213 271 1
213 291 1
213 307 1
213 319 1
213 353 1
213 356 1
213 380 1
213 381 1
213 383 1
214 216 1
214 220 1
214 224 1
214 226 1
214 228 1
214 238 1
214 249 1
214 264 1
214 272 1
214 282 1
214 287 1
214 335 1
214 338 1
214 357 1
214 373 1
214 376 1
214 395 1
215 223 1
215 229 1
215 250 1
215 256 1
215 260 1
215 273 1
215 288 1
215 326 1
215 331 1
215 342 1
215 348 1
215 351 1
215 353 1
215 362 1
215 370 1
215 373 1
216 226 1
216 238 1
216 249 1
216 253 1
216 272 1
216 278 1
216 289 1
216 304 1
216 320 1
216 330 1
216 335 1
216 351 1
216 360 1
216 377 1
217 220 1
217 232 1
217 234 1
217 244 1
217 247 1
217 248 1
217 262 1
217 264 1
217 265 1
217 291 1
217 295 1
217 296 1
217 306 1
217 330 1
217 338 1
217 372 1
217 373 1
217 374 1
217 387 1
217 390 1
217 398 1
217 400 1
218 220 1
218 242 1
218 259 1
218 266 1
218 281 1
218 284 1
218 288 1
218 291 1
218 298 1
218 307 1
218 311 1
218 320 1
218 324 1
218 332 1
218 333 1
218 338 1
218 354 1
218 369 1
218 378 1
218 387 1
218 393 1
219 221 1
219 236 1
219 240 1
219 242 1
219 243 1
219 282 1
219 287 1
219 290 1
219 304 1
219 368 1
219 369 1
219 376 1
219 377 1
219 386 1
220 231 1
220 241 1
220 244 1
220 247 1
220 266 1
220 274 1
220 277 1
220 283 1
220 290 1
220 291 1
220 298 1
220 322 1
220 336 1
220 362 1
220 371 1
220 380 1
220 397 1
221 227 1
221 236 1
221 248 1
221 249 1
221 250 1
221 267 1
221 290 1
221 298 1
221 329 1
221 333 1
221 339 1
221 354 1
221 357 1
221 359 1
221 360 1
221 373 1
221 380 1
221 398 1
222 244 1
222 260 1
222 273 1
222 274 1
222 298 1
222 308 1
222 327 1
222 341 1
222 372 1
222 383 1
222 388 1
223 240 1
223 279 1
223 284 1
223 296 1
223 349 1
223 369 1
223 385 1
224 229 1
224 241 1
224 247 1
224 257 1
224 259 1
224 269 1
224 276 1
224 281 1
224 284 1
224 287 1
224 304 1
224 307 1
224 314 1
224 316 1
224 320 1
224 326 1
224 330 1
224 332 1
224 336 1
224 358 1
224 359 1
224 367 1
224 379 1
224 380 1
224 391 1
224 392 1
224 398 1
224 400 1
225 230 1
225 254 1
225 281 1
225 293 1
225 308 1
225 334 1
225 341 1
225 350 1
225 383 1
225 392 1
225 395 1
225 396 1
226 227 1
226 272 1
226 293 1
226 304 1
226 311 1
226 312 1
226 325 1
226 331 1
226 338 1
226 354 1
226 360 1
226 361 1
226 373 1
226 379 1
226 385 1
226 390 1
227 230 1
227 232 1
227 244 1
227 252 1
227 274 1
227 287 1
227 297 1
227 305 1
227 316 1
227 321 1
227 325 1
227 339 1
227 351 1
227 364 1
227 367 1
227 387 1
227 390 1
227 393 1
228 242 1
228 243 1
228 261 1
228 270 1
228 275 1
228 282 1
228 286 1
228 319 1
228 320 1
228 342 1
228 355 1
228 365 1
228 390 1
229 231 1
229 253 1
229 257 1
229 266 1
229 279 1
229 290 1
229 300 1
229 306 1
229 312 1
229 324 1
229 343 1
229 348 1
229 361 1
229 363 1
229 381 1
229 396 1
229 400 1
230 237 1
230 256 1
230 257 1
230 292 1
230 294 1
230 324 1
230 329 1
230 330 1
230 370 1
230 400 1
231 253 1
231 265 1
231 273 1
231 278 1
231 292 1
231 296 1
231 318 1
231 333 1
231 335 1
231 339 1
231 351 1
231 398 1
232 249 1
232 268 1
232 273 1
232 292 1
232 294 1
232 302 1
232 304 1
232 306 1
232 312 1
232 329 1
232 330 1
232 333 1
232 336 1
232 347 1
232 355 1
232 378 1
232 380 1
233 238 1
233 245 1
233 250 1
233 329 1
233 332 1
233 336 1
233 339 1
233 348 1
233 349 1
233 351 1
233 360 1
233 374 1
233 385 1
233 390 1
234 243 1
234 246 1
234 255 1
234 267 1
234 305 1
234 312 1
234 348 1
234 354 1
234 366 1
235 250 1
235 257 1
235 273 1
235 276 1
235 280 1
235 297 1
235 304 1
235 306 1
235 313 1
235 315 1
235 326 1
235 344 1
235 354 1
235 365 1
235 368 1
235 391 1
235 393 1
235 398 1
236 240 1
236 244 1
236 259 1
236 260 1
236 268 1
236 290 1
236 291 1
236 313 1
236 316 1
236 318 1
236 320 1
236 324 1
236 341 1
236 348 1
236 361 1
236 374 1
236 378 1
236 390 1
237 240 1
237 256 1
237 325 1
237 332 1
237 351 1
237 352 1
237 360 1
237 368 1
237 390 1
238 243 1
238 247 1
238 256 1
238 257 1
238 258 1
238 273 1
238 280 1
238 285 1
238 303 1
238 310 1
238 311 1
238 317 1
238 330 1
238 336 1
238 339 1
238 352 1
238 363 1
238 367 1
238 368 1
238 395 1
239 257 1
239 272 1
239 275 1
239 283 1
239 286 1
239 305 1
239 308 1
239 319 1
239 328 1
239 353 1
239 355 1
239 365 1
239 371 1
239 381 1
239 387 1
239 389 1
240 243 1
240 262 1
240 279 1
240 291 1
240 293 1
240 298 1
240 306 1
240 313 1
240 319 1
240 332 1
240 335 1
240 350 1
240 365 1
240 369 1
240 372 1
240 374 1
240 387 1
240 388 1
241 265 1
241 294 1
241 302 1
241 303 1
241 316 1
241 320 1
241 321 1
241 335 1
241 343 1
241 347 1
241 348 1
241 354 1
241 357 1
241 361 1
241 364 1
241 373 1
241 381 1
241 383 1
241 398 1
242 251 1
242 281 1
242 288 1
242 303 1
242 314 1
242 320 1
242 342 1
242 346 1
242 355 1
242 356 1
242 383 1
243 251 1
243 252 1
243 259 1
243 271 1
243 272 1
243 273 1
243 280 1
243 283 1
243 285 1
243 291 1
243 294 1
243 301 1
243 305 1
243 311 1
243 317 1
243 330 1
243 344 1
243 352 1
243 356 1
243 373 1
243 380 1
243 387 1
243 391 1
244 245 1
244 248 1
244 250 1
244 262 1
244 266 1
244 302 1
244 312 1
244 325 1
244 326 1
244 329 1
244 349 1
244 372 1
244 374 1
244 377 1
245 256 1
245 258 1
245 263 1
245 275 1
245 282 1
245 283 1
245 298 1
245 307 1
245 355 1
245 383 1
245 392 1
246 247 1
246 260 1
246 288 1
246 290 1
246 298 1
246 324 1
246 351 1
246 353 1
246 359 1
246 365 1
246 372 1
246 384 1
246 392 1
246 393 1
246 396 1
247 255 1
247 276 1
247 297 1
247 312 1
247 320 1
247 324 1
247 328 1
247 333 1
247 346 1
247 358 1
247 368 1
247 370 1
247 387 1
247 396 1
248 257 1
248 258 1
248 259 1
248 260 1
248 267 1
248 284 1
248 321 1
248 329 1
248 337 1
248 345 1
248 353 1
248 367 1
248 370 1
248 372 1
248 374 1
248 380 1
248 386 1
248 395 1
248 400 1
249 258 1
249 275 1
249 277 1
249 314 1
249 367 1
249 372 1
249 388 1
249 391 1
249 399 1
250 251 1
250 260 1
250 275 1
250 276 1
250 288 1
250 297 1
250 304 1
250 305 1
250 306 1
250 310 1
250 319 1
250 354 1
250 362 1
250 383 1
250 384 1
250 399 1
251 257 1
251 278 1
251 279 1
251 280 1
251 292 1
251 313 1
251 314 1
251 318 1
251 337 1
251 338 1
251 342 1
251 343 1
251 357 1
251 378 1
251 379 1
251 398 1
251 399 1
252 257 1
252 270 1
252 275 1
252 279 1
252 289 1
252 295 1
252 305 1
252 316 1
252 333 1
252 349 1
252 351 1
252 361 1
252 373 1
252 381 1
252 393 1
253 273 1
253 277 1
253 280 1
253 319 1
253 323 1
253 328 1
253 332 1
253 333 1
253 338 1
253 347 1
253 349 1
253 369 1
253 371 1
253 393 1
254 257 1
254 262 1
254 312 1
254 329 1
254 330 1
254 338 1
254 360 1
254 376 1
254 386 1
255 267 1
255 268 1
255 286 1
255 307 1
255 316 1
255 323 1
255 336 1
255 346 1
255 356 1
255 365 1
255 382 1
255 394 1
256 262 1
256 267 1
256 273 1
256 280 1
256 291 1
256 311 1
256 316 1
256 329 1
256 333 1
256 353 1
256 358 1
256 362 1
256 374 1
256 381 1
256 395 1
256 397 1
257 259 1
257 265 1
257 274 1
257 287 1
257 305 1
257 307 1
257 319 1
257 325 1
257 327 1
257 340 1
257 344 1
257 345 1
257 349 1
257 353 1
257 356 1
257 363 1
257 367 1
257 368 1
257 378 1
257 379 1
257 381 1
257 391 1
257 392 1
257 396 1
258 262 1
258 265 1
258 267 1
258 278 1
258 279 1
258 289 1
258 291 1
258 295 1
258 298 1
258 305 1
258 318 1
258 347 1
258 354 1
258 368 1
258 374 1
258 380 1
259 273 1
259 280 1
259 283 1
259 286 1
259 289 1
259 291 1
259 298 1
259 301 1
259 313 1
259 322 1
259 328 1
259 350 1
259 362 1
259 365 1
259 380 1
259 389 1
259 397 1
259 399 1
259 400 1
260 261 1
260 262 1
260 272 1
260 273 1
260 289 1
260 292 1
260 302 1
260 315 1
260 344 1
260 352 1
260 360 1
260 362 1
260 369 1
260 376 1
260 377 1
260 378 1
260 392 1
261 266 1
261 276 1
261 284 1
261 337 1
261 347 1
261 365 1
261 369 1
261 387 1
261 398 1
262 279 1
262 306 1
262 307 1
262 313 1
262 335 1
262 336 1
262 340 1
262 341 1
262 345 1
262 346 1
262 367 1
262 374 1
262 378 1
262 380 1
262 383 1
262 397 1
263 274 1
263 291 1
263 300 1
263 311 1
263 333 1
263 344 1
263 361 1
263 373 1
263 386 1
263 393 1
264 265 1
264 277 1
264 281 1
264 286 1
264 288 1
264 301 1
264 305 1
264 327 1
264 336 1
264 356 1
264 362 1
264 366 1
264 372 1
264 378 1
264 389 1
264 391 1
265 267 1
265 283 1
265 297 1
265 306 1
265 307 1
265 308 1
265 310 1
265 326 1
265 339 1
265 340 1
265 350 1
265 359 1
265 366 1
265 368 1
265 387 1
266 371 1
266 372 1
266 380 1
266 394 1
267 272 1
267 273 1
267 279 1
267 283 1
267 290 1
267 313 1
267 345 1
267 357 1
267 365 1
267 366 1
267 368 1
267 383 1
267 387 1
268 272 1
268 279 1
268 294 1
268 313 1
268 335 1
268 347 1
268 352 1
268 353 1
268 360 1
268 369 1
268 370 1
268 389 1
268 393 1
269 270 1
269 310 1
269 319 1
269 355 1
269 356 1
269 359 1
269 365 1
269 369 1
269 380 1
269 392 1
270 273 1
270 275 1
270 278 1
270 284 1
270 292 1
270 295 1
270 305 1
270 316 1
270 325 1
270 332 1
270 354 1
270 376 1
270 390 1
271 286 1
271 292 1
271 296 1
271 312 1
271 329 1
271 337 1
271 339 1
271 343 1
271 369 1
271 374 1
271 400 1
272 288 1
272 302 1
272 320 1
272 324 1
272 330 1
272 332 1
272 334 1
272 335 1
272 345 1
272 358 1
272 370 1
272 385 1
272 386 1
272 393 1
272 394 1
273 281 1
273 286 1
273 287 1
273 291 1
273 316 1
273 341 1
273 345 1
273 346 1
273 351 1
273 364 1
273 369 1
273 373 1
273 387 1
273 392 1
273 397 1
274 291 1
274 304 1
274 336 1
274 338 1
274 349 1
274 369 1
274 370 1
274 396 1
274 398 1
274 400 1
275 287 1
275 294 1
275 295 1
275 305 1
275 325 1
275 347 1
275 348 1
275 360 1
275 363 1
275 390 1
276 282 1
276 287 1
276 295 1
276 296 1
276 297 1
276 311 1
276 317 1
276 326 1
276 328 1
276 338 1
276 346 1
276 352 1
276 361 1
276 365 1
276 380 1
276 394 1
277 280 1
277 282 1
277 300 1
277 302 1
277 310 1
277 325 1
277 326 1
277 357 1
277 367 1
277 370 1
277 390 1
277 395 1
277 398 1
278 284 1
278 301 1
278 309 1
278 310 1
278 322 1
278 323 1
278 328 1
278 336 1
278 349 1
278 362 1
278 364 1
279 283 1
279 288 1
279 290 1
279 297 1
279 298 1
279 305 1
279 313 1
279 314 1
279 322 1
279 335 1
279 366 1
279 371 1
279 374 1
279 392 1
280 291 1
280 293 1
280 296 1
280 308 1
280 309 1
280 310 1
280 325 1
280 327 1
280 332 1
280 353 1
280 355 1
280 362 1
280 363 1
280 372 1
281 282 1
281 287 1
281 302 1
281 307 1
281 312 1
281 313 1
281 331 1
281 333 1
281 335 1
281 374 1
281 377 1
281 400 1
282 283 1
282 308 1
282 334 1
282 339 1
282 341 1
282 359 1
282 378 1
282 391 1
282 397 1
282 398 1
283 304 1
283 305 1
283 306 1
283 318 1
283 323 1
283 336 1
283 345 1
283 365 1
283 380 1
283 382 1
284 287 1
284 288 1
284 295 1
284 299 1
284 303 1
284 305 1
284 306 1
284 319 1
284 322 1
284 325 1
284 332 1
284 336 1
284 339 1
284 340 1
284 341 1
284 349 1
284 355 1
284 358 1
284 364 1
284 367 1
284 393 1
285 296 1
285 338 1
285 374 1
285 385 1
285 397 1
286 287 1
286 304 1
286 311 1
286 320 1
286 321 1
286 324 1
286 331 1
286 333 1
286 358 1
286 390 1
287 314 1
287 320 1
287 328 1
287 344 1
287 355 1
287 360 1
287 368 1
287 372 1
287 376 1
287 380 1
287 387 1
287 389 1
287 399 1
288 290 1
288 296 1
288 306 1
288 326 1
288 328 1
288 334 1
288 349 1
288 357 1
288 386 1
288 390 1
289 317 1
289 319 1
289 336 1
289 345 1
289 356 1
289 391 1
289 400 1
290 292 1
290 294 1
290 304 1
290 311 1
290 313 1
290 332 1
290 338 1
290 347 1
290 358 1
290 360 1
290 368 1
290 374 1
290 376 1
290 377 1
290 396 1
291 293 1
291 306 1
291 320 1
291 332 1
291 333 1
291 338 1
291 360 1
291 373 1
291 375 1
291 377 1
291 396 1
291 398 1
292 308 1
292 326 1
292 328 1
292 348 1
292 368 1
292 375 1
293 294 1
293 297 1
293 304 1
293 306 1
293 309 1
293 325 1
293 326 1
293 333 1
293 339 1
293 343 1
293 350 1
293 358 1
293 372 1
293 375 1
293 379 1
293 395 1
293 396 1
294 295 1
294 299 1
294 301 1
294 307 1
294 319 1
294 325 1
294 332 1
294 333 1
294 361 1
294 364 1
294 379 1
294 392 1
294 395 1
295 305 1
295 313 1
295 328 1
295 331 1
295 335 1
295 337 1
295 367 1
295 380 1
295 393 1
295 398 1
296 310 1
296 317 1
296 322 1
296 325 1
296 334 1
296 345 1
296 346 1
296 359 1
296 363 1
296 384 1
297 325 1
297 326 1
297 343 1
297 346 1
297 379 1
298 343 1
298 344 1
298 375 1
298 387 1
298 393 1
298 396 1
299 309 1
299 311 1
299 312 1
299 316 1
299 332 1
299 335 1
299 337 1
299 338 1
299 343 1
299 349 1
299 358 1
299 360 1
299 368 1
299 373 1
299 393 1
299 396 1
300 301 1
300 302 1
300 307 1
300 314 1
300 317 1
300 319 1
300 331 1
300 341 1
300 364 1
300 367 1
301 324 1
301 326 1
301 329 1
301 350 1
301 360 1
301 376 1
301 377 1
301 393 1
301 400 1
302 306 1
302 331 1
302 346 1
302 362 1
302 365 1
302 366 1
302 372 1
302 383 1
302 388 1
302 394 1
303 321 1
303 330 1
303 338 1
303 348 1
303 351 1
303 364 1
303 369 1
303 374 1
303 376 1
303 379 1
303 383 1
303 390 1
303 395 1
303 400 1
304 315 1
304 323 1
304 325 1
304 346 1
304 349 1
304 354 1
304 363 1
304 367 1
304 369 1
304 383 1
304 395 1
305 330 1
305 337 1
305 345 1
305 358 1
305 373 1
305 378 1
305 381 1
305 386 1
305 393 1
305 394 1
306 326 1
306 336 1
306 337 1
306 352 1
306 355 1
306 369 1
306 373 1
306 394 1
306 398 1
306 400 1
307 348 1
307 377 1
308 318 1
308 322 1
308 329 1
308 334 1
308 342 1
308 379 1
308 381 1
309 313 1
309 318 1
309 324 1
309 332 1
309 352 1
309 357 1
309 358 1
309 363 1
309 375 1
309 379 1
309 393 1
309 396 1
309 400 1
310 338 1
310 347 1
310 348 1
310 352 1
310 367 1
310 374 1
310 377 1
310 386 1
310 393 1
311 319 1
311 323 1
311 330 1
311 346 1
311 353 1
311 355 1
311 362 1
312 314 1
312 319 1
312 328 1
312 337 1
312 340 1
312 366 1
312 367 1
312 386 1
312 391 1
312 398 1
313 314 1
313 322 1
313 334 1
313 335 1
313 351 1
313 356 1
313 359 1
313 362 1
313 364 1
313 374 1
313 381 1
313 388 1
313 391 1
313 392 1
313 396 1
313 399 1
314 318 1
314 324 1
314 331 1
314 332 1
314 333 1
314 335 1
314 348 1
314 363 1
314 378 1
314 399 1
315 316 1
315 349 1
315 352 1
315 363 1
315 392 1
315 395 1
316 325 1
316 328 1
316 332 1
316 355 1
316 372 1
316 380 1
317 319 1
317 326 1
317 328 1
317 336 1
317 342 1
317 345 1
317 367 1
317 385 1
317 387 1
318 319 1
318 323 1
318 329 1
318 334 1
318 352 1
318 372 1
318 384 1
318 391 1
318 397 1
319 324 1
319 335 1
319 338 1
319 342 1
319 344 1
319 348 1
319 386 1
319 387 1
320 328 1
320 336 1
320 339 1
320 342 1
320 349 1
320 356 1
320 359 1
320 366 1
320 368 1
320 379 1
321 336 1
321 339 1
321 346 1
321 362 1
321 382 1
321 390 1
321 391 1
322 324 1
322 325 1
322 329 1
322 334 1
322 347 1
322 351 1
322 376 1
322 379 1
322 385 1
322 395 1
323 332 1
323 333 1
323 349 1
323 361 1
323 380 1
323 382 1
324 351 1
324 362 1
324 366 1
324 378 1
324 380 1
324 382 1
324 393 1
324 397 1
324 399 1
325 327 1
325 334 1
325 336 1
325 350 1
325 351 1
325 363 1
325 364 1
325 365 1
325 367 1
325 368 1
325 371 1
325 394 1
326 334 1
326 341 1
326 343 1
326 348 1
326 362 1
326 365 1
326 368 1
326 375 1
326 379 1
326 387 1
326 392 1
326 393 1
326 397 1
327 332 1
327 341 1
327 342 1
327 345 1
327 351 1
327 354 1
327 362 1
327 363 1
327 374 1
327 395 1
328 332 1
328 344 1
328 357 1
328 367 1
328 368 1
328 377 1
328 379 1
328 381 1
328 396 1
328 398 1
329 346 1
329 350 1
329 352 1
329 365 1
329 367 1
329 399 1
330 362 1
330 365 1
330 368 1
330 372 1
330 389 1
330 393 1
331 346 1
331 362 1
331 364 1
331 371 1
331 382 1
331 384 1
331 397 1
332 343 1
332 353 1
332 364 1
332 366 1
332 377 1
332 379 1
332 382 1
332 396 1
332 397 1
333 338 1
333 345 1
333 347 1
333 349 1
333 362 1
333 378 1
333 382 1
333 394 1
334 338 1
334 365 1
334 370 1
335 341 1
335 374 1
335 394 1
335 399 1
336 345 1
336 349 1
336 357 1
336 358 1
336 365 1
336 367 1
336 378 1
336 385 1
336 397 1
337 367 1
337 378 1
337 386 1
337 398 1
338 347 1
338 353 1
338 356 1
338 359 1
338 364 1
338 394 1
339 340 1
339 346 1
339 355 1
339 366 1
339 372 1
339 390 1
340 342 1
340 351 1
340 358 1
340 359 1
340 373 1
341 345 1
341 347 1
341 349 1
341 362 1
341 365 1
341 378 1
342 388 1
342 394 1
343 346 1
343 350 1
343 368 1
343 369 1
343 371 1
343 373 1
343 378 1
343 385 1
343 398 1
344 345 1
344 357 1
344 359 1
344 368 1
344 372 1
344 389 1
344 392 1
344 398 1
345 353 1
345 360 1
345 362 1
345 379 1
346 349 1
346 358 1
346 360 1
346 376 1
346 390 1
347 392 1
347 399 1
348 355 1
348 359 1
348 368 1
348 375 1
348 399 1
349 359 1
349 362 1
349 379 1
349 398 1
350 368 1
351 352 1
351 382 1
351 393 1
352 378 1
352 383 1
352 397 1
352 400 1
353 362 1
353 373 1
353 389 1
354 365 1
354 372 1
354 380 1
354 389 1
354 391 1
354 397 1
354 399 1
355 377 1
356 357 1
356 371 1
356 384 1
356 394 1
357 365 1
357 371 1
357 389 1
357 392 1
358 378 1
358 380 1
358 381 1
358 397 1
358 400 1
359 378 1
359 380 1
359 396 1
360 366 1
360 371 1
360 376 1
360 394 1
360 397 1
361 364 1
361 378 1
361 379 1
361 382 1
361 383 1
361 391 1
362 368 1
362 369 1
362 377 1
362 380 1
362 385 1
363 365 1
363 366 1
363 373 1
363 391 1
363 393 1
363 397 1
364 374 1
364 383 1
364 393 1
364 400 1
365 393 1
366 381 1
366 400 1
367 369 1
367 378 1
367 396 1
368 369 1
368 372 1
368 375 1
368 382 1
368 387 1
369 372 1
369 373 1
369 385 1
369 392 1
370 382 1
370 383 1
370 389 1
371 375 1
371 384 1
371 390 1
371 394 1
371 395 1
372 395 1
372 398 1
373 382 1
373 384 1
373 385 1
373 399 1
374 388 1
374 391 1
375 382 1
376 392 1
378 395 1
378 399 1
380 381 1
380 382 1
380 395 1
380 397 1
381 389 1
381 390 1
381 392 1
381 396 1
382 398 1
382 400 1
383 386 1
383 396 1
384 394 1
384 400 1
386 394 1
386 396 1
386 398 1
387 396 1
388 391 1
388 395 1
388 398 1
391 400 1
393 394 1
394 396 1
394 397 1
