400 7980
1 5 1
1 19 1
1 24 1
1 64 1
1 83 1
1 88 1
1 120 1
1 146 1
1 158 1
1 159 1
1 181 1
1 194 1
1 233 1
1 239 1
1 240 1
1 241 1
1 258 1
1 273 1
1 283 1
1 289 1
1 292 1
1 293 1
1 297 1
1 304 1
1 308 1
1 312 1
1 331 1
1 334 1
1 344 1
1 352 1
1 368 1
1 370 1
1 375 1
1 384 1
1 398 1
2 7 1
2 26 1
2 27 1
2 40 1
2 48 1
2 54 1
2 70 1
2 84 1
2 108 1
2 109 1
2 120 1
2 152 1
2 159 1
2 172 1
2 185 1
2 191 1
2 197 1
2 198 1
2 204 1
2 207 1
2 239 1
2 244 1
2 278 1
2 315 1
2 316 1
2 337 1
2 349 1
2 366 1
2 387 1
3 11 1
3 27 1
3 63 1
3 67 1
3 71 1
3 78 1
3 80 1
3 104 1
3 105 1
3 120 1
3 124 1
3 132 1
3 139 1
3 147 1
3 154 1
3 160 1
3 164 1
3 183 1
3 198 1
3 203 1
3 243 1
3 251 1
3 265 1
3 291 1
3 300 1
3 312 1
3 330 1
3 348 1
3 366 1
3 370 1
3 379 1
3 399 1
4 27 1
4 32 1
4 35 1
4 41 1
4 45 1
4 48 1
4 51 1
4 61 1
4 66 1
4 68 1
4 84 1
4 98 1
4 107 1
4 109 1
4 113 1
4 114 1
4 121 1
4 125 1
4 140 1
4 148 1
4 164 1
4 171 1
4 189 1
4 194 1
4 203 1
4 204 1
4 209 1
4 220 1
4 235 1
4 242 1
4 247 1
4 250 1
4 251 1
4 253 1
4 258 1
4 259 1
4 279 1
4 281 1
4 282 1
4 316 1
4 317 1
4 325 1
4 326 1
4 328 1
4 344 1
4 375 1
4 378 1
4 383 1
4 392 1
4 394 1
5 6 1
5 8 1
5 26 1
5 28 1
5 40 1
5 48 1
5 54 1
5 55 1
5 59 1
5 62 1
5 72 1
5 73 1
5 76 1
5 85 1
5 94 1
5 95 1
5 104 1
5 108 1
5 112 1
5 115 1
5 118 1
5 140 1
5 145 1
5 176 1
5 186 1
5 196 1
5 201 1
5 205 1
5 208 1
5 222 1
5 231 1
5 235 1
5 242 1
5 245 1
5 246 1
5 257 1
5 264 1
5 268 1
5 271 1
5 284 1
5 294 1
5 300 1
5 302 1
5 309 1
5 312 1
5 318 1
5 319 1
5 320 1
5 328 1
5 330 1
5 338 1
5 341 1
5 342 1
5 344 1
5 358 1
5 363 1
5 379 1
5 383 1
5 389 1
6 36 1
6 47 1
6 64 1
6 77 1
6 80 1
6 81 1
6 88 1
6 114 1
6 147 1
6 148 1
6 166 1
6 167 1
6 197 1
6 200 1
6 206 1
6 224 1
6 238 1
6 239 1
6 248 1
6 249 1
6 254 1
6 262 1
6 271 1
6 285 1
6 288 1
6 296 1
6 297 1
6 298 1
6 302 1
6 306 1
6 312 1
6 318 1
6 324 1
6 367 1
6 371 1
6 373 1
6 384 1
7 21 1
7 23 1
7 27 1
7 29 1
7 31 1
7 33 1
7 53 1
7 77 1
7 80 1
7 93 1
7 97 1
7 102 1
7 104 1
7 109 1
7 112 1
7 113 1
7 115 1
7 131 1
7 143 1
7 157 1
7 164 1
7 168 1
7 177 1
7 181 1
7 183 1
7 204 1
7 205 1
7 216 1
7 235 1
7 253 1
7 265 1
7 268 1
7 306 1
7 309 1
7 311 1
7 335 1
7 338 1
7 355 1
7 376 1
7 377 1
7 399 1
8 10 1
8 24 1
8 43 1
8 55 1
8 61 1
8 68 1
8 80 1
8 87 1
8 104 1
8 115 1
8 153 1
8 160 1
8 161 1
8 167 1
8 203 1
8 238 1
8 269 1
8 281 1
8 304 1
8 305 1
8 308 1
8 315 1
8 329 1
8 346 1
8 358 1
8 374 1
8 379 1
8 389 1
8 393 1
9 33 1
9 37 1
9 38 1
9 44 1
9 62 1
9 78 1
9 79 1
9 96 1
9 103 1
9 114 1
9 135 1
9 138 1
9 160 1
9 166 1
9 176 1
9 198 1
9 210 1
9 221 1
9 228 1
9 239 1
9 256 1
9 276 1
9 289 1
9 295 1
9 299 1
9 300 1
9 321 1
9 329 1
9 346 1
9 358 1
9 365 1
9 370 1
9 371 1
9 375 1
9 398 1
10 11 1
10 25 1
10 30 1
10 32 1
10 42 1
10 46 1
10 57 1
10 86 1
10 89 1
10 94 1
10 100 1
10 102 1
10 111 1
10 120 1
10 124 1
10 131 1
10 138 1
10 141 1
10 147 1
10 167 1
10 168 1
10 173 1
10 174 1
10 195 1
10 206 1
10 207 1
10 212 1
10 214 1
10 222 1
10 224 1
10 234 1
10 240 1
10 243 1
10 251 1
10 257 1
10 276 1
10 288 1
10 290 1
10 317 1
10 323 1
10 329 1
10 333 1
10 345 1
10 349 1
10 355 1
10 371 1
10 379 1
10 391 1
10 392 1
10 396 1
11 26 1
11 29 1
11 41 1
11 51 1
11 56 1
11 63 1
11 72 1
11 85 1
11 86 1
11 98 1
11 116 1
11 125 1
11 129 1
11 133 1
11 149 1
11 213 1
11 221 1
11 255 1
11 264 1
11 269 1
11 280 1
11 285 1
11 286 1
11 289 1
11 300 1
11 311 1
11 318 1
11 334 1
11 344 1
11 358 1
11 360 1
11 378 1
11 386 1
11 388 1
11 392 1
11 397 1
12 18 1
12 26 1
12 38 1
12 44 1
12 52 1
12 60 1
12 74 1
12 78 1
12 93 1
12 101 1
12 107 1
12 108 1
12 123 1
12 127 1
12 130 1
12 132 1
12 134 1
12 135 1
12 139 1
12 167 1
12 173 1
12 189 1
12 192 1
12 200 1
12 203 1
12 205 1
12 244 1
12 251 1
12 264 1
12 274 1
12 280 1
12 294 1
12 308 1
12 312 1
12 326 1
12 331 1
12 333 1
12 335 1
12 344 1
12 359 1
12 360 1
12 368 1
12 385 1
12 387 1
12 395 1
13 19 1
13 20 1
13 37 1
13 41 1
13 43 1
13 54 1
13 79 1
13 82 1
13 90 1
13 96 1
13 99 1
13 108 1
13 148 1
13 152 1
13 159 1
13 167 1
13 175 1
13 180 1
13 182 1
13 190 1
13 196 1
13 223 1
13 239 1
13 245 1
13 273 1
13 279 1
13 291 1
13 308 1
13 335 1
13 338 1
13 349 1
13 374 1
13 378 1
13 379 1
13 383 1
14 15 1
14 32 1
14 58 1
14 62 1
14 77 1
14 86 1
14 95 1
14 129 1
14 150 1
14 157 1
14 169 1
14 175 1
14 206 1
14 211 1
14 216 1
14 246 1
14 272 1
14 275 1
14 285 1
14 290 1
14 310 1
14 318 1
14 327 1
14 336 1
14 339 1
14 367 1
14 385 1
14 388 1
14 396 1
14 399 1
14 400 1
15 35 1
15 71 1
15 74 1
15 79 1
15 84 1
15 98 1
15 108 1
15 117 1
15 121 1
15 131 1
15 149 1
15 157 1
15 160 1
15 180 1
15 183 1
15 197 1
15 239 1
15 242 1
15 267 1
15 304 1
15 306 1
15 315 1
15 324 1
15 366 1
15 369 1
15 383 1
15 394 1
15 395 1
16 24 1
16 37 1
16 39 1
16 47 1
16 56 1
16 65 1
16 68 1
16 78 1
16 81 1
16 98 1
16 108 1
16 111 1
16 114 1
16 138 1
16 148 1
16 172 1
16 193 1
16 201 1
16 202 1
16 249 1
16 254 1
16 255 1
16 268 1
16 269 1
16 289 1
16 291 1
16 305 1
16 311 1
16 315 1
16 316 1
16 329 1
16 337 1
16 360 1
16 365 1
16 378 1
16 393 1
16 396 1
16 398 1
17 20 1
17 21 1
17 43 1
17 49 1
17 58 1
17 92 1
17 102 1
17 108 1
17 114 1
17 121 1
17 123 1
17 132 1
17 154 1
17 155 1
17 158 1
17 177 1
17 184 1
17 206 1
17 210 1
17 214 1
17 220 1
17 231 1
17 232 1
17 241 1
17 242 1
17 245 1
17 250 1
17 265 1
17 267 1
17 272 1
17 291 1
17 293 1
17 307 1
17 321 1
17 330 1
17 333 1
17 343 1
17 345 1
17 346 1
17 371 1
17 375 1
17 381 1
17 387 1
17 392 1
17 393 1
18 38 1
18 44 1
18 47 1
18 61 1
18 84 1
18 87 1
18 114 1
18 116 1
18 120 1
18 126 1
18 134 1
18 136 1
18 138 1
18 154 1
18 158 1
18 161 1
18 164 1
18 186 1
18 187 1
18 193 1
18 213 1
18 214 1
18 236 1
18 244 1
18 249 1
18 254 1
18 264 1
18 267 1
18 276 1
18 293 1
18 297 1
18 303 1
18 310 1
18 313 1
18 319 1
18 325 1
18 332 1
18 334 1
18 336 1
18 349 1
18 357 1
18 371 1
18 379 1
18 396 1
19 26 1
19 29 1
19 42 1
19 81 1
19 100 1
19 102 1
19 105 1
19 106 1
19 159 1
19 163 1
19 188 1
19 208 1
19 216 1
19 236 1
19 248 1
19 255 1
19 264 1
19 277 1
19 284 1
19 287 1
19 290 1
19 294 1
19 316 1
19 321 1
19 334 1
19 350 1
19 373 1
19 377 1
19 388 1
19 396 1
19 399 1
20 21 1
20 33 1
20 38 1
20 43 1
20 47 1
20 48 1
20 55 1
20 59 1
20 72 1
20 81 1
20 83 1
20 86 1
20 92 1
20 93 1
20 94 1
20 95 1
20 106 1
20 115 1
20 116 1
20 121 1
20 132 1
20 142 1
20 146 1
20 147 1
20 148 1
20 149 1
20 156 1
20 163 1
20 173 1
20 182 1
20 184 1
20 186 1
20 188 1
20 192 1
20 212 1
20 214 1
20 238 1
20 255 1
20 272 1
20 277 1
20 284 1
20 290 1
20 300 1
20 302 1
20 304 1
20 314 1
20 316 1
20 319 1
20 324 1
20 329 1
20 342 1
20 355 1
20 358 1
20 359 1
20 363 1
20 367 1
20 368 1
20 379 1
20 382 1
20 391 1
20 400 1
21 22 1
21 49 1
21 54 1
21 99 1
21 108 1
21 110 1
21 114 1
21 132 1
21 137 1
21 150 1
21 180 1
21 181 1
21 194 1
21 198 1
21 206 1
21 231 1
21 235 1
21 240 1
21 245 1
21 250 1
21 321 1
21 324 1
21 329 1
21 331 1
21 354 1
21 358 1
21 360 1
21 365 1
21 366 1
21 370 1
21 387 1
21 394 1
22 44 1
22 58 1
22 65 1
22 84 1
22 88 1
22 106 1
22 109 1
22 129 1
22 135 1
22 138 1
22 139 1
22 140 1
22 141 1
22 143 1
22 144 1
22 149 1
22 150 1
22 160 1
22 174 1
22 196 1
22 204 1
22 208 1
22 210 1
22 215 1
22 224 1
22 225 1
22 226 1
22 227 1
22 230 1
22 254 1
22 255 1
22 290 1
22 291 1
22 301 1
22 304 1
22 305 1
22 309 1
22 326 1
22 327 1
22 328 1
22 333 1
22 338 1
22 344 1
22 368 1
22 380 1
22 399 1
23 30 1
23 31 1
23 36 1
23 38 1
23 41 1
23 60 1
23 67 1
23 83 1
23 105 1
23 114 1
23 129 1
23 135 1
23 136 1
23 152 1
23 170 1
23 197 1
23 202 1
23 214 1
23 228 1
23 235 1
23 244 1
23 279 1
23 280 1
23 301 1
23 326 1
23 332 1
23 345 1
23 352 1
23 372 1
23 382 1
23 387 1
23 394 1
23 395 1
24 34 1
24 46 1
24 50 1
24 82 1
24 86 1
24 89 1
24 100 1
24 101 1
24 122 1
24 138 1
24 140 1
24 141 1
24 166 1
24 190 1
24 195 1
24 201 1
24 207 1
24 217 1
24 234 1
24 261 1
24 287 1
24 302 1
24 313 1
24 317 1
24 347 1
24 386 1
24 392 1
25 37 1
25 41 1
25 64 1
25 66 1
25 75 1
25 84 1
25 100 1
25 109 1
25 120 1
25 127 1
25 148 1
25 153 1
25 166 1
25 191 1
25 193 1
25 198 1
25 202 1
25 212 1
25 214 1
25 229 1
25 232 1
25 236 1
25 240 1
25 251 1
25 252 1
25 255 1
25 256 1
25 260 1
25 261 1
25 266 1
25 272 1
25 326 1
25 336 1
25 342 1
25 350 1
25 356 1
25 370 1
25 380 1
25 392 1
26 29 1
26 46 1
26 48 1
26 65 1
26 70 1
26 84 1
26 95 1
26 96 1
26 104 1
26 120 1
26 121 1
26 176 1
26 177 1
26 180 1
26 185 1
26 186 1
26 187 1
26 197 1
26 201 1
26 235 1
26 236 1
26 245 1
26 250 1
26 255 1
26 301 1
26 305 1
26 314 1
26 315 1
26 325 1
26 334 1
26 337 1
26 347 1
26 357 1
26 358 1
26 365 1
26 369 1
26 384 1
26 396 1
26 400 1
27 34 1
27 36 1
27 44 1
27 51 1
27 63 1
27 79 1
27 89 1
27 92 1
27 100 1
27 115 1
27 116 1
27 123 1
27 149 1
27 154 1
27 161 1
27 187 1
27 195 1
27 197 1
27 199 1
27 216 1
27 221 1
27 231 1
27 254 1
27 256 1
27 258 1
27 259 1
27 269 1
27 276 1
27 281 1
27 282 1
27 290 1
27 312 1
27 317 1
27 319 1
27 321 1
27 325 1
27 334 1
27 358 1
27 364 1
27 382 1
27 388 1
28 41 1
28 60 1
28 64 1
28 68 1
28 72 1
28 79 1
28 84 1
28 93 1
28 109 1
28 124 1
28 129 1
28 156 1
28 175 1
28 176 1
28 204 1
28 205 1
28 220 1
28 233 1
28 296 1
28 301 1
28 303 1
28 315 1
28 323 1
28 343 1
28 348 1
28 351 1
28 352 1
28 359 1
28 360 1
28 382 1
28 386 1
28 390 1
28 395 1
29 32 1
29 56 1
29 61 1
29 72 1
29 79 1
29 96 1
29 98 1
29 102 1
29 105 1
29 113 1
29 114 1
29 118 1
29 125 1
29 131 1
29 136 1
29 139 1
29 148 1
29 163 1
29 164 1
29 166 1
29 171 1
29 172 1
29 173 1
29 175 1
29 180 1
29 184 1
29 193 1
29 217 1
29 219 1
29 236 1
29 269 1
29 273 1
29 282 1
29 303 1
29 317 1
29 338 1
29 343 1
29 348 1
29 349 1
29 358 1
29 373 1
29 374 1
29 377 1
29 381 1
29 392 1
29 394 1
29 397 1
30 31 1
30 33 1
30 36 1
30 37 1
30 38 1
30 46 1
30 47 1
30 62 1
30 74 1
30 83 1
30 84 1
30 109 1
30 114 1
30 153 1
30 160 1
30 179 1
30 209 1
30 213 1
30 218 1
30 221 1
30 223 1
30 236 1
30 244 1
30 264 1
30 272 1
30 296 1
30 307 1
30 319 1
30 323 1
30 326 1
30 329 1
30 331 1
30 332 1
30 343 1
30 346 1
30 349 1
30 353 1
30 356 1
30 365 1
30 372 1
30 379 1
30 382 1
30 392 1
30 396 1
31 32 1
31 44 1
31 46 1
31 47 1
31 52 1
31 74 1
31 80 1
31 94 1
31 110 1
31 124 1
31 132 1
31 133 1
31 135 1
31 138 1
31 143 1
31 150 1
31 152 1
31 181 1
31 185 1
31 192 1
31 201 1
31 205 1
31 208 1
31 209 1
31 218 1
31 226 1
31 235 1
31 243 1
31 247 1
31 252 1
31 256 1
31 264 1
31 271 1
31 294 1
31 314 1
31 328 1
31 342 1
31 359 1
31 360 1
31 377 1
31 379 1
31 386 1
31 389 1
31 397 1
32 35 1
32 37 1
32 48 1
32 52 1
32 62 1
32 65 1
32 68 1
32 72 1
32 78 1
32 87 1
32 94 1
32 95 1
32 96 1
32 97 1
32 112 1
32 113 1
32 124 1
32 125 1
32 132 1
32 134 1
32 136 1
32 140 1
32 142 1
32 148 1
32 150 1
32 153 1
32 154 1
32 156 1
32 173 1
32 198 1
32 226 1
32 238 1
32 253 1
32 254 1
32 264 1
32 267 1
32 276 1
32 284 1
32 286 1
32 292 1
32 305 1
32 314 1
32 315 1
32 316 1
32 317 1
32 318 1
32 319 1
32 324 1
32 335 1
32 351 1
32 353 1
32 358 1
32 360 1
32 366 1
32 387 1
32 392 1
33 35 1
33 41 1
33 44 1
33 47 1
33 66 1
33 68 1
33 84 1
33 87 1
33 105 1
33 119 1
33 121 1
33 134 1
33 136 1
33 153 1
33 170 1
33 175 1
33 192 1
33 198 1
33 199 1
33 202 1
33 222 1
33 232 1
33 242 1
33 252 1
33 262 1
33 272 1
33 282 1
33 300 1
33 317 1
33 320 1
33 323 1
33 326 1
33 337 1
33 339 1
33 341 1
33 345 1
33 355 1
33 370 1
33 384 1
33 396 1
34 46 1
34 66 1
34 79 1
34 82 1
34 87 1
34 89 1
34 108 1
34 139 1
34 150 1
34 156 1
34 160 1
34 166 1
34 172 1
34 176 1
34 178 1
34 179 1
34 183 1
34 187 1
34 198 1
34 223 1
34 235 1
34 248 1
34 249 1
34 260 1
34 301 1
34 312 1
34 314 1
34 329 1
34 330 1
34 335 1
34 341 1
34 353 1
34 369 1
34 380 1
35 38 1
35 46 1
35 71 1
35 101 1
35 103 1
35 113 1
35 115 1
35 124 1
35 128 1
35 145 1
35 146 1
35 163 1
35 169 1
35 206 1
35 208 1
35 227 1
35 248 1
35 272 1
35 282 1
35 303 1
35 310 1
35 317 1
35 328 1
35 334 1
35 337 1
35 342 1
35 344 1
35 396 1
36 38 1
36 41 1
36 55 1
36 80 1
36 84 1
36 97 1
36 109 1
36 120 1
36 153 1
36 159 1
36 180 1
36 197 1
36 214 1
36 228 1
36 243 1
36 249 1
36 270 1
36 279 1
36 294 1
36 300 1
36 326 1
36 346 1
36 365 1
36 372 1
36 382 1
36 383 1
37 48 1
37 63 1
37 69 1
37 76 1
37 99 1
37 116 1
37 125 1
37 138 1
37 144 1
37 149 1
37 155 1
37 162 1
37 169 1
37 188 1
37 197 1
37 208 1
37 216 1
37 225 1
37 229 1
37 242 1
37 264 1
37 271 1
37 287 1
37 310 1
37 311 1
37 314 1
37 327 1
37 342 1
37 351 1
37 362 1
37 375 1
37 385 1
37 398 1
38 39 1
38 40 1
38 55 1
38 93 1
38 96 1
38 98 1
38 104 1
38 107 1
38 109 1
38 113 1
38 137 1
38 143 1
38 152 1
38 158 1
38 159 1
38 163 1
38 164 1
38 175 1
38 179 1
38 204 1
38 228 1
38 229 1
38 244 1
38 246 1
38 264 1
38 266 1
38 269 1
38 284 1
38 289 1
38 307 1
38 312 1
38 326 1
38 329 1
38 333 1
38 334 1
38 337 1
38 338 1
38 346 1
38 357 1
38 359 1
38 372 1
38 379 1
38 389 1
39 50 1
39 57 1
39 86 1
39 120 1
39 125 1
39 145 1
39 149 1
39 156 1
39 161 1
39 171 1
39 200 1
39 203 1
39 212 1
39 213 1
39 226 1
39 237 1
39 242 1
39 250 1
39 257 1
39 262 1
39 263 1
39 275 1
39 298 1
39 310 1
39 314 1
39 326 1
39 336 1
39 338 1
39 350 1
39 355 1
39 377 1
39 392 1
39 400 1
40 42 1
40 53 1
40 74 1
40 94 1
40 103 1
40 108 1
40 114 1
40 121 1
40 134 1
40 150 1
40 154 1
40 158 1
40 188 1
40 209 1
40 213 1
40 214 1
40 215 1
40 227 1
40 236 1
40 246 1
40 248 1
40 249 1
40 259 1
40 264 1
40 272 1
40 273 1
40 280 1
40 283 1
40 285 1
40 286 1
40 300 1
40 308 1
40 321 1
40 322 1
40 323 1
40 327 1
40 374 1
40 385 1
40 386 1
41 45 1
41 49 1
41 54 1
41 55 1
41 59 1
41 67 1
41 70 1
41 73 1
41 86 1
41 88 1
41 101 1
41 105 1
41 112 1
41 113 1
41 117 1
41 120 1
41 124 1
41 135 1
41 147 1
41 165 1
41 171 1
41 190 1
41 199 1
41 223 1
41 242 1
41 243 1
41 250 1
41 255 1
41 257 1
41 262 1
41 264 1
41 271 1
41 277 1
41 292 1
41 300 1
41 305 1
41 321 1
41 322 1
41 331 1
41 339 1
41 340 1
41 359 1
41 362 1
41 367 1
41 371 1
41 382 1
42 45 1
42 50 1
42 67 1
42 68 1
42 83 1
42 98 1
42 120 1
42 136 1
42 175 1
42 188 1
42 191 1
42 219 1
42 247 1
42 253 1
42 291 1
42 304 1
42 305 1
42 309 1
42 338 1
42 344 1
42 347 1
42 360 1
43 49 1
43 62 1
43 65 1
43 70 1
43 83 1
43 88 1
43 103 1
43 106 1
43 123 1
43 161 1
43 185 1
43 192 1
43 218 1
43 226 1
43 266 1
43 295 1
43 319 1
43 327 1
43 336 1
43 337 1
43 363 1
44 52 1
44 56 1
44 71 1
44 76 1
44 77 1
44 93 1
44 123 1
44 127 1
44 142 1
44 151 1
44 157 1
44 174 1
44 183 1
44 189 1
44 195 1
44 197 1
44 201 1
44 220 1
44 223 1
44 238 1
44 251 1
44 260 1
44 263 1
44 266 1
44 270 1
44 272 1
44 276 1
44 280 1
44 282 1
44 284 1
44 288 1
44 289 1
44 299 1
44 312 1
44 338 1
44 341 1
44 344 1
44 346 1
44 358 1
44 363 1
44 370 1
44 394 1
44 397 1
44 399 1
45 54 1
45 59 1
45 62 1
45 65 1
45 77 1
45 81 1
45 94 1
45 112 1
45 116 1
45 140 1
45 144 1
45 146 1
45 154 1
45 168 1
45 189 1
45 196 1
45 210 1
45 261 1
45 264 1
45 282 1
45 292 1
45 300 1
45 317 1
45 326 1
45 350 1
45 362 1
45 372 1
45 373 1
45 388 1
46 62 1
46 68 1
46 78 1
46 79 1
46 87 1
46 89 1
46 92 1
46 95 1
46 117 1
46 124 1
46 129 1
46 142 1
46 145 1
46 160 1
46 176 1
46 178 1
46 189 1
46 194 1
46 201 1
46 205 1
46 212 1
46 219 1
46 229 1
46 232 1
46 243 1
46 248 1
46 264 1
46 273 1
46 291 1
46 312 1
46 314 1
46 315 1
46 322 1
46 330 1
46 345 1
46 348 1
46 349 1
46 352 1
46 353 1
46 356 1
46 357 1
46 359 1
46 366 1
46 382 1
46 394 1
46 399 1
47 48 1
47 50 1
47 61 1
47 62 1
47 67 1
47 71 1
47 83 1
47 93 1
47 101 1
47 105 1
47 110 1
47 112 1
47 124 1
47 127 1
47 134 1
47 152 1
47 158 1
47 167 1
47 168 1
47 189 1
47 191 1
47 209 1
47 213 1
47 217 1
47 234 1
47 237 1
47 239 1
47 244 1
47 254 1
47 282 1
47 284 1
47 289 1
47 291 1
47 293 1
47 304 1
47 315 1
47 322 1
47 323 1
47 324 1
47 366 1
47 378 1
47 379 1
47 381 1
47 395 1
47 396 1
48 70 1
48 75 1
48 139 1
48 153 1
48 166 1
48 185 1
48 203 1
48 247 1
48 249 1
48 258 1
48 281 1
48 296 1
48 312 1
48 318 1
48 319 1
48 325 1
48 332 1
48 337 1
48 349 1
48 351 1
48 358 1
48 365 1
49 55 1
49 78 1
49 79 1
49 96 1
49 105 1
49 117 1
49 129 1
49 134 1
49 159 1
49 172 1
49 205 1
49 206 1
49 214 1
49 223 1
49 241 1
49 250 1
49 258 1
49 273 1
49 280 1
49 291 1
49 301 1
49 319 1
49 321 1
49 324 1
49 329 1
49 338 1
49 348 1
49 349 1
49 360 1
49 380 1
49 395 1
49 397 1
50 52 1
50 79 1
50 80 1
50 84 1
50 120 1
50 160 1
50 188 1
50 199 1
50 204 1
50 219 1
50 221 1
50 247 1
50 251 1
50 253 1
50 267 1
50 273 1
50 276 1
50 278 1
50 289 1
50 294 1
50 299 1
50 309 1
50 315 1
50 328 1
50 329 1
50 334 1
50 379 1
50 382 1
50 392 1
50 394 1
51 66 1
51 140 1
51 151 1
51 156 1
51 175 1
51 176 1
51 187 1
51 240 1
51 258 1
51 259 1
51 265 1
51 273 1
51 296 1
51 303 1
51 319 1
51 328 1
51 329 1
51 332 1
51 341 1
51 349 1
51 357 1
51 366 1
51 393 1
52 58 1
52 77 1
52 80 1
52 93 1
52 94 1
52 106 1
52 111 1
52 112 1
52 133 1
52 138 1
52 184 1
52 188 1
52 205 1
52 210 1
52 213 1
52 247 1
52 248 1
52 284 1
52 313 1
52 325 1
52 339 1
52 351 1
52 399 1
53 60 1
53 104 1
53 106 1
53 114 1
53 127 1
53 164 1
53 172 1
53 179 1
53 180 1
53 192 1
53 200 1
53 204 1
53 212 1
53 224 1
53 238 1
53 245 1
53 258 1
53 260 1
53 265 1
53 298 1
53 343 1
53 347 1
53 349 1
53 369 1
53 382 1
54 56 1
54 70 1
54 84 1
54 88 1
54 89 1
54 91 1
54 100 1
54 107 1
54 110 1
54 122 1
54 128 1
54 138 1
54 146 1
54 148 1
54 154 1
54 176 1
54 190 1
54 197 1
54 216 1
54 217 1
54 223 1
54 253 1
54 254 1
54 271 1
54 272 1
54 280 1
54 285 1
54 292 1
54 300 1
54 312 1
54 313 1
54 319 1
54 323 1
54 328 1
54 355 1
54 384 1
54 386 1
55 61 1
55 64 1
55 76 1
55 92 1
55 114 1
55 130 1
55 138 1
55 141 1
55 147 1
55 160 1
55 161 1
55 164 1
55 165 1
55 176 1
55 194 1
55 200 1
55 209 1
55 214 1
55 216 1
55 221 1
55 223 1
55 242 1
55 251 1
55 259 1
55 261 1
55 269 1
55 277 1
55 288 1
55 295 1
55 299 1
55 304 1
55 311 1
55 312 1
55 317 1
55 318 1
55 321 1
55 323 1
55 334 1
55 357 1
55 370 1
55 376 1
55 379 1
55 386 1
56 58 1
56 65 1
56 66 1
56 74 1
56 76 1
56 77 1
56 78 1
56 80 1
56 87 1
56 92 1
56 93 1
56 101 1
56 102 1
56 113 1
56 123 1
56 129 1
56 139 1
56 153 1
56 180 1
56 191 1
56 195 1
56 196 1
56 203 1
56 213 1
56 221 1
56 229 1
56 244 1
56 249 1
56 251 1
56 252 1
56 258 1
56 260 1
56 263 1
56 280 1
56 293 1
56 299 1
56 319 1
56 321 1
56 328 1
56 330 1
56 356 1
56 360 1
56 381 1
56 391 1
56 393 1
56 397 1
57 59 1
57 85 1
57 96 1
57 97 1
57 105 1
57 108 1
57 113 1
57 135 1
57 139 1
57 142 1
57 150 1
57 151 1
57 160 1
57 170 1
57 179 1
57 187 1
57 194 1
57 197 1
57 205 1
57 247 1
57 258 1
57 280 1
57 282 1
57 283 1
57 289 1
57 303 1
57 304 1
57 307 1
57 315 1
57 319 1
57 341 1
57 381 1
57 392 1
57 393 1
57 397 1
58 62 1
58 78 1
58 79 1
58 97 1
58 98 1
58 107 1
58 108 1
58 127 1
58 135 1
58 167 1
58 172 1
58 173 1
58 181 1
58 184 1
58 202 1
58 210 1
58 213 1
58 215 1
58 219 1
58 269 1
58 272 1
58 273 1
58 277 1
58 280 1
58 281 1
58 296 1
58 297 1
58 310 1
58 312 1
58 315 1
58 325 1
58 326 1
58 344 1
58 348 1
58 352 1
58 354 1
58 366 1
58 380 1
59 60 1
59 68 1
59 74 1
59 85 1
59 113 1
59 126 1
59 131 1
59 132 1
59 156 1
59 159 1
59 160 1
59 170 1
59 176 1
59 203 1
59 207 1
59 228 1
59 258 1
59 280 1
59 282 1
59 283 1
59 316 1
59 319 1
59 320 1
59 341 1
59 347 1
59 380 1
59 387 1
59 392 1
60 61 1
60 70 1
60 75 1
60 81 1
60 85 1
60 87 1
60 103 1
60 108 1
60 115 1
60 129 1
60 141 1
60 172 1
60 188 1
60 204 1
60 212 1
60 226 1
60 236 1
60 242 1
60 249 1
60 251 1
60 255 1
60 257 1
60 266 1
60 275 1
60 276 1
60 286 1
60 291 1
60 317 1
60 318 1
60 324 1
60 326 1
60 337 1
60 342 1
60 350 1
60 351 1
60 362 1
60 364 1
60 382 1
60 385 1
61 95 1
61 106 1
61 107 1
61 115 1
61 119 1
61 124 1
61 131 1
61 132 1
61 134 1
61 150 1
61 155 1
61 161 1
61 170 1
61 174 1
61 177 1
61 181 1
61 204 1
61 207 1
61 222 1
61 237 1
61 249 1
61 252 1
61 253 1
61 264 1
61 272 1
61 278 1
61 281 1
61 291 1
61 299 1
61 301 1
61 304 1
61 319 1
61 322 1
61 323 1
61 330 1
61 331 1
61 341 1
61 345 1
61 357 1
61 368 1
61 371 1
61 374 1
61 389 1
61 397 1
61 399 1
61 400 1
62 64 1
62 79 1
62 84 1
62 93 1
62 103 1
62 104 1
62 127 1
62 138 1
62 148 1
62 151 1
62 173 1
62 176 1
62 183 1
62 191 1
62 209 1
62 217 1
62 221 1
62 225 1
62 232 1
62 279 1
62 281 1
62 289 1
62 293 1
62 294 1
62 295 1
62 305 1
62 328 1
62 334 1
62 353 1
62 365 1
62 375 1
62 380 1
62 391 1
63 66 1
63 79 1
63 82 1
63 83 1
63 97 1
63 109 1
63 110 1
63 127 1
63 129 1
63 137 1
63 139 1
63 147 1
63 152 1
63 154 1
63 160 1
63 176 1
63 180 1
63 183 1
63 192 1
63 193 1
63 202 1
63 209 1
63 233 1
63 241 1
63 251 1
63 260 1
63 269 1
63 270 1
63 292 1
63 293 1
63 303 1
63 320 1
63 346 1
63 347 1
63 353 1
63 365 1
63 369 1
63 375 1
63 394 1
63 397 1
63 399 1
64 73 1
64 77 1
64 79 1
64 84 1
64 85 1
64 96 1
64 110 1
64 115 1
64 117 1
64 125 1
64 131 1
64 132 1
64 138 1
64 140 1
64 150 1
64 155 1
64 157 1
64 167 1
64 171 1
64 177 1
64 178 1
64 182 1
64 189 1
64 213 1
64 217 1
64 218 1
64 222 1
64 227 1
64 232 1
64 234 1
64 237 1
64 245 1
64 252 1
64 254 1
64 261 1
64 272 1
64 273 1
64 275 1
64 276 1
64 285 1
64 305 1
64 310 1
64 337 1
64 345 1
64 353 1
64 355 1
64 363 1
64 368 1
64 371 1
64 372 1
64 381 1
64 382 1
64 392 1
65 66 1
65 78 1
65 87 1
65 104 1
65 105 1
65 107 1
65 113 1
65 125 1
65 143 1
65 153 1
65 159 1
65 162 1
65 167 1
65 169 1
65 171 1
65 174 1
65 186 1
65 192 1
65 197 1
65 205 1
65 218 1
65 225 1
65 228 1
65 231 1
65 244 1
65 247 1
65 267 1
65 268 1
65 281 1
65 286 1
65 297 1
65 299 1
65 315 1
65 323 1
65 326 1
65 330 1
65 344 1
65 345 1
65 346 1
65 347 1
65 357 1
65 366 1
66 70 1
66 76 1
66 93 1
66 94 1
66 95 1
66 103 1
66 114 1
66 130 1
66 146 1
66 147 1
66 171 1
66 190 1
66 193 1
66 199 1
66 212 1
66 217 1
66 218 1
66 222 1
66 224 1
66 245 1
66 249 1
66 255 1
66 274 1
66 277 1
66 285 1
66 290 1
66 311 1
66 314 1
66 321 1
66 322 1
66 337 1
66 350 1
66 351 1
66 367 1
66 377 1
66 388 1
66 400 1
67 71 1
67 107 1
67 118 1
67 123 1
67 127 1
67 133 1
67 156 1
67 166 1
67 181 1
67 184 1
67 197 1
67 207 1
67 212 1
67 216 1
67 232 1
67 241 1
67 266 1
67 267 1
67 268 1
67 278 1
67 285 1
67 286 1
67 287 1
67 300 1
67 318 1
67 342 1
67 355 1
67 371 1
68 70 1
68 93 1
68 101 1
68 103 1
68 133 1
68 141 1
68 146 1
68 162 1
68 186 1
68 196 1
68 211 1
68 227 1
68 235 1
68 236 1
68 237 1
68 279 1
68 286 1
68 287 1
68 326 1
68 329 1
68 345 1
68 355 1
68 356 1
68 391 1
68 400 1
69 74 1
69 79 1
69 110 1
69 114 1
69 120 1
69 124 1
69 142 1
69 204 1
69 209 1
69 220 1
69 229 1
69 232 1
69 237 1
69 239 1
69 268 1
69 273 1
69 285 1
69 297 1
69 301 1
69 312 1
69 322 1
69 344 1
69 345 1
69 361 1
69 365 1
69 375 1
69 380 1
70 96 1
70 97 1
70 99 1
70 132 1
70 137 1
70 175 1
70 177 1
70 183 1
70 185 1
70 191 1
70 203 1
70 207 1
70 223 1
70 231 1
70 245 1
70 296 1
70 301 1
70 307 1
70 308 1
70 316 1
70 330 1
70 332 1
70 337 1
70 345 1
70 352 1
70 353 1
70 383 1
70 387 1
71 79 1
71 91 1
71 92 1
71 107 1
71 111 1
71 124 1
71 128 1
71 141 1
71 163 1
71 168 1
71 190 1
71 195 1
71 212 1
71 215 1
71 227 1
71 234 1
71 245 1
71 277 1
71 289 1
71 290 1
71 295 1
71 303 1
71 305 1
71 309 1
71 314 1
71 326 1
71 327 1
71 344 1
71 345 1
71 358 1
71 363 1
71 371 1
71 379 1
71 384 1
71 391 1
72 80 1
72 84 1
72 86 1
72 104 1
72 114 1
72 121 1
72 122 1
72 128 1
72 141 1
72 164 1
72 173 1
72 180 1
72 192 1
72 202 1
72 205 1
72 211 1
72 212 1
72 213 1
72 214 1
72 222 1
72 229 1
72 232 1
72 238 1
72 242 1
72 249 1
72 263 1
72 271 1
72 275 1
72 283 1
72 285 1
72 286 1
72 293 1
72 298 1
72 312 1
72 313 1
72 314 1
72 325 1
72 331 1
72 336 1
72 341 1
72 343 1
72 345 1
72 361 1
72 367 1
72 370 1
72 384 1
72 388 1
72 390 1
72 391 1
72 399 1
73 92 1
73 105 1
73 114 1
73 121 1
73 126 1
73 158 1
73 159 1
73 160 1
73 163 1
73 165 1
73 181 1
73 209 1
73 220 1
73 257 1
73 265 1
73 279 1
73 288 1
73 289 1
73 303 1
73 304 1
73 308 1
73 318 1
73 325 1
73 329 1
73 331 1
73 346 1
73 352 1
73 378 1
73 382 1
73 395 1
74 100 1
74 101 1
74 106 1
74 108 1
74 126 1
74 129 1
74 130 1
74 133 1
74 138 1
74 142 1
74 147 1
74 155 1
74 171 1
74 195 1
74 198 1
74 200 1
74 201 1
74 248 1
74 256 1
74 257 1
74 263 1
74 264 1
74 265 1
74 267 1
74 268 1
74 273 1
74 283 1
74 298 1
74 300 1
74 302 1
74 333 1
74 334 1
74 337 1
74 347 1
74 351 1
74 356 1
74 358 1
74 388 1
74 391 1
74 395 1
74 396 1
75 85 1
75 100 1
75 125 1
75 138 1
75 154 1
75 172 1
75 190 1
75 199 1
75 201 1
75 204 1
75 221 1
75 230 1
75 252 1
75 267 1
75 271 1
75 311 1
75 324 1
75 328 1
75 362 1
76 77 1
76 84 1
76 104 1
76 120 1
76 124 1
76 127 1
76 153 1
76 156 1
76 180 1
76 183 1
76 187 1
76 195 1
76 209 1
76 239 1
76 263 1
76 268 1
76 279 1
76 292 1
76 296 1
76 303 1
76 308 1
76 341 1
76 344 1
76 357 1
76 365 1
76 374 1
76 379 1
76 387 1
77 107 1
77 120 1
77 127 1
77 159 1
77 167 1
77 192 1
77 194 1
77 195 1
77 203 1
77 214 1
77 240 1
77 243 1
77 263 1
77 280 1
77 281 1
77 288 1
77 296 1
77 312 1
77 343 1
77 347 1
77 359 1
77 380 1
77 381 1
77 394 1
78 86 1
78 88 1
78 108 1
78 112 1
78 118 1
78 122 1
78 138 1
78 143 1
78 149 1
78 178 1
78 184 1
78 188 1
78 190 1
78 200 1
78 210 1
78 215 1
78 216 1
78 219 1
78 222 1
78 224 1
78 231 1
78 253 1
78 264 1
78 267 1
78 314 1
78 339 1
78 351 1
78 354 1
78 386 1
78 395 1
79 81 1
79 86 1
79 94 1
79 102 1
79 104 1
79 105 1
79 117 1
79 138 1
79 146 1
79 154 1
79 156 1
79 157 1
79 160 1
79 161 1
79 162 1
79 166 1
79 168 1
79 171 1
79 173 1
79 177 1
79 189 1
79 192 1
79 206 1
79 216 1
79 225 1
79 250 1
79 254 1
79 258 1
79 270 1
79 280 1
79 290 1
79 308 1
79 309 1
79 312 1
79 314 1
79 316 1
79 321 1
79 331 1
79 338 1
79 342 1
79 343 1
79 346 1
79 360 1
79 362 1
79 368 1
79 377 1
79 384 1
79 389 1
80 84 1
80 93 1
80 102 1
80 120 1
80 144 1
80 165 1
80 176 1
80 205 1
80 219 1
80 225 1
80 232 1
80 238 1
80 246 1
80 247 1
80 248 1
80 259 1
80 261 1
80 262 1
80 269 1
80 273 1
80 277 1
80 304 1
80 317 1
80 331 1
80 333 1
80 335 1
80 336 1
80 343 1
80 345 1
80 347 1
80 358 1
80 361 1
80 372 1
80 389 1
80 395 1
80 396 1
81 82 1
81 96 1
81 111 1
81 129 1
81 134 1
81 136 1
81 142 1
81 175 1
81 183 1
81 187 1
81 191 1
81 197 1
81 201 1
81 205 1
81 228 1
81 232 1
81 255 1
81 258 1
81 260 1
81 269 1
81 296 1
81 311 1
81 333 1
81 347 1
81 359 1
81 382 1
81 393 1
82 85 1
82 86 1
82 88 1
82 89 1
82 103 1
82 146 1
82 148 1
82 155 1
82 166 1
82 195 1
82 199 1
82 207 1
82 212 1
82 218 1
82 242 1
82 250 1
82 253 1
82 256 1
82 257 1
82 274 1
82 309 1
82 311 1
82 313 1
82 314 1
82 317 1
82 325 1
82 327 1
82 334 1
82 347 1
82 356 1
82 361 1
82 390 1
82 400 1
83 89 1
83 91 1
83 94 1
83 102 1
83 116 1
83 128 1
83 133 1
83 141 1
83 163 1
83 171 1
83 192 1
83 212 1
83 213 1
83 236 1
83 237 1
83 248 1
83 255 1
83 262 1
83 272 1
83 274 1
83 277 1
83 284 1
83 285 1
83 290 1
83 295 1
83 302 1
83 319 1
83 321 1
83 334 1
83 339 1
83 351 1
83 361 1
83 372 1
83 377 1
83 389 1
83 391 1
84 100 1
84 112 1
84 123 1
84 138 1
84 142 1
84 155 1
84 167 1
84 169 1
84 190 1
84 196 1
84 210 1
84 211 1
84 218 1
84 220 1
84 229 1
84 232 1
84 237 1
84 245 1
84 259 1
84 267 1
84 268 1
84 306 1
84 355 1
84 356 1
84 365 1
84 370 1
84 381 1
84 383 1
84 397 1
85 87 1
85 105 1
85 110 1
85 113 1
85 121 1
85 132 1
85 150 1
85 156 1
85 158 1
85 166 1
85 175 1
85 191 1
85 202 1
85 207 1
85 231 1
85 247 1
85 260 1
85 268 1
85 269 1
85 280 1
85 282 1
85 304 1
85 324 1
85 349 1
85 358 1
85 370 1
85 392 1
86 105 1
86 124 1
86 131 1
86 133 1
86 135 1
86 166 1
86 171 1
86 176 1
86 187 1
86 197 1
86 218 1
86 231 1
86 235 1
86 238 1
86 243 1
86 258 1
86 260 1
86 268 1
86 296 1
86 297 1
86 307 1
86 308 1
86 315 1
86 317 1
86 319 1
86 330 1
86 331 1
86 352 1
86 354 1
86 360 1
86 388 1
87 88 1
87 93 1
87 99 1
87 142 1
87 165 1
87 176 1
87 188 1
87 192 1
87 210 1
87 215 1
87 221 1
87 226 1
87 239 1
87 246 1
87 263 1
87 268 1
87 285 1
87 305 1
87 316 1
87 317 1
87 319 1
87 323 1
87 331 1
87 332 1
87 333 1
87 340 1
87 341 1
87 343 1
87 348 1
87 364 1
87 383 1
88 146 1
88 151 1
88 153 1
88 166 1
88 172 1
88 183 1
88 194 1
88 197 1
88 214 1
88 232 1
88 269 1
88 280 1
88 288 1
88 292 1
88 297 1
88 319 1
88 320 1
88 324 1
88 334 1
88 335 1
88 368 1
88 370 1
88 381 1
88 384 1
88 393 1
89 97 1
89 107 1
89 114 1
89 121 1
89 160 1
89 178 1
89 192 1
89 198 1
89 204 1
89 214 1
89 239 1
89 248 1
89 270 1
89 280 1
89 283 1
89 288 1
89 296 1
89 312 1
89 314 1
89 329 1
89 333 1
89 345 1
89 347 1
89 349 1
89 352 1
89 370 1
89 381 1
89 382 1
89 393 1
89 395 1
89 397 1
90 107 1
90 108 1
90 120 1
90 148 1
90 153 1
90 158 1
90 175 1
90 180 1
90 182 1
90 183 1
90 190 1
90 196 1
90 209 1
90 214 1
90 231 1
90 232 1
90 243 1
90 265 1
90 283 1
90 300 1
90 303 1
90 305 1
90 315 1
90 332 1
90 335 1
90 338 1
90 349 1
90 358 1
90 366 1
90 379 1
91 98 1
91 99 1
91 107 1
91 131 1
91 137 1
91 151 1
91 153 1
91 160 1
91 180 1
91 192 1
91 223 1
91 230 1
91 236 1
91 244 1
91 260 1
91 265 1
91 269 1
91 280 1
91 286 1
91 302 1
91 303 1
91 315 1
91 316 1
91 338 1
91 345 1
91 365 1
91 371 1
91 380 1
91 381 1
92 100 1
92 129 1
92 134 1
92 155 1
92 157 1
92 163 1
92 165 1
92 179 1
92 217 1
92 220 1
92 231 1
92 236 1
92 237 1
92 247 1
92 257 1
92 300 1
92 301 1
92 315 1
92 316 1
92 320 1
92 325 1
92 326 1
92 338 1
92 343 1
92 346 1
92 381 1
92 384 1
92 387 1
92 391 1
92 392 1
92 394 1
92 396 1
93 96 1
93 100 1
93 110 1
93 123 1
93 127 1
93 129 1
93 148 1
93 151 1
93 158 1
93 167 1
93 173 1
93 183 1
93 198 1
93 199 1
93 207 1
93 214 1
93 241 1
93 247 1
93 248 1
93 266 1
93 278 1
93 316 1
93 323 1
93 328 1
93 331 1
93 336 1
93 337 1
93 343 1
93 351 1
93 365 1
93 370 1
93 378 1
93 379 1
93 386 1
93 390 1
93 393 1
94 98 1
94 112 1
94 137 1
94 153 1
94 164 1
94 167 1
94 180 1
94 226 1
94 228 1
94 238 1
94 245 1
94 249 1
94 258 1
94 268 1
94 276 1
94 278 1
94 279 1
94 300 1
94 301 1
94 308 1
94 318 1
94 320 1
94 330 1
94 354 1
94 394 1
95 98 1
95 108 1
95 131 1
95 136 1
95 138 1
95 139 1
95 144 1
95 154 1
95 179 1
95 181 1
95 186 1
95 201 1
95 212 1
95 214 1
95 223 1
95 232 1
95 236 1
95 239 1
95 268 1
95 271 1
95 312 1
95 320 1
95 328 1
95 336 1
95 337 1
95 348 1
95 363 1
95 369 1
96 100 1
96 113 1
96 122 1
96 132 1
96 141 1
96 171 1
96 178 1
96 195 1
96 219 1
96 226 1
96 229 1
96 254 1
96 259 1
96 261 1
96 274 1
96 275 1
96 276 1
96 290 1
96 298 1
96 322 1
96 353 1
96 371 1
96 372 1
96 390 1
97 106 1
97 112 1
97 113 1
97 116 1
97 147 1
97 154 1
97 157 1
97 178 1
97 181 1
97 183 1
97 201 1
97 212 1
97 217 1
97 222 1
97 248 1
97 254 1
97 276 1
97 287 1
97 299 1
97 309 1
97 310 1
97 321 1
97 327 1
97 335 1
97 336 1
97 373 1
97 376 1
97 385 1
98 101 1
98 111 1
98 112 1
98 116 1
98 138 1
98 154 1
98 184 1
98 185 1
98 188 1
98 196 1
98 210 1
98 218 1
98 227 1
98 229 1
98 250 1
98 252 1
98 276 1
98 277 1
98 285 1
98 286 1
98 289 1
98 290 1
98 295 1
98 299 1
98 314 1
98 355 1
98 360 1
98 372 1
98 377 1
98 378 1
98 400 1
99 103 1
99 107 1
99 111 1
99 125 1
99 138 1
99 146 1
99 165 1
99 195 1
99 197 1
99 249 1
99 251 1
99 257 1
99 259 1
99 271 1
99 288 1
99 294 1
99 302 1
99 306 1
99 327 1
99 356 1
99 363 1
99 372 1
99 373 1
99 375 1
99 382 1
99 397 1
99 398 1
100 114 1
100 119 1
100 123 1
100 124 1
100 137 1
100 139 1
100 140 1
100 141 1
100 160 1
100 192 1
100 194 1
100 212 1
100 213 1
100 272 1
100 276 1
100 283 1
100 286 1
100 300 1
100 304 1
100 315 1
100 323 1
100 324 1
100 338 1
100 356 1
100 358 1
100 367 1
100 380 1
100 381 1
100 383 1
100 396 1
100 397 1
100 400 1
101 107 1
101 114 1
101 123 1
101 130 1
101 131 1
101 136 1
101 164 1
101 173 1
101 191 1
101 204 1
101 212 1
101 223 1
101 251 1
101 252 1
101 254 1
101 266 1
101 269 1
101 273 1
101 274 1
101 286 1
101 289 1
101 296 1
101 304 1
101 321 1
101 349 1
101 352 1
101 353 1
101 366 1
101 385 1
101 392 1
101 394 1
102 118 1
102 119 1
102 123 1
102 125 1
102 148 1
102 156 1
102 158 1
102 159 1
102 160 1
102 173 1
102 182 1
102 183 1
102 186 1
102 189 1
102 212 1
102 219 1
102 231 1
102 248 1
102 254 1
102 256 1
102 280 1
102 283 1
102 286 1
102 304 1
102 319 1
102 320 1
102 323 1
102 332 1
102 336 1
102 344 1
102 351 1
102 373 1
102 377 1
103 117 1
103 120 1
103 135 1
103 156 1
103 159 1
103 191 1
103 198 1
103 203 1
103 221 1
103 238 1
103 295 1
103 296 1
103 316 1
103 330 1
103 331 1
103 348 1
103 357 1
103 359 1
103 398 1
104 119 1
104 144 1
104 148 1
104 152 1
104 164 1
104 173 1
104 182 1
104 186 1
104 188 1
104 199 1
104 208 1
104 210 1
104 214 1
104 232 1
104 239 1
104 264 1
104 276 1
104 300 1
104 312 1
104 320 1
104 330 1
104 343 1
104 358 1
104 363 1
104 364 1
104 388 1
104 390 1
105 109 1
105 125 1
105 129 1
105 130 1
105 135 1
105 138 1
105 149 1
105 159 1
105 165 1
105 176 1
105 178 1
105 185 1
105 218 1
105 221 1
105 224 1
105 283 1
105 294 1
105 298 1
105 309 1
105 316 1
105 317 1
105 319 1
105 326 1
105 337 1
105 342 1
105 358 1
105 362 1
105 371 1
105 372 1
105 373 1
105 377 1
105 388 1
106 107 1
106 129 1
106 138 1
106 158 1
106 167 1
106 200 1
106 202 1
106 212 1
106 214 1
106 224 1
106 235 1
106 244 1
106 260 1
106 273 1
106 276 1
106 282 1
106 298 1
106 319 1
106 326 1
106 328 1
106 330 1
106 349 1
106 365 1
106 397 1
107 111 1
107 121 1
107 125 1
107 128 1
107 132 1
107 133 1
107 140 1
107 160 1
107 162 1
107 166 1
107 176 1
107 179 1
107 181 1
107 207 1
107 221 1
107 224 1
107 234 1
107 237 1
107 260 1
107 264 1
107 272 1
107 274 1
107 275 1
107 306 1
107 308 1
107 310 1
107 326 1
107 358 1
107 359 1
107 363 1
107 385 1
107 391 1
107 395 1
107 398 1
108 112 1
108 118 1
108 135 1
108 140 1
108 141 1
108 148 1
108 150 1
108 161 1
108 180 1
108 196 1
108 208 1
108 215 1
108 231 1
108 234 1
108 242 1
108 248 1
108 291 1
108 325 1
108 335 1
108 338 1
108 343 1
108 354 1
108 361 1
108 395 1
108 396 1
109 112 1
109 116 1
109 119 1
109 121 1
109 128 1
109 132 1
109 133 1
109 147 1
109 152 1
109 164 1
109 168 1
109 173 1
109 177 1
109 199 1
109 200 1
109 215 1
109 231 1
109 233 1
109 235 1
109 242 1
109 249 1
109 277 1
109 288 1
109 300 1
109 343 1
109 344 1
109 351 1
109 362 1
109 363 1
109 371 1
109 389 1
109 394 1
109 397 1
109 398 1
110 132 1
110 136 1
110 143 1
110 150 1
110 152 1
110 157 1
110 161 1
110 170 1
110 171 1
110 186 1
110 205 1
110 218 1
110 229 1
110 243 1
110 245 1
110 251 1
110 258 1
110 259 1
110 261 1
110 262 1
110 264 1
110 273 1
110 282 1
110 283 1
110 286 1
110 288 1
110 314 1
110 371 1
110 377 1
110 386 1
110 399 1
111 114 1
111 136 1
111 159 1
111 164 1
111 174 1
111 183 1
111 194 1
111 201 1
111 232 1
111 245 1
111 255 1
111 273 1
111 278 1
111 279 1
111 280 1
111 311 1
111 318 1
111 319 1
111 332 1
111 370 1
111 381 1
111 394 1
112 114 1
112 129 1
112 136 1
112 139 1
112 158 1
112 159 1
112 181 1
112 183 1
112 197 1
112 217 1
112 226 1
112 228 1
112 229 1
112 238 1
112 239 1
112 241 1
112 268 1
112 272 1
112 276 1
112 293 1
112 299 1
112 310 1
112 315 1
112 318 1
112 331 1
112 343 1
112 346 1
112 354 1
112 357 1
112 365 1
112 379 1
112 380 1
112 398 1
113 123 1
113 136 1
113 137 1
113 154 1
113 189 1
113 204 1
113 217 1
113 228 1
113 231 1
113 232 1
113 233 1
113 235 1
113 254 1
113 266 1
113 279 1
113 282 1
113 289 1
113 291 1
113 300 1
113 303 1
113 315 1
113 316 1
113 320 1
113 334 1
113 346 1
113 351 1
113 358 1
113 379 1
113 382 1
113 384 1
113 392 1
113 394 1
114 117 1
114 123 1
114 149 1
114 152 1
114 157 1
114 177 1
114 184 1
114 193 1
114 195 1
114 214 1
114 232 1
114 234 1
114 239 1
114 243 1
114 245 1
114 249 1
114 265 1
114 273 1
114 274 1
114 295 1
114 310 1
114 311 1
114 313 1
114 321 1
114 329 1
114 331 1
114 350 1
114 364 1
114 371 1
114 398 1
115 121 1
115 124 1
115 136 1
115 137 1
115 139 1
115 142 1
115 152 1
115 156 1
115 161 1
115 166 1
115 174 1
115 175 1
115 183 1
115 203 1
115 223 1
115 235 1
115 243 1
115 270 1
115 291 1
115 315 1
115 349 1
115 359 1
115 383 1
115 389 1
115 397 1
116 120 1
116 153 1
116 164 1
116 175 1
116 193 1
116 235 1
116 238 1
116 244 1
116 264 1
116 280 1
116 281 1
116 288 1
116 297 1
116 301 1
116 313 1
116 336 1
116 344 1
117 128 1
117 164 1
117 166 1
117 178 1
117 182 1
117 188 1
117 197 1
117 206 1
117 216 1
117 219 1
117 231 1
117 234 1
117 248 1
117 270 1
117 280 1
117 288 1
117 290 1
117 306 1
117 312 1
117 323 1
117 325 1
117 334 1
117 346 1
117 361 1
117 362 1
117 363 1
117 371 1
118 120 1
118 124 1
118 125 1
118 166 1
118 170 1
118 187 1
118 191 1
118 197 1
118 207 1
118 244 1
118 280 1
118 312 1
118 318 1
118 329 1
118 330 1
118 353 1
118 365 1
118 373 1
118 377 1
118 381 1
118 382 1
118 387 1
119 128 1
119 145 1
119 154 1
119 175 1
119 198 1
119 200 1
119 210 1
119 211 1
119 212 1
119 219 1
119 220 1
119 221 1
119 235 1
119 240 1
119 244 1
119 246 1
119 256 1
119 265 1
119 266 1
119 276 1
119 280 1
119 290 1
119 300 1
119 303 1
119 314 1
119 317 1
119 326 1
119 330 1
119 347 1
119 356 1
119 359 1
119 363 1
119 374 1
120 124 1
120 130 1
120 132 1
120 156 1
120 165 1
120 171 1
120 177 1
120 182 1
120 186 1
120 201 1
120 203 1
120 214 1
120 230 1
120 231 1
120 239 1
120 245 1
120 246 1
120 252 1
120 253 1
120 265 1
120 298 1
120 302 1
120 304 1
120 312 1
120 321 1
120 331 1
120 333 1
120 338 1
120 359 1
120 374 1
120 385 1
120 389 1
120 390 1
120 392 1
120 398 1
121 122 1
121 125 1
121 127 1
121 128 1
121 133 1
121 134 1
121 144 1
121 146 1
121 158 1
121 168 1
121 169 1
121 178 1
121 181 1
121 182 1
121 188 1
121 190 1
121 204 1
121 207 1
121 209 1
121 227 1
121 229 1
121 235 1
121 236 1
121 253 1
121 259 1
121 272 1
121 291 1
121 294 1
121 298 1
121 317 1
121 326 1
121 329 1
121 340 1
121 358 1
122 142 1
122 153 1
122 155 1
122 156 1
122 166 1
122 187 1
122 191 1
122 194 1
122 210 1
122 231 1
122 254 1
122 287 1
122 308 1
122 319 1
122 335 1
122 343 1
122 353 1
122 354 1
122 362 1
122 365 1
123 129 1
123 132 1
123 139 1
123 141 1
123 148 1
123 151 1
123 156 1
123 157 1
123 175 1
123 182 1
123 199 1
123 204 1
123 214 1
123 229 1
123 250 1
123 255 1
123 264 1
123 282 1
123 304 1
123 308 1
123 312 1
123 321 1
123 323 1
123 325 1
123 332 1
123 334 1
123 346 1
123 357 1
123 363 1
123 367 1
123 380 1
123 387 1
123 392 1
123 393 1
123 394 1
123 400 1
124 127 1
124 129 1
124 189 1
124 195 1
124 200 1
124 201 1
124 206 1
124 227 1
124 232 1
124 238 1
124 239 1
124 251 1
124 257 1
124 271 1
124 277 1
124 280 1
124 285 1
124 286 1
124 287 1
124 300 1
124 302 1
124 303 1
124 304 1
124 343 1
124 344 1
124 363 1
124 388 1
125 142 1
125 157 1
125 158 1
125 159 1
125 170 1
125 174 1
125 197 1
125 209 1
125 213 1
125 228 1
125 236 1
125 254 1
125 266 1
125 280 1
125 282 1
125 289 1
125 300 1
125 301 1
125 303 1
125 316 1
125 319 1
125 330 1
125 341 1
125 346 1
125 353 1
125 373 1
125 377 1
125 378 1
125 387 1
125 392 1
125 400 1
126 138 1
126 142 1
126 173 1
126 184 1
126 198 1
126 201 1
126 213 1
126 215 1
126 219 1
126 222 1
126 266 1
126 272 1
126 275 1
126 277 1
126 283 1
126 286 1
126 295 1
126 302 1
126 323 1
126 336 1
126 339 1
126 340 1
126 373 1
127 141 1
127 156 1
127 168 1
127 174 1
127 180 1
127 190 1
127 210 1
127 212 1
127 222 1
127 231 1
127 232 1
127 235 1
127 241 1
127 249 1
127 269 1
127 278 1
127 282 1
127 285 1
127 301 1
127 314 1
127 325 1
127 363 1
127 373 1
127 381 1
127 383 1
128 145 1
128 156 1
128 160 1
128 177 1
128 181 1
128 187 1
128 198 1
128 205 1
128 211 1
128 220 1
128 243 1
128 247 1
128 270 1
128 290 1
128 294 1
128 324 1
128 335 1
128 344 1
128 349 1
128 356 1
128 371 1
128 374 1
129 130 1
129 132 1
129 142 1
129 146 1
129 150 1
129 164 1
129 167 1
129 173 1
129 174 1
129 175 1
129 188 1
129 199 1
129 213 1
129 216 1
129 226 1
129 236 1
129 243 1
129 250 1
129 252 1
129 255 1
129 256 1
129 264 1
129 269 1
129 284 1
129 289 1
129 310 1
129 318 1
129 319 1
129 326 1
129 331 1
129 333 1
129 338 1
129 341 1
129 345 1
129 360 1
129 368 1
129 395 1
129 399 1
130 131 1
130 135 1
130 153 1
130 156 1
130 158 1
130 172 1
130 173 1
130 181 1
130 192 1
130 193 1
130 203 1
130 205 1
130 274 1
130 279 1
130 291 1
130 303 1
130 312 1
130 316 1
130 324 1
130 329 1
130 330 1
130 338 1
130 343 1
130 349 1
130 352 1
130 379 1
130 385 1
131 135 1
131 143 1
131 151 1
131 156 1
131 163 1
131 171 1
131 173 1
131 178 1
131 184 1
131 214 1
131 221 1
131 231 1
131 232 1
131 251 1
131 265 1
131 275 1
131 276 1
131 289 1
131 300 1
131 307 1
131 323 1
131 335 1
131 338 1
131 343 1
131 344 1
131 345 1
131 372 1
131 387 1
131 390 1
131 391 1
131 398 1
131 399 1
132 208 1
132 209 1
132 248 1
132 249 1
132 262 1
132 271 1
132 299 1
132 324 1
132 353 1
132 360 1
132 371 1
132 376 1
132 385 1
132 398 1
133 135 1
133 153 1
133 170 1
133 171 1
133 175 1
133 176 1
133 181 1
133 183 1
133 205 1
133 218 1
133 239 1
133 244 1
133 245 1
133 269 1
133 317 1
133 318 1
133 330 1
133 341 1
133 354 1
133 358 1
133 359 1
133 369 1
133 374 1
133 388 1
134 141 1
134 147 1
134 158 1
134 169 1
134 188 1
134 199 1
134 200 1
134 209 1
134 212 1
134 221 1
134 226 1
134 234 1
134 252 1
134 254 1
134 256 1
134 257 1
134 271 1
134 272 1
134 276 1
134 295 1
134 310 1
134 322 1
134 323 1
134 342 1
134 377 1
134 391 1
135 137 1
135 144 1
135 156 1
135 161 1
135 173 1
135 177 1
135 191 1
135 207 1
135 232 1
135 237 1
135 242 1
135 248 1
135 257 1
135 261 1
135 268 1
135 284 1
135 289 1
135 291 1
135 309 1
135 313 1
135 329 1
135 339 1
135 344 1
135 359 1
135 363 1
135 368 1
135 374 1
135 381 1
135 382 1
135 385 1
135 392 1
135 396 1
136 146 1
136 148 1
136 155 1
136 162 1
136 170 1
136 215 1
136 243 1
136 263 1
136 264 1
136 273 1
136 274 1
136 299 1
136 314 1
136 328 1
136 336 1
136 350 1
136 388 1
136 389 1
136 390 1
137 140 1
137 146 1
137 148 1
137 149 1
137 154 1
137 171 1
137 188 1
137 189 1
137 191 1
137 199 1
137 201 1
137 215 1
137 217 1
137 218 1
137 225 1
137 226 1
137 227 1
137 262 1
137 264 1
137 266 1
137 268 1
137 276 1
137 277 1
137 299 1
137 356 1
137 374 1
137 385 1
137 386 1
137 389 1
137 390 1
138 140 1
138 144 1
138 148 1
138 157 1
138 191 1
138 202 1
138 205 1
138 207 1
138 214 1
138 238 1
138 255 1
138 265 1
138 271 1
138 281 1
138 283 1
138 312 1
138 317 1
138 318 1
138 321 1
138 344 1
138 348 1
138 363 1
138 379 1
139 140 1
139 143 1
139 155 1
139 160 1
139 162 1
139 163 1
139 173 1
139 174 1
139 184 1
139 195 1
139 217 1
139 229 1
139 250 1
139 252 1
139 262 1
139 263 1
139 266 1
139 314 1
139 322 1
139 327 1
139 337 1
139 342 1
139 362 1
139 380 1
139 386 1
139 392 1
140 148 1
140 152 1
140 153 1
140 159 1
140 160 1
140 179 1
140 181 1
140 231 1
140 242 1
140 248 1
140 249 1
140 259 1
140 260 1
140 282 1
140 289 1
140 293 1
140 305 1
140 312 1
140 316 1
140 328 1
140 330 1
140 336 1
140 353 1
140 371 1
140 378 1
140 393 1
141 152 1
141 153 1
141 167 1
141 180 1
141 194 1
141 197 1
141 204 1
141 235 1
141 238 1
141 240 1
141 243 1
141 244 1
141 245 1
141 260 1
141 281 1
141 319 1
141 320 1
141 335 1
141 352 1
141 367 1
141 371 1
141 393 1
141 400 1
142 144 1
142 147 1
142 160 1
142 164 1
142 198 1
142 199 1
142 200 1
142 201 1
142 206 1
142 224 1
142 229 1
142 235 1
142 238 1
142 248 1
142 258 1
142 259 1
142 283 1
142 319 1
142 326 1
142 327 1
142 329 1
142 344 1
142 373 1
142 385 1
143 156 1
143 162 1
143 166 1
143 169 1
143 186 1
143 197 1
143 258 1
143 267 1
143 276 1
143 282 1
143 330 1
143 356 1
143 357 1
143 363 1
143 380 1
143 382 1
144 153 1
144 164 1
144 174 1
144 205 1
144 220 1
144 228 1
144 241 1
144 270 1
144 271 1
144 288 1
144 294 1
144 300 1
144 312 1
144 316 1
144 333 1
144 345 1
144 349 1
144 352 1
144 359 1
144 363 1
144 369 1
144 374 1
144 382 1
144 393 1
144 398 1
145 191 1
145 193 1
145 197 1
145 198 1
145 199 1
145 211 1
145 235 1
145 255 1
145 258 1
145 266 1
145 269 1
145 282 1
145 290 1
145 293 1
145 312 1
145 332 1
145 354 1
145 356 1
145 358 1
145 380 1
145 398 1
146 151 1
146 164 1
146 170 1
146 174 1
146 193 1
146 207 1
146 209 1
146 228 1
146 245 1
146 301 1
146 304 1
146 307 1
146 316 1
146 318 1
146 330 1
146 332 1
146 333 1
146 334 1
146 335 1
146 345 1
146 349 1
146 353 1
146 366 1
146 368 1
146 382 1
146 383 1
146 384 1
146 397 1
147 152 1
147 153 1
147 154 1
147 156 1
147 174 1
147 176 1
147 180 1
147 183 1
147 198 1
147 205 1
147 207 1
147 209 1
147 251 1
147 278 1
147 283 1
147 291 1
147 293 1
147 297 1
147 308 1
147 315 1
147 331 1
147 341 1
147 352 1
147 359 1
147 381 1
147 393 1
147 399 1
148 151 1
148 155 1
148 180 1
148 181 1
148 182 1
148 190 1
148 196 1
148 199 1
148 205 1
148 225 1
148 233 1
148 239 1
148 243 1
148 255 1
148 260 1
148 270 1
148 279 1
148 286 1
148 288 1
148 308 1
148 317 1
148 328 1
148 335 1
148 341 1
148 344 1
148 351 1
148 353 1
148 356 1
148 365 1
148 379 1
148 380 1
149 157 1
149 177 1
149 197 1
149 240 1
149 241 1
149 242 1
149 267 1
149 280 1
149 306 1
149 329 1
150 175 1
150 176 1
150 214 1
150 218 1
150 226 1
150 231 1
150 232 1
150 248 1
150 251 1
150 258 1
150 268 1
150 280 1
150 302 1
150 309 1
150 312 1
150 318 1
150 319 1
150 326 1
150 331 1
150 337 1
150 339 1
150 377 1
151 157 1
151 189 1
151 212 1
151 214 1
151 225 1
151 229 1
151 265 1
151 307 1
151 310 1
151 350 1
151 355 1
151 361 1
152 161 1
152 162 1
152 173 1
152 204 1
152 211 1
152 222 1
152 224 1
152 235 1
152 244 1
152 248 1
152 257 1
152 269 1
152 285 1
152 289 1
152 313 1
152 317 1
152 321 1
152 347 1
152 366 1
152 371 1
152 381 1
152 387 1
153 155 1
153 165 1
153 184 1
153 208 1
153 225 1
153 227 1
153 239 1
153 252 1
153 262 1
153 271 1
153 291 1
153 301 1
153 309 1
153 322 1
153 325 1
153 352 1
153 385 1
153 389 1
153 392 1
154 161 1
154 177 1
154 179 1
154 186 1
154 191 1
154 199 1
154 210 1
154 223 1
154 229 1
154 240 1
154 249 1
154 251 1
154 252 1
154 276 1
154 308 1
154 314 1
154 332 1
154 336 1
154 368 1
154 375 1
154 379 1
154 399 1
155 167 1
155 191 1
155 193 1
155 200 1
155 210 1
155 213 1
155 221 1
155 228 1
155 238 1
155 242 1
155 248 1
155 254 1
155 276 1
155 280 1
155 286 1
155 287 1
155 300 1
155 319 1
155 320 1
155 349 1
155 358 1
155 362 1
155 363 1
155 369 1
155 370 1
155 382 1
155 384 1
156 165 1
156 177 1
156 178 1
156 192 1
156 199 1
156 201 1
156 203 1
156 208 1
156 213 1
156 231 1
156 256 1
156 263 1
156 275 1
156 277 1
156 290 1
156 299 1
156 309 1
156 331 1
156 338 1
156 384 1
156 395 1
156 396 1
156 397 1
156 398 1
156 400 1
157 158 1
157 160 1
157 173 1
157 183 1
157 187 1
157 207 1
157 209 1
157 217 1
157 218 1
157 232 1
157 233 1
157 236 1
157 239 1
157 242 1
157 253 1
157 267 1
157 268 1
157 306 1
157 315 1
157 321 1
157 334 1
157 348 1
157 349 1
157 358 1
157 370 1
157 384 1
157 392 1
157 394 1
158 182 1
158 188 1
158 195 1
158 209 1
158 212 1
158 221 1
158 227 1
158 251 1
158 253 1
158 271 1
158 282 1
158 302 1
158 310 1
158 311 1
158 313 1
158 317 1
158 327 1
158 337 1
158 342 1
158 373 1
158 388 1
159 162 1
159 211 1
159 215 1
159 230 1
159 255 1
159 267 1
159 294 1
159 316 1
159 377 1
159 384 1
159 386 1
159 390 1
160 162 1
160 174 1
160 180 1
160 181 1
160 190 1
160 219 1
160 242 1
160 246 1
160 249 1
160 258 1
160 262 1
160 264 1
160 266 1
160 267 1
160 272 1
160 276 1
160 277 1
160 285 1
160 289 1
160 294 1
160 298 1
160 312 1
160 321 1
160 324 1
160 331 1
160 345 1
160 360 1
160 363 1
160 376 1
160 380 1
160 397 1
160 398 1
161 173 1
161 175 1
161 196 1
161 200 1
161 212 1
161 214 1
161 241 1
161 242 1
161 244 1
161 268 1
161 269 1
161 272 1
161 284 1
161 291 1
161 301 1
161 303 1
161 304 1
161 305 1
161 320 1
161 321 1
161 323 1
161 324 1
161 326 1
161 334 1
161 336 1
161 346 1
161 352 1
161 365 1
161 371 1
161 389 1
161 391 1
161 400 1
162 169 1
162 174 1
162 186 1
162 197 1
162 258 1
162 260 1
162 280 1
162 283 1
162 300 1
162 301 1
162 305 1
162 307 1
162 319 1
162 331 1
162 333 1
162 344 1
162 369 1
162 397 1
163 165 1
163 167 1
163 172 1
163 175 1
163 179 1
163 187 1
163 189 1
163 191 1
163 200 1
163 228 1
163 236 1
163 239 1
163 240 1
163 241 1
163 253 1
163 257 1
163 266 1
163 270 1
163 280 1
163 288 1
163 291 1
163 292 1
163 296 1
163 300 1
163 325 1
163 337 1
163 348 1
163 351 1
163 352 1
163 356 1
163 357 1
163 378 1
164 174 1
164 186 1
164 188 1
164 197 1
164 204 1
164 213 1
164 217 1
164 227 1
164 228 1
164 229 1
164 230 1
164 234 1
164 251 1
164 263 1
164 264 1
164 268 1
164 275 1
164 282 1
164 288 1
164 291 1
164 300 1
164 304 1
164 308 1
164 318 1
164 325 1
164 342 1
164 358 1
164 369 1
164 372 1
164 385 1
165 170 1
165 176 1
165 194 1
165 207 1
165 214 1
165 257 1
165 268 1
165 270 1
165 280 1
165 297 1
165 307 1
165 312 1
165 325 1
165 348 1
165 371 1
165 382 1
165 394 1
165 395 1
166 167 1
166 192 1
166 207 1
166 229 1
166 246 1
166 261 1
166 262 1
166 264 1
166 265 1
166 267 1
166 280 1
166 287 1
166 290 1
166 316 1
166 318 1
166 329 1
166 347 1
166 364 1
166 368 1
166 377 1
166 379 1
166 384 1
166 386 1
166 387 1
166 389 1
166 396 1
166 398 1
166 399 1
167 195 1
167 199 1
167 206 1
167 207 1
167 226 1
167 238 1
167 242 1
167 248 1
167 249 1
167 254 1
167 261 1
167 264 1
167 271 1
167 272 1
167 288 1
167 296 1
167 297 1
167 301 1
167 318 1
167 323 1
167 340 1
167 344 1
167 345 1
167 370 1
167 371 1
167 387 1
167 389 1
167 395 1
167 397 1
168 180 1
168 183 1
168 191 1
168 192 1
168 194 1
168 223 1
168 234 1
168 240 1
168 243 1
168 244 1
168 245 1
168 284 1
168 307 1
168 320 1
168 335 1
168 349 1
168 365 1
168 369 1
168 374 1
168 380 1
168 394 1
168 396 1
169 176 1
169 183 1
169 186 1
169 187 1
169 243 1
169 260 1
169 291 1
169 293 1
169 303 1
169 316 1
169 324 1
169 331 1
169 335 1
169 338 1
169 360 1
169 370 1
169 383 1
169 394 1
170 171 1
170 195 1
170 243 1
170 246 1
170 253 1
170 255 1
170 264 1
170 266 1
170 273 1
170 282 1
170 314 1
170 317 1
170 321 1
170 355 1
170 356 1
170 377 1
170 392 1
170 399 1
171 172 1
171 179 1
171 181 1
171 193 1
171 198 1
171 202 1
171 214 1
171 218 1
171 231 1
171 237 1
171 242 1
171 244 1
171 260 1
171 272 1
171 281 1
171 293 1
171 299 1
171 304 1
171 315 1
171 317 1
171 328 1
171 332 1
171 343 1
171 344 1
171 346 1
171 354 1
171 360 1
171 375 1
171 388 1
172 185 1
172 200 1
172 204 1
172 215 1
172 216 1
172 219 1
172 226 1
172 248 1
172 251 1
172 257 1
172 264 1
172 321 1
172 324 1
172 327 1
172 336 1
172 373 1
172 376 1
172 390 1
172 396 1
172 400 1
173 176 1
173 179 1
173 180 1
173 184 1
173 193 1
173 203 1
173 223 1
173 238 1
173 248 1
173 249 1
173 274 1
173 280 1
173 282 1
173 297 1
173 330 1
173 336 1
173 338 1
173 357 1
173 375 1
173 385 1
173 394 1
173 396 1
174 184 1
174 188 1
174 195 1
174 209 1
174 223 1
174 226 1
174 235 1
174 242 1
174 248 1
174 251 1
174 254 1
174 268 1
174 275 1
174 282 1
174 291 1
174 302 1
174 309 1
174 319 1
174 321 1
174 339 1
174 380 1
174 398 1
175 190 1
175 208 1
175 210 1
175 215 1
175 216 1
175 217 1
175 246 1
175 250 1
175 271 1
175 302 1
175 309 1
175 318 1
175 325 1
175 368 1
176 179 1
176 186 1
176 188 1
176 216 1
176 222 1
176 230 1
176 231 1
176 234 1
176 235 1
176 257 1
176 260 1
176 265 1
176 266 1
176 274 1
176 277 1
176 286 1
176 287 1
176 305 1
176 310 1
176 311 1
176 336 1
176 338 1
176 342 1
176 359 1
176 368 1
176 371 1
176 381 1
176 390 1
176 400 1
177 199 1
177 207 1
177 208 1
177 211 1
177 215 1
177 218 1
177 219 1
177 233 1
177 248 1
177 256 1
177 259 1
177 261 1
177 268 1
177 271 1
177 274 1
177 280 1
177 317 1
177 323 1
177 324 1
177 337 1
177 339 1
177 343 1
177 363 1
177 379 1
177 392 1
177 394 1
178 187 1
178 204 1
178 244 1
178 248 1
178 249 1
178 314 1
178 347 1
179 216 1
179 226 1
179 236 1
179 251 1
179 254 1
179 259 1
179 260 1
179 262 1
179 263 1
179 276 1
179 277 1
179 321 1
179 339 1
179 359 1
179 363 1
179 367 1
179 377 1
179 390 1
179 399 1
180 185 1
180 199 1
180 200 1
180 202 1
180 212 1
180 213 1
180 216 1
180 227 1
180 237 1
180 280 1
180 293 1
180 299 1
180 311 1
180 324 1
180 325 1
180 331 1
180 336 1
180 350 1
180 373 1
180 392 1
180 396 1
180 398 1
181 183 1
181 186 1
181 196 1
181 201 1
181 207 1
181 209 1
181 211 1
181 229 1
181 230 1
181 283 1
181 288 1
181 295 1
181 301 1
181 310 1
181 319 1
181 323 1
181 335 1
181 339 1
181 371 1
181 372 1
181 382 1
181 385 1
181 396 1
181 400 1
182 187 1
182 189 1
182 190 1
182 196 1
182 197 1
182 199 1
182 209 1
182 210 1
182 223 1
182 225 1
182 231 1
182 238 1
182 240 1
182 264 1
182 265 1
182 270 1
182 276 1
182 281 1
182 299 1
182 310 1
182 323 1
182 325 1
182 326 1
182 331 1
182 346 1
182 348 1
182 368 1
182 371 1
182 374 1
182 379 1
182 381 1
182 393 1
183 188 1
183 201 1
183 213 1
183 222 1
183 224 1
183 264 1
183 271 1
183 282 1
183 284 1
183 287 1
183 326 1
183 327 1
183 335 1
183 336 1
183 350 1
183 351 1
183 364 1
184 187 1
184 199 1
184 201 1
184 204 1
184 207 1
184 210 1
184 213 1
184 215 1
184 246 1
184 247 1
184 254 1
184 263 1
184 270 1
184 277 1
184 288 1
184 291 1
184 292 1
184 294 1
184 296 1
184 300 1
184 303 1
184 308 1
184 312 1
184 317 1
184 321 1
184 333 1
184 345 1
184 346 1
184 374 1
184 380 1
184 381 1
184 387 1
185 192 1
185 231 1
185 249 1
185 270 1
185 292 1
185 330 1
185 337 1
185 345 1
185 346 1
185 348 1
185 353 1
185 358 1
185 360 1
185 374 1
185 382 1
186 201 1
186 223 1
186 225 1
186 235 1
186 238 1
186 239 1
186 248 1
186 250 1
186 254 1
186 267 1
186 273 1
186 281 1
186 304 1
186 319 1
186 321 1
186 336 1
186 341 1
186 359 1
186 387 1
186 391 1
186 394 1
186 399 1
186 400 1
187 190 1
187 199 1
187 212 1
187 218 1
187 226 1
187 255 1
187 258 1
187 261 1
187 262 1
187 264 1
187 271 1
187 281 1
187 285 1
187 322 1
187 358 1
187 362 1
187 363 1
187 373 1
187 388 1
187 400 1
188 202 1
188 219 1
188 228 1
188 231 1
188 233 1
188 253 1
188 260 1
188 289 1
188 294 1
188 301 1
188 309 1
188 315 1
188 330 1
188 335 1
188 341 1
188 347 1
188 353 1
188 358 1
188 360 1
188 365 1
188 381 1
189 191 1
189 199 1
189 200 1
189 208 1
189 225 1
189 230 1
189 238 1
189 246 1
189 255 1
189 266 1
189 281 1
189 283 1
189 289 1
189 294 1
189 299 1
189 301 1
189 340 1
189 348 1
189 354 1
189 370 1
189 378 1
189 379 1
189 382 1
189 394 1
189 396 1
189 398 1
190 193 1
190 196 1
190 197 1
190 198 1
190 238 1
190 240 1
190 241 1
190 297 1
190 320 1
190 343 1
190 345 1
190 348 1
190 359 1
190 366 1
190 371 1
190 379 1
190 398 1
191 195 1
191 196 1
191 201 1
191 217 1
191 253 1
191 257 1
191 268 1
191 276 1
191 302 1
191 306 1
191 311 1
191 326 1
191 374 1
192 204 1
192 219 1
192 232 1
192 236 1
192 238 1
192 251 1
192 253 1
192 257 1
192 258 1
192 262 1
192 286 1
192 294 1
192 309 1
192 319 1
192 364 1
192 386 1
192 390 1
192 392 1
192 398 1
193 206 1
193 217 1
193 229 1
193 245 1
193 249 1
193 253 1
193 267 1
193 274 1
193 285 1
193 287 1
193 298 1
193 302 1
193 322 1
193 323 1
193 328 1
193 340 1
193 367 1
193 372 1
193 377 1
194 196 1
194 216 1
194 225 1
194 230 1
194 261 1
194 282 1
194 288 1
194 314 1
194 317 1
194 325 1
194 327 1
194 328 1
194 342 1
194 350 1
194 357 1
194 362 1
194 363 1
194 370 1
194 372 1
194 376 1
194 377 1
194 389 1
194 396 1
195 203 1
195 209 1
195 239 1
195 240 1
195 263 1
195 268 1
195 281 1
195 296 1
195 312 1
195 319 1
195 331 1
195 335 1
195 380 1
196 197 1
196 207 1
196 209 1
196 219 1
196 220 1
196 221 1
196 233 1
196 256 1
196 266 1
196 268 1
196 281 1
196 283 1
196 288 1
196 291 1
196 299 1
196 307 1
196 318 1
196 319 1
196 320 1
196 323 1
196 331 1
196 336 1
196 349 1
196 392 1
196 394 1
196 396 1
196 397 1
197 225 1
197 227 1
197 234 1
197 236 1
197 238 1
197 242 1
197 271 1
197 276 1
197 284 1
197 324 1
197 338 1
197 340 1
197 358 1
197 361 1
197 373 1
197 375 1
197 376 1
197 383 1
197 391 1
197 398 1
198 218 1
198 224 1
198 237 1
198 250 1
198 252 1
198 257 1
198 274 1
198 283 1
198 306 1
198 314 1
198 317 1
198 342 1
198 351 1
198 362 1
198 363 1
198 364 1
198 367 1
198 399 1
198 400 1
199 209 1
199 210 1
199 217 1
199 220 1
199 225 1
199 227 1
199 231 1
199 233 1
199 238 1
199 244 1
199 245 1
199 246 1
199 250 1
199 252 1
199 253 1
199 260 1
199 279 1
199 296 1
199 308 1
199 310 1
199 312 1
199 317 1
199 321 1
199 325 1
199 327 1
199 333 1
199 346 1
199 354 1
199 376 1
199 382 1
199 384 1
199 389 1
199 391 1
199 392 1
199 395 1
200 202 1
200 204 1
200 210 1
200 212 1
200 217 1
200 218 1
200 224 1
200 230 1
200 242 1
200 248 1
200 249 1
200 250 1
200 258 1
200 265 1
200 269 1
200 278 1
200 298 1
200 316 1
200 352 1
200 384 1
200 392 1
201 204 1
201 205 1
201 214 1
201 217 1
201 218 1
201 247 1
201 251 1
201 255 1
201 301 1
201 311 1
201 336 1
201 343 1
201 348 1
201 351 1
201 360 1
201 363 1
201 368 1
201 374 1
201 389 1
201 391 1
202 206 1
202 218 1
202 219 1
202 224 1
202 225 1
202 226 1
202 229 1
202 236 1
202 263 1
202 293 1
202 314 1
202 323 1
202 327 1
202 331 1
202 339 1
202 361 1
202 364 1
202 373 1
202 388 1
203 211 1
203 215 1
203 222 1
203 237 1
203 253 1
203 256 1
203 257 1
203 264 1
203 271 1
203 274 1
203 290 1
203 309 1
203 311 1
203 334 1
203 338 1
203 373 1
203 377 1
203 388 1
204 209 1
204 212 1
204 223 1
204 252 1
204 253 1
204 268 1
204 289 1
204 295 1
204 301 1
204 306 1
204 316 1
204 322 1
204 324 1
204 333 1
204 395 1
204 398 1
205 212 1
205 213 1
205 216 1
205 217 1
205 234 1
205 239 1
205 247 1
205 266 1
205 274 1
205 277 1
205 294 1
205 317 1
205 319 1
205 334 1
205 351 1
205 355 1
205 371 1
205 373 1
205 396 1
205 397 1
206 250 1
206 288 1
206 291 1
206 296 1
206 304 1
206 305 1
206 316 1
206 319 1
206 321 1
206 343 1
206 347 1
206 352 1
206 371 1
206 378 1
206 382 1
206 393 1
206 394 1
207 230 1
207 231 1
207 237 1
207 239 1
207 242 1
207 245 1
207 250 1
207 259 1
207 277 1
207 280 1
207 301 1
207 302 1
207 310 1
207 313 1
207 316 1
207 318 1
207 319 1
207 323 1
207 347 1
207 359 1
207 363 1
207 370 1
207 372 1
207 374 1
207 389 1
208 241 1
208 244 1
208 246 1
208 288 1
208 296 1
208 299 1
208 301 1
208 308 1
208 330 1
208 331 1
208 340 1
208 380 1
208 381 1
209 223 1
209 229 1
209 232 1
209 234 1
209 243 1
209 269 1
209 272 1
209 275 1
209 276 1
209 285 1
209 286 1
209 287 1
209 291 1
209 308 1
209 311 1
209 325 1
209 376 1
209 385 1
210 212 1
210 214 1
210 218 1
210 239 1
210 254 1
210 256 1
210 286 1
210 287 1
210 291 1
210 294 1
210 300 1
210 303 1
210 304 1
210 307 1
210 312 1
210 324 1
210 343 1
210 346 1
210 347 1
210 356 1
210 362 1
210 393 1
211 249 1
211 265 1
211 268 1
211 290 1
211 300 1
211 308 1
211 315 1
211 331 1
211 356 1
211 366 1
211 371 1
211 387 1
212 218 1
212 223 1
212 224 1
212 225 1
212 245 1
212 249 1
212 251 1
212 272 1
212 298 1
212 303 1
212 314 1
212 317 1
212 322 1
212 333 1
212 359 1
212 366 1
212 370 1
212 384 1
212 391 1
213 214 1
213 215 1
213 217 1
213 232 1
213 236 1
213 242 1
213 248 1
213 277 1
213 281 1
213 296 1
213 297 1
213 303 1
213 305 1
213 320 1
213 330 1
213 331 1
213 332 1
213 356 1
213 359 1
213 363 1
213 374 1
213 389 1
213 391 1
213 398 1
213 400 1
214 221 1
214 225 1
214 230 1
214 252 1
214 253 1
214 257 1
214 263 1
214 265 1
214 271 1
214 275 1
214 280 1
214 288 1
214 294 1
214 298 1
214 302 1
214 307 1
214 308 1
214 314 1
214 321 1
214 347 1
214 358 1
214 382 1
214 383 1
214 387 1
214 389 1
214 392 1
215 228 1
215 249 1
215 277 1
215 288 1
215 291 1
215 300 1
215 307 1
215 308 1
215 318 1
215 324 1
215 344 1
215 358 1
215 378 1
215 397 1
216 238 1
216 266 1
216 269 1
216 275 1
216 278 1
216 291 1
216 300 1
216 310 1
216 315 1
216 332 1
216 335 1
216 348 1
216 349 1
216 353 1
216 360 1
216 364 1
216 366 1
216 381 1
216 387 1
216 391 1
216 398 1
217 225 1
217 227 1
217 230 1
217 237 1
217 240 1
217 241 1
217 247 1
217 249 1
217 270 1
217 280 1
217 289 1
217 291 1
217 297 1
217 299 1
217 304 1
217 314 1
217 317 1
217 327 1
217 328 1
217 333 1
217 348 1
217 360 1
217 365 1
217 369 1
217 374 1
217 376 1
217 381 1
217 398 1
218 220 1
218 221 1
218 233 1
218 236 1
218 237 1
218 242 1
218 246 1
218 256 1
218 258 1
218 263 1
218 264 1
218 278 1
218 300 1
218 301 1
218 305 1
218 317 1
218 323 1
218 330 1
218 345 1
218 348 1
218 351 1
218 388 1
218 395 1
219 228 1
219 239 1
219 246 1
219 248 1
219 253 1
219 260 1
219 278 1
219 284 1
219 293 1
219 294 1
219 299 1
219 309 1
219 312 1
219 320 1
219 321 1
219 325 1
219 337 1
219 338 1
219 354 1
219 357 1
219 382 1
219 398 1
220 234 1
220 246 1
220 248 1
220 255 1
220 256 1
220 266 1
220 276 1
220 282 1
220 284 1
220 306 1
220 314 1
220 326 1
220 365 1
220 368 1
220 381 1
220 384 1
220 385 1
220 396 1
220 397 1
220 399 1
221 223 1
221 232 1
221 249 1
221 253 1
221 263 1
221 278 1
221 295 1
221 296 1
221 301 1
221 303 1
221 320 1
221 326 1
221 333 1
221 346 1
221 347 1
221 353 1
221 399 1
221 400 1
222 251 1
222 252 1
222 262 1
222 264 1
222 266 1
222 283 1
222 303 1
222 323 1
222 326 1
222 328 1
222 329 1
222 339 1
222 343 1
222 353 1
222 355 1
222 358 1
222 365 1
223 224 1
223 238 1
223 245 1
223 248 1
223 249 1
223 253 1
223 274 1
223 282 1
223 283 1
223 287 1
223 289 1
223 298 1
223 301 1
223 315 1
223 316 1
223 325 1
223 338 1
223 341 1
223 347 1
223 355 1
223 358 1
223 368 1
223 372 1
223 377 1
223 382 1
223 386 1
223 387 1
223 393 1
223 400 1
224 244 1
224 288 1
224 298 1
224 301 1
224 303 1
224 315 1
224 318 1
224 331 1
224 333 1
224 359 1
224 369 1
224 379 1
224 381 1
224 393 1
225 227 1
225 228 1
225 235 1
225 241 1
225 244 1
225 247 1
225 256 1
225 310 1
225 324 1
225 327 1
225 331 1
225 344 1
225 356 1
225 366 1
225 369 1
225 376 1
226 232 1
226 239 1
226 276 1
226 280 1
226 281 1
226 293 1
226 297 1
226 341 1
226 348 1
226 359 1
226 375 1
226 381 1
227 232 1
227 245 1
227 249 1
227 269 1
227 283 1
227 289 1
227 291 1
227 308 1
227 327 1
227 330 1
227 332 1
227 333 1
227 335 1
227 369 1
227 376 1
227 382 1
227 387 1
227 398 1
228 276 1
228 286 1
228 304 1
228 308 1
228 313 1
228 314 1
228 340 1
228 351 1
228 369 1
228 377 1
228 389 1
228 396 1
229 230 1
229 232 1
229 235 1
229 237 1
229 238 1
229 241 1
229 254 1
229 265 1
229 273 1
229 285 1
229 288 1
229 301 1
229 308 1
229 310 1
229 316 1
229 322 1
229 323 1
229 338 1
229 349 1
229 361 1
229 383 1
229 392 1
229 396 1
229 399 1
230 233 1
230 236 1
230 254 1
230 255 1
230 272 1
230 281 1
230 283 1
230 286 1
230 293 1
230 302 1
230 304 1
230 310 1
230 316 1
230 318 1
230 328 1
230 332 1
230 343 1
230 375 1
230 394 1
231 236 1
231 239 1
231 252 1
231 253 1
231 254 1
231 256 1
231 265 1
231 266 1
231 273 1
231 308 1
231 328 1
231 331 1
231 333 1
231 335 1
231 336 1
231 347 1
231 354 1
231 395 1
232 241 1
232 248 1
232 254 1
232 256 1
232 263 1
232 264 1
232 271 1
232 276 1
232 278 1
232 283 1
232 285 1
232 305 1
232 312 1
232 316 1
232 318 1
232 325 1
232 341 1
232 356 1
232 364 1
232 384 1
232 390 1
232 396 1
233 262 1
233 263 1
233 266 1
233 290 1
233 321 1
233 327 1
233 339 1
233 343 1
233 376 1
233 386 1
233 394 1
234 269 1
234 273 1
234 279 1
234 284 1
234 292 1
234 293 1
234 294 1
234 303 1
234 305 1
234 312 1
234 315 1
234 316 1
234 318 1
234 330 1
234 353 1
234 369 1
234 383 1
234 393 1
234 396 1
234 397 1
235 242 1
235 243 1
235 259 1
235 263 1
235 279 1
235 283 1
235 304 1
235 317 1
235 329 1
235 334 1
235 339 1
235 345 1
235 383 1
235 386 1
235 391 1
235 396 1
236 240 1
236 242 1
236 250 1
236 254 1
236 270 1
236 272 1
236 273 1
236 286 1
236 302 1
236 305 1
236 314 1
236 316 1
236 319 1
236 324 1
236 325 1
236 330 1
236 335 1
236 336 1
236 353 1
236 375 1
236 380 1
236 382 1
236 383 1
236 387 1
236 395 1
236 396 1
236 398 1
237 241 1
237 253 1
237 273 1
237 278 1
237 284 1
237 285 1
237 292 1
237 300 1
237 317 1
237 318 1
237 320 1
237 322 1
237 333 1
237 345 1
237 352 1
237 356 1
237 361 1
237 381 1
237 383 1
237 389 1
238 239 1
238 272 1
238 275 1
238 285 1
238 296 1
238 297 1
238 306 1
238 347 1
238 367 1
238 368 1
238 376 1
238 386 1
238 392 1
239 242 1
239 262 1
239 266 1
239 274 1
239 282 1
239 283 1
239 289 1
239 291 1
239 301 1
239 308 1
239 310 1
239 323 1
239 324 1
239 328 1
239 352 1
239 359 1
239 364 1
239 368 1
239 381 1
240 251 1
240 256 1
240 284 1
240 327 1
240 328 1
240 333 1
240 337 1
240 339 1
240 349 1
240 351 1
240 356 1
240 364 1
240 368 1
240 376 1
240 379 1
240 396 1
241 253 1
241 278 1
241 309 1
241 310 1
241 317 1
241 325 1
241 327 1
241 337 1
241 361 1
241 368 1
242 245 1
242 256 1
242 263 1
242 267 1
242 268 1
242 273 1
242 283 1
242 300 1
242 306 1
242 312 1
242 323 1
242 324 1
242 333 1
242 337 1
242 352 1
242 365 1
242 368 1
242 378 1
242 382 1
242 395 1
243 248 1
243 273 1
243 275 1
243 283 1
243 298 1
243 309 1
243 311 1
243 316 1
243 318 1
243 323 1
243 326 1
243 336 1
243 340 1
243 364 1
243 367 1
243 372 1
243 377 1
243 385 1
243 392 1
244 253 1
244 255 1
244 256 1
244 269 1
244 285 1
244 302 1
244 311 1
244 321 1
244 337 1
244 339 1
244 355 1
244 356 1
244 364 1
244 366 1
244 376 1
244 387 1
244 400 1
245 249 1
245 255 1
245 257 1
245 273 1
245 275 1
245 298 1
245 300 1
245 319 1
245 329 1
245 343 1
245 344 1
245 351 1
245 358 1
245 364 1
245 392 1
245 396 1
245 397 1
245 398 1
246 251 1
246 254 1
246 266 1
246 288 1
246 299 1
246 305 1
246 336 1
246 340 1
246 346 1
246 349 1
247 274 1
247 282 1
247 295 1
247 322 1
247 367 1
248 254 1
248 294 1
248 314 1
248 315 1
248 318 1
248 321 1
248 344 1
248 345 1
248 347 1
248 349 1
248 358 1
248 379 1
248 384 1
248 392 1
248 399 1
249 266 1
249 273 1
249 291 1
249 295 1
249 311 1
249 344 1
249 359 1
249 363 1
249 371 1
249 382 1
249 383 1
250 254 1
250 266 1
250 268 1
250 269 1
250 276 1
250 281 1
250 282 1
250 300 1
250 303 1
250 304 1
250 312 1
250 318 1
250 321 1
250 349 1
250 365 1
250 375 1
250 398 1
251 253 1
251 258 1
251 303 1
251 308 1
251 320 1
251 325 1
251 346 1
251 347 1
251 348 1
251 368 1
251 379 1
251 389 1
251 391 1
251 393 1
251 399 1
252 256 1
252 262 1
252 264 1
252 270 1
252 286 1
252 301 1
252 319 1
252 324 1
252 332 1
252 333 1
252 339 1
252 355 1
252 359 1
252 363 1
252 375 1
252 380 1
252 382 1
253 268 1
253 284 1
253 296 1
253 304 1
253 309 1
253 312 1
253 330 1
253 332 1
253 334 1
253 336 1
253 346 1
253 347 1
253 348 1
253 354 1
253 358 1
253 359 1
253 380 1
253 395 1
253 396 1
253 397 1
254 256 1
254 260 1
254 265 1
254 268 1
254 284 1
254 287 1
254 315 1
254 318 1
254 331 1
254 354 1
254 362 1
254 365 1
254 381 1
254 397 1
254 399 1
254 400 1
255 263 1
255 267 1
255 269 1
255 270 1
255 276 1
255 278 1
255 282 1
255 289 1
255 296 1
255 310 1
255 311 1
255 312 1
255 330 1
255 358 1
255 374 1
255 387 1
255 392 1
255 393 1
255 396 1
255 399 1
255 400 1
256 261 1
256 265 1
256 272 1
256 284 1
256 296 1
256 314 1
256 318 1
256 320 1
256 323 1
256 325 1
256 328 1
256 332 1
256 336 1
256 342 1
256 350 1
256 357 1
256 368 1
256 370 1
256 375 1
257 265 1
257 279 1
257 283 1
257 315 1
257 325 1
257 331 1
257 360 1
257 366 1
257 383 1
257 387 1
258 262 1
258 281 1
258 283 1
258 286 1
258 298 1
258 304 1
258 311 1
258 313 1
258 314 1
258 319 1
258 327 1
258 331 1
258 336 1
258 338 1
258 358 1
258 360 1
258 371 1
258 384 1
258 399 1
259 278 1
259 292 1
259 301 1
259 315 1
259 328 1
259 341 1
259 347 1
259 378 1
259 380 1
260 261 1
260 262 1
260 264 1
260 275 1
260 282 1
260 285 1
260 298 1
260 314 1
260 339 1
260 351 1
260 355 1
260 359 1
260 361 1
260 373 1
260 376 1
260 377 1
260 390 1
260 391 1
261 272 1
261 288 1
261 291 1
261 292 1
261 294 1
261 297 1
261 304 1
261 307 1
261 324 1
261 341 1
261 342 1
261 343 1
261 344 1
261 350 1
261 375 1
261 379 1
261 383 1
261 387 1
262 297 1
262 300 1
262 304 1
262 305 1
262 316 1
262 339 1
262 343 1
262 352 1
262 355 1
262 357 1
262 359 1
262 366 1
262 370 1
262 382 1
262 394 1
262 398 1
263 270 1
263 278 1
263 279 1
263 281 1
263 307 1
263 317 1
263 324 1
263 334 1
263 337 1
263 346 1
263 360 1
263 370 1
263 394 1
263 396 1
263 397 1
264 269 1
264 280 1
264 282 1
264 283 1
264 293 1
264 301 1
264 303 1
264 305 1
264 308 1
264 313 1
264 323 1
264 331 1
264 335 1
264 336 1
264 343 1
264 348 1
264 352 1
264 354 1
264 358 1
264 387 1
264 395 1
265 269 1
265 285 1
265 288 1
265 295 1
265 300 1
265 307 1
265 310 1
265 313 1
265 326 1
265 331 1
265 363 1
265 392 1
266 269 1
266 275 1
266 281 1
266 286 1
266 288 1
266 294 1
266 299 1
266 307 1
266 310 1
266 348 1
266 363 1
266 364 1
266 384 1
266 387 1
266 391 1
266 393 1
267 292 1
267 306 1
267 337 1
267 346 1
267 349 1
267 351 1
267 371 1
267 392 1
267 393 1
267 395 1
268 269 1
268 274 1
268 276 1
268 284 1
268 312 1
268 318 1
268 326 1
268 341 1
268 344 1
268 361 1
268 362 1
268 372 1
268 374 1
268 388 1
268 391 1
268 396 1
269 271 1
269 275 1
269 277 1
269 318 1
269 322 1
269 328 1
269 333 1
269 338 1
269 342 1
269 343 1
269 356 1
269 363 1
269 366 1
269 386 1
269 387 1
269 397 1
270 271 1
270 272 1
270 280 1
270 295 1
270 298 1
270 306 1
270 317 1
270 346 1
270 368 1
270 385 1
271 281 1
271 296 1
271 338 1
271 358 1
271 360 1
271 363 1
271 382 1
271 397 1
271 398 1
272 279 1
272 288 1
272 291 1
272 315 1
272 335 1
272 342 1
272 344 1
272 348 1
272 350 1
272 354 1
272 360 1
272 365 1
272 380 1
272 389 1
272 394 1
272 395 1
272 397 1
273 282 1
273 286 1
273 287 1
273 291 1
273 294 1
273 299 1
273 300 1
273 313 1
273 314 1
273 323 1
273 325 1
273 339 1
273 350 1
273 360 1
273 383 1
273 392 1
273 399 1
274 280 1
274 291 1
274 297 1
274 305 1
274 318 1
274 331 1
274 338 1
274 348 1
274 360 1
274 369 1
274 370 1
274 380 1
274 382 1
274 385 1
275 278 1
275 303 1
275 304 1
275 310 1
275 318 1
275 349 1
275 364 1
275 366 1
275 381 1
275 391 1
275 397 1
276 286 1
276 294 1
276 299 1
276 304 1
276 312 1
276 322 1
276 324 1
276 378 1
276 383 1
276 391 1
276 397 1
277 279 1
277 288 1
277 303 1
277 305 1
277 315 1
277 343 1
277 382 1
277 393 1
278 282 1
278 284 1
278 302 1
278 350 1
278 351 1
278 361 1
278 364 1
278 385 1
278 392 1
279 286 1
279 322 1
279 329 1
279 337 1
279 345 1
279 356 1
279 363 1
279 386 1
280 301 1
280 311 1
280 325 1
280 328 1
280 346 1
280 368 1
280 370 1
280 379 1
281 282 1
281 285 1
281 302 1
281 306 1
281 313 1
281 314 1
281 321 1
281 334 1
281 355 1
281 358 1
281 385 1
282 283 1
282 289 1
282 299 1
282 315 1
282 328 1
282 363 1
282 391 1
282 392 1
283 290 1
283 304 1
283 309 1
283 314 1
283 316 1
283 322 1
283 327 1
283 338 1
283 342 1
283 361 1
284 288 1
284 303 1
284 317 1
284 320 1
284 334 1
284 370 1
284 378 1
284 393 1
284 396 1
285 292 1
285 312 1
285 318 1
285 322 1
285 345 1
285 346 1
285 361 1
285 387 1
286 288 1
286 291 1
286 297 1
286 299 1
286 301 1
286 302 1
286 315 1
286 323 1
286 325 1
286 326 1
286 334 1
286 338 1
286 344 1
286 352 1
286 360 1
286 370 1
286 392 1
286 393 1
286 395 1
286 396 1
287 288 1
287 304 1
287 331 1
287 341 1
287 352 1
287 353 1
287 358 1
287 362 1
287 366 1
287 382 1
287 387 1
288 289 1
288 306 1
288 322 1
288 324 1
288 326 1
288 357 1
288 370 1
288 373 1
288 387 1
288 388 1
288 399 1
289 298 1
289 305 1
289 323 1
289 326 1
289 329 1
289 342 1
289 360 1
289 361 1
289 362 1
289 378 1
289 398 1
289 400 1
290 304 1
290 330 1
290 341 1
290 349 1
290 356 1
290 357 1
290 370 1
290 371 1
290 382 1
290 394 1
290 395 1
291 301 1
291 312 1
291 314 1
291 317 1
291 327 1
291 339 1
291 350 1
291 352 1
291 356 1
291 363 1
291 382 1
291 385 1
291 386 1
291 389 1
291 392 1
291 396 1
291 397 1
291 400 1
292 300 1
292 313 1
292 314 1
292 322 1
292 328 1
292 372 1
293 306 1
293 309 1
293 323 1
293 331 1
293 334 1
293 363 1
293 368 1
293 377 1
293 385 1
294 306 1
294 308 1
294 316 1
294 328 1
294 344 1
295 329 1
295 332 1
295 333 1
295 346 1
295 371 1
295 380 1
296 297 1
296 326 1
296 337 1
296 363 1
296 367 1
296 368 1
296 390 1
296 392 1
296 399 1
296 400 1
297 313 1
297 317 1
297 327 1
297 339 1
297 362 1
297 373 1
297 377 1
297 384 1
297 389 1
298 308 1
298 315 1
298 318 1
298 329 1
298 330 1
298 331 1
298 333 1
298 335 1
298 344 1
298 347 1
298 349 1
298 381 1
298 393 1
299 304 1
299 320 1
299 336 1
299 340 1
299 341 1
299 348 1
299 359 1
299 375 1
299 381 1
299 382 1
299 389 1
299 397 1
300 313 1
300 316 1
300 337 1
300 341 1
300 367 1
300 368 1
300 377 1
300 384 1
300 385 1
301 339 1
301 340 1
301 343 1
301 352 1
301 376 1
301 377 1
301 379 1
301 388 1
301 397 1
302 331 1
302 335 1
302 344 1
302 358 1
302 369 1
302 378 1
302 387 1
302 395 1
302 397 1
302 398 1
303 311 1
303 326 1
303 344 1
303 376 1
303 384 1
303 399 1
304 308 1
304 313 1
304 323 1
304 335 1
304 344 1
304 355 1
304 359 1
304 363 1
304 369 1
304 371 1
304 376 1
304 399 1
305 327 1
305 332 1
305 341 1
305 348 1
305 359 1
305 364 1
305 374 1
305 379 1
305 383 1
305 390 1
305 398 1
306 316 1
306 329 1
306 344 1
306 358 1
306 365 1
306 371 1
306 374 1
306 381 1
306 394 1
306 395 1
307 317 1
307 325 1
307 328 1
307 342 1
307 373 1
308 309 1
308 319 1
308 321 1
308 324 1
308 327 1
308 334 1
308 356 1
308 363 1
308 369 1
308 370 1
308 397 1
309 346 1
309 352 1
309 354 1
309 360 1
309 370 1
309 379 1
309 383 1
310 312 1
310 328 1
310 329 1
310 345 1
310 353 1
310 360 1
310 364 1
310 382 1
310 391 1
310 394 1
311 330 1
311 338 1
311 354 1
311 365 1
311 371 1
311 379 1
311 383 1
311 387 1
312 317 1
312 320 1
312 330 1
312 335 1
312 350 1
312 355 1
312 361 1
312 368 1
312 373 1
312 381 1
312 395 1
313 324 1
313 336 1
313 349 1
313 365 1
313 371 1
314 321 1
314 324 1
314 343 1
314 346 1
314 353 1
314 370 1
314 384 1
314 392 1
315 326 1
315 341 1
315 356 1
315 361 1
315 364 1
315 372 1
315 373 1
315 377 1
315 382 1
315 393 1
316 323 1
316 333 1
316 356 1
316 388 1
316 390 1
317 322 1
317 325 1
317 332 1
317 341 1
317 348 1
317 354 1
317 356 1
317 359 1
317 383 1
317 387 1
317 388 1
317 395 1
318 340 1
318 343 1
318 345 1
318 350 1
318 351 1
318 377 1
318 379 1
318 396 1
318 397 1
319 325 1
319 336 1
319 344 1
319 350 1
319 362 1
319 363 1
319 379 1
319 388 1
319 398 1
319 399 1
320 330 1
320 339 1
320 356 1
320 372 1
320 392 1
320 400 1
321 323 1
321 325 1
321 332 1
321 333 1
321 336 1
321 354 1
321 358 1
321 360 1
321 369 1
321 378 1
321 384 1
322 348 1
322 356 1
322 358 1
322 361 1
322 397 1
323 333 1
323 335 1
323 338 1
323 346 1
323 351 1
323 360 1
323 363 1
323 368 1
323 378 1
323 386 1
323 390 1
323 393 1
323 400 1
324 333 1
324 335 1
324 345 1
324 351 1
324 390 1
324 395 1
325 331 1
325 347 1
325 349 1
325 353 1
325 365 1
325 368 1
325 381 1
325 383 1
325 387 1
326 337 1
326 343 1
326 356 1
326 371 1
326 372 1
326 379 1
326 381 1
326 395 1
327 330 1
327 332 1
327 338 1
327 341 1
327 346 1
327 358 1
327 359 1
327 360 1
327 376 1
327 382 1
327 397 1
328 332 1
328 349 1
328 354 1
328 359 1
328 375 1
329 335 1
329 337 1
329 345 1
329 347 1
329 359 1
329 368 1
329 400 1
330 389 1
331 333 1
331 335 1
331 339 1
331 350 1
331 355 1
331 358 1
331 361 1
331 371 1
331 372 1
331 382 1
331 384 1
331 391 1
332 348 1
332 373 1
332 376 1
332 383 1
332 384 1
333 334 1
333 349 1
333 350 1
333 355 1
333 358 1
333 364 1
333 377 1
333 379 1
333 385 1
333 390 1
333 397 1
334 335 1
334 346 1
334 368 1
334 374 1
334 384 1
334 391 1
334 392 1
334 394 1
334 395 1
334 400 1
335 337 1
335 376 1
335 379 1
335 390 1
335 396 1
335 398 1
336 341 1
336 345 1
336 353 1
336 363 1
336 379 1
336 380 1
336 391 1
337 344 1
337 379 1
337 389 1
337 392 1
337 393 1
337 397 1
338 370 1
338 371 1
338 386 1
339 345 1
339 355 1
339 366 1
339 382 1
340 346 1
340 366 1
340 378 1
340 382 1
340 394 1
341 343 1
341 350 1
341 355 1
341 360 1
341 372 1
341 382 1
341 393 1
341 396 1
342 350 1
342 365 1
342 369 1
342 370 1
342 383 1
342 397 1
343 347 1
343 351 1
343 358 1
343 370 1
343 373 1
343 394 1
343 398 1
344 347 1
344 351 1
344 377 1
344 381 1
344 389 1
345 361 1
345 367 1
345 382 1
346 356 1
346 363 1
346 372 1
346 373 1
347 361 1
347 367 1
347 385 1
347 398 1
348 355 1
348 361 1
348 362 1
348 377 1
348 383 1
348 385 1
348 389 1
349 355 1
349 368 1
349 377 1
349 379 1
349 384 1
350 358 1
350 380 1
350 387 1
350 398 1
351 357 1
351 360 1
351 370 1
351 379 1
351 380 1
351 386 1
351 389 1
351 390 1
351 393 1
351 397 1
352 363 1
352 377 1
352 384 1
352 385 1
352 389 1
353 361 1
353 371 1
353 384 1
353 389 1
353 396 1
354 363 1
354 377 1
354 385 1
354 388 1
354 395 1
354 396 1
355 382 1
355 397 1
356 375 1
356 381 1
356 394 1
357 367 1
357 370 1
357 377 1
357 384 1
358 370 1
358 399 1
359 361 1
359 367 1
359 373 1
359 386 1
359 398 1
360 361 1
360 362 1
360 370 1
360 374 1
360 376 1
360 378 1
360 381 1
360 386 1
360 392 1
360 395 1
361 371 1
361 387 1
362 369 1
362 370 1
363 368 1
364 365 1
364 391 1
364 394 1
365 377 1
365 381 1
365 388 1
365 397 1
366 387 1
366 396 1
367 374 1
367 394 1
367 395 1
367 398 1
367 400 1
368 384 1
368 397 1
369 372 1
369 388 1
369 399 1
370 372 1
370 384 1
371 372 1
371 374 1
371 388 1
371 392 1
371 398 1
372 374 1
372 375 1
372 381 1
372 383 1
372 395 1
372 397 1
373 377 1
373 380 1
373 383 1
373 395 1
374 392 1
375 398 1
377 379 1
377 395 1
378 399 1
379 387 1
379 400 1
380 391 1
380 392 1
381 390 1
381 397 1
382 393 1
382 400 1
384 392 1
384 399 1
385 387 1
385 398 1
386 390 1
386 397 1
389 394 1
390 394 1
391 393 1
393 396 1
397 399 1
398 399 1
