400 7980
1 26 1
1 33 1
1 40 1
1 59 1
1 76 1
1 121 1
1 123 1
1 125 1
1 126 1
1 129 1
1 132 1
1 135 1
1 147 1
1 159 1
1 165 1
1 170 1
1 180 1
1 181 1
1 182 1
1 193 1
1 195 1
1 201 1
1 204 1
1 236 1
1 238 1
1 246 1
1 259 1
1 282 1
1 290 1
1 313 1
1 314 1
1 317 1
1 356 1
1 361 1
1 366 1
1 374 1
1 376 1
2 10 1
2 41 1
2 44 1
2 64 1
2 91 1
2 122 1
2 125 1
2 128 1
2 140 1
2 146 1
2 164 1
2 168 1
2 169 1
2 177 1
2 209 1
2 216 1
2 238 1
2 251 1
2 266 1
2 270 1
2 296 1
2 298 1
2 343 1
2 348 1
2 357 1
2 386 1
2 392 1
2 395 1
3 13 1
3 26 1
3 34 1
3 35 1
3 38 1
3 43 1
3 67 1
3 75 1
3 79 1
3 88 1
3 100 1
3 107 1
3 121 1
3 124 1
3 131 1
3 163 1
3 169 1
3 173 1
3 175 1
3 179 1
3 211 1
3 214 1
3 216 1
3 219 1
3 232 1
3 239 1
3 264 1
3 266 1
3 273 1
3 296 1
3 328 1
3 349 1
3 362 1
3 369 1
3 373 1
3 382 1
4 10 1
4 29 1
4 40 1
4 42 1
4 70 1
4 76 1
4 85 1
4 86 1
4 94 1
4 96 1
4 100 1
4 105 1
4 106 1
4 107 1
4 109 1
4 116 1
4 120 1
4 126 1
4 131 1
4 134 1
4 141 1
4 144 1
4 152 1
4 153 1
4 182 1
4 234 1
4 241 1
4 250 1
4 258 1
4 269 1
4 270 1
4 276 1
4 285 1
4 310 1
4 327 1
4 331 1
4 340 1
4 356 1
4 385 1
4 386 1
5 6 1
5 26 1
5 37 1
5 40 1
5 46 1
5 50 1
5 73 1
5 86 1
5 105 1
5 106 1
5 109 1
5 111 1
5 112 1
5 120 1
5 124 1
5 132 1
5 143 1
5 148 1
5 155 1
5 156 1
5 172 1
5 174 1
5 195 1
5 205 1
5 207 1
5 219 1
5 220 1
5 224 1
5 229 1
5 243 1
5 249 1
5 254 1
5 262 1
5 263 1
5 268 1
5 273 1
5 277 1
5 282 1
5 286 1
5 304 1
5 313 1
5 354 1
5 369 1
5 376 1
6 7 1
6 9 1
6 20 1
6 31 1
6 45 1
6 58 1
6 83 1
6 113 1
6 127 1
6 130 1
6 147 1
6 154 1
6 166 1
6 187 1
6 201 1
6 222 1
6 226 1
6 232 1
6 242 1
6 245 1
6 254 1
6 266 1
6 267 1
6 275 1
6 277 1
6 298 1
6 299 1
6 307 1
6 344 1
6 362 1
6 371 1
6 373 1
6 382 1
7 11 1
7 13 1
7 23 1
7 39 1
7 62 1
7 69 1
7 72 1
7 85 1
7 105 1
7 106 1
7 116 1
7 120 1
7 136 1
7 157 1
7 158 1
7 167 1
7 224 1
7 225 1
7 237 1
7 242 1
7 265 1
7 278 1
7 304 1
7 330 1
7 337 1
7 342 1
7 346 1
7 378 1
7 388 1
7 393 1
8 13 1
8 15 1
8 32 1
8 34 1
8 36 1
8 41 1
8 44 1
8 75 1
8 78 1
8 93 1
8 114 1
8 122 1
8 133 1
8 137 1
8 148 1
8 160 1
8 163 1
8 166 1
8 200 1
8 206 1
8 212 1
8 216 1
8 217 1
8 220 1
8 222 1
8 235 1
8 239 1
8 247 1
8 251 1
8 256 1
8 260 1
8 261 1
8 263 1
8 265 1
8 267 1
8 268 1
8 274 1
8 284 1
8 295 1
8 299 1
8 300 1
8 301 1
8 307 1
8 312 1
8 320 1
8 321 1
8 322 1
8 329 1
8 332 1
8 344 1
8 347 1
8 356 1
8 367 1
8 374 1
8 376 1
8 382 1
8 385 1
8 389 1
9 18 1
9 22 1
9 25 1
9 33 1
9 40 1
9 43 1
9 62 1
9 81 1
9 88 1
9 91 1
9 105 1
9 112 1
9 126 1
9 148 1
9 158 1
9 163 1
9 193 1
9 211 1
9 230 1
9 243 1
9 249 1
9 256 1
9 265 1
9 273 1
9 281 1
9 285 1
9 288 1
9 293 1
9 340 1
9 353 1
9 355 1
9 367 1
9 376 1
9 380 1
9 381 1
9 384 1
9 385 1
10 15 1
10 17 1
10 29 1
10 39 1
10 42 1
10 62 1
10 68 1
10 72 1
10 87 1
10 94 1
10 129 1
10 134 1
10 152 1
10 176 1
10 207 1
10 250 1
10 276 1
10 282 1
10 338 1
10 359 1
10 370 1
10 376 1
10 386 1
10 397 1
11 38 1
11 80 1
11 84 1
11 114 1
11 116 1
11 126 1
11 135 1
11 149 1
11 166 1
11 187 1
11 200 1
11 217 1
11 218 1
11 225 1
11 230 1
11 251 1
11 287 1
11 294 1
11 299 1
11 303 1
11 309 1
11 315 1
11 325 1
11 350 1
11 353 1
11 368 1
11 392 1
12 18 1
12 19 1
12 21 1
12 29 1
12 37 1
12 46 1
12 51 1
12 52 1
12 61 1
12 80 1
12 82 1
12 97 1
12 107 1
12 110 1
12 115 1
12 120 1
12 121 1
12 142 1
12 151 1
12 170 1
12 178 1
12 179 1
12 180 1
12 182 1
12 189 1
12 191 1
12 194 1
12 205 1
12 206 1
12 216 1
12 221 1
12 223 1
12 247 1
12 263 1
12 264 1
12 278 1
12 279 1
12 292 1
12 294 1
12 297 1
12 303 1
12 307 1
12 311 1
12 324 1
12 333 1
12 351 1
12 352 1
12 353 1
12 354 1
12 365 1
12 366 1
12 374 1
12 380 1
12 381 1
12 383 1
12 386 1
12 397 1
12 400 1
13 42 1
13 61 1
13 68 1
13 75 1
13 80 1
13 94 1
13 99 1
13 103 1
13 107 1
13 110 1
13 112 1
13 115 1
13 116 1
13 131 1
13 139 1
13 144 1
13 151 1
13 152 1
13 166 1
13 167 1
13 168 1
13 187 1
13 198 1
13 199 1
13 200 1
13 206 1
13 234 1
13 235 1
13 245 1
13 253 1
13 254 1
13 257 1
13 267 1
13 268 1
13 278 1
13 295 1
13 298 1
13 299 1
13 306 1
13 326 1
13 328 1
13 348 1
13 353 1
13 360 1
13 366 1
13 368 1
13 372 1
13 385 1
13 387 1
13 394 1
14 57 1
14 75 1
14 102 1
14 104 1
14 134 1
14 165 1
14 166 1
14 170 1
14 172 1
14 174 1
14 175 1
14 220 1
14 228 1
14 239 1
14 248 1
14 249 1
14 257 1
14 259 1
14 265 1
14 272 1
14 287 1
14 288 1
14 302 1
14 315 1
14 317 1
14 351 1
14 352 1
14 353 1
14 358 1
14 361 1
14 384 1
14 389 1
14 394 1
14 395 1
15 29 1
15 46 1
15 56 1
15 71 1
15 73 1
15 88 1
15 90 1
15 102 1
15 108 1
15 111 1
15 116 1
15 121 1
15 151 1
15 157 1
15 161 1
15 172 1
15 173 1
15 178 1
15 181 1
15 210 1
15 216 1
15 223 1
15 236 1
15 238 1
15 253 1
15 261 1
15 263 1
15 272 1
15 282 1
15 297 1
15 314 1
15 325 1
15 328 1
15 329 1
15 339 1
15 351 1
15 354 1
15 359 1
15 360 1
15 370 1
15 377 1
15 383 1
15 392 1
16 30 1
16 31 1
16 42 1
16 48 1
16 51 1
16 59 1
16 63 1
16 66 1
16 75 1
16 85 1
16 86 1
16 103 1
16 123 1
16 135 1
16 145 1
16 149 1
16 179 1
16 180 1
16 187 1
16 190 1
16 206 1
16 224 1
16 226 1
16 229 1
16 231 1
16 232 1
16 240 1
16 274 1
16 279 1
16 286 1
16 289 1
16 303 1
16 308 1
16 323 1
16 324 1
16 325 1
16 355 1
16 369 1
17 25 1
17 35 1
17 38 1
17 39 1
17 54 1
17 55 1
17 56 1
17 90 1
17 93 1
17 103 1
17 118 1
17 128 1
17 136 1
17 171 1
17 185 1
17 229 1
17 233 1
17 236 1
17 237 1
17 247 1
17 250 1
17 255 1
17 256 1
17 261 1
17 286 1
17 311 1
17 317 1
17 329 1
17 335 1
17 339 1
17 340 1
17 366 1
17 381 1
17 395 1
18 45 1
18 82 1
18 89 1
18 104 1
18 107 1
18 113 1
18 125 1
18 138 1
18 182 1
18 192 1
18 225 1
18 263 1
18 277 1
18 279 1
18 303 1
18 311 1
18 316 1
18 329 1
18 344 1
18 371 1
18 383 1
18 400 1
19 32 1
19 36 1
19 42 1
19 43 1
19 48 1
19 58 1
19 64 1
19 86 1
19 87 1
19 119 1
19 124 1
19 125 1
19 138 1
19 150 1
19 151 1
19 153 1
19 171 1
19 176 1
19 195 1
19 236 1
19 245 1
19 263 1
19 295 1
19 306 1
19 314 1
19 320 1
19 350 1
19 357 1
19 362 1
19 374 1
19 379 1
19 383 1
20 30 1
20 35 1
20 79 1
20 83 1
20 94 1
20 130 1
20 137 1
20 166 1
20 197 1
20 222 1
20 226 1
20 242 1
20 250 1
20 261 1
20 275 1
20 286 1
20 300 1
20 309 1
20 312 1
20 320 1
20 333 1
20 360 1
20 374 1
21 27 1
21 30 1
21 34 1
21 49 1
21 82 1
21 94 1
21 103 1
21 114 1
21 117 1
21 120 1
21 128 1
21 151 1
21 153 1
21 168 1
21 187 1
21 204 1
21 235 1
21 243 1
21 244 1
21 259 1
21 263 1
21 264 1
21 270 1
21 278 1
21 281 1
21 293 1
21 309 1
21 311 1
21 318 1
21 328 1
21 344 1
21 347 1
21 349 1
21 357 1
21 361 1
21 364 1
21 368 1
21 372 1
21 376 1
21 381 1
22 23 1
22 28 1
22 35 1
22 41 1
22 45 1
22 46 1
22 50 1
22 51 1
22 63 1
22 64 1
22 78 1
22 114 1
22 123 1
22 130 1
22 141 1
22 146 1
22 148 1
22 175 1
22 179 1
22 181 1
22 184 1
22 185 1
22 211 1
22 215 1
22 240 1
22 253 1
22 257 1
22 260 1
22 295 1
22 314 1
22 321 1
22 330 1
22 341 1
22 348 1
22 359 1
22 369 1
22 376 1
22 377 1
22 392 1
23 35 1
23 36 1
23 44 1
23 45 1
23 50 1
23 51 1
23 53 1
23 58 1
23 71 1
23 95 1
23 103 1
23 107 1
23 124 1
23 141 1
23 144 1
23 147 1
23 155 1
23 156 1
23 167 1
23 178 1
23 180 1
23 181 1
23 185 1
23 187 1
23 193 1
23 211 1
23 215 1
23 225 1
23 230 1
23 261 1
23 267 1
23 272 1
23 275 1
23 283 1
23 291 1
23 293 1
23 295 1
23 298 1
23 307 1
23 311 1
23 322 1
23 330 1
23 336 1
23 353 1
23 354 1
23 357 1
23 367 1
23 368 1
23 385 1
23 386 1
24 35 1
24 40 1
24 41 1
24 42 1
24 45 1
24 47 1
24 64 1
24 109 1
24 110 1
24 115 1
24 153 1
24 162 1
24 172 1
24 181 1
24 187 1
24 190 1
24 199 1
24 200 1
24 209 1
24 213 1
24 236 1
24 250 1
24 256 1
24 257 1
24 261 1
24 278 1
24 290 1
24 304 1
24 308 1
24 314 1
24 330 1
24 331 1
24 333 1
24 375 1
24 389 1
24 390 1
25 38 1
25 39 1
25 44 1
25 46 1
25 51 1
25 54 1
25 61 1
25 75 1
25 79 1
25 104 1
25 113 1
25 114 1
25 115 1
25 118 1
25 136 1
25 150 1
25 177 1
25 184 1
25 185 1
25 192 1
25 197 1
25 209 1
25 217 1
25 236 1
25 237 1
25 245 1
25 255 1
25 261 1
25 279 1
25 309 1
25 317 1
25 322 1
25 333 1
25 340 1
25 350 1
25 375 1
25 395 1
26 27 1
26 36 1
26 38 1
26 41 1
26 43 1
26 63 1
26 81 1
26 82 1
26 88 1
26 89 1
26 92 1
26 97 1
26 100 1
26 103 1
26 137 1
26 151 1
26 168 1
26 171 1
26 184 1
26 192 1
26 211 1
26 226 1
26 229 1
26 231 1
26 238 1
26 261 1
26 267 1
26 273 1
26 279 1
26 281 1
26 284 1
26 311 1
26 315 1
26 316 1
26 355 1
26 362 1
26 398 1
27 33 1
27 36 1
27 45 1
27 47 1
27 51 1
27 67 1
27 69 1
27 77 1
27 79 1
27 151 1
27 175 1
27 176 1
27 180 1
27 195 1
27 200 1
27 215 1
27 223 1
27 224 1
27 253 1
27 282 1
27 311 1
27 337 1
27 343 1
27 348 1
27 351 1
27 370 1
27 372 1
27 374 1
27 377 1
27 383 1
27 396 1
28 32 1
28 54 1
28 64 1
28 73 1
28 75 1
28 76 1
28 87 1
28 91 1
28 97 1
28 101 1
28 128 1
28 134 1
28 148 1
28 151 1
28 152 1
28 155 1
28 157 1
28 160 1
28 193 1
28 198 1
28 210 1
28 222 1
28 226 1
28 234 1
28 252 1
28 255 1
28 261 1
28 266 1
28 268 1
28 273 1
28 293 1
28 348 1
28 371 1
28 389 1
28 390 1
28 398 1
29 42 1
29 52 1
29 69 1
29 83 1
29 94 1
29 100 1
29 131 1
29 152 1
29 162 1
29 181 1
29 230 1
29 250 1
29 259 1
29 263 1
29 270 1
29 285 1
29 338 1
29 351 1
29 364 1
29 386 1
30 37 1
30 79 1
30 87 1
30 88 1
30 93 1
30 111 1
30 118 1
30 139 1
30 153 1
30 161 1
30 163 1
30 164 1
30 165 1
30 181 1
30 186 1
30 196 1
30 207 1
30 228 1
30 232 1
30 252 1
30 278 1
30 282 1
30 310 1
30 326 1
30 342 1
30 343 1
30 354 1
30 369 1
30 379 1
31 41 1
31 52 1
31 59 1
31 65 1
31 71 1
31 73 1
31 104 1
31 106 1
31 129 1
31 132 1
31 134 1
31 144 1
31 151 1
31 173 1
31 174 1
31 180 1
31 196 1
31 213 1
31 217 1
31 226 1
31 233 1
31 238 1
31 241 1
31 244 1
31 249 1
31 264 1
31 269 1
31 280 1
31 282 1
31 289 1
31 291 1
31 318 1
31 326 1
31 330 1
31 332 1
31 335 1
31 353 1
31 365 1
31 375 1
31 377 1
31 390 1
32 43 1
32 50 1
32 72 1
32 74 1
32 76 1
32 87 1
32 90 1
32 97 1
32 102 1
32 107 1
32 117 1
32 121 1
32 122 1
32 128 1
32 132 1
32 136 1
32 137 1
32 148 1
32 150 1
32 153 1
32 158 1
32 162 1
32 164 1
32 166 1
32 176 1
32 178 1
32 186 1
32 197 1
32 208 1
32 228 1
32 231 1
32 244 1
32 252 1
32 255 1
32 261 1
32 262 1
32 266 1
32 272 1
32 282 1
32 291 1
32 306 1
32 320 1
32 327 1
32 331 1
32 351 1
32 352 1
32 353 1
32 371 1
32 384 1
32 397 1
33 36 1
33 51 1
33 54 1
33 58 1
33 60 1
33 81 1
33 98 1
33 128 1
33 139 1
33 165 1
33 166 1
33 177 1
33 189 1
33 191 1
33 194 1
33 197 1
33 218 1
33 220 1
33 238 1
33 240 1
33 244 1
33 253 1
33 260 1
33 267 1
33 302 1
33 304 1
33 316 1
33 323 1
33 339 1
33 366 1
33 386 1
34 42 1
34 45 1
34 46 1
34 79 1
34 82 1
34 86 1
34 87 1
34 88 1
34 91 1
34 94 1
34 99 1
34 151 1
34 153 1
34 170 1
34 178 1
34 216 1
34 221 1
34 226 1
34 238 1
34 252 1
34 268 1
34 271 1
34 272 1
34 273 1
34 279 1
34 280 1
34 285 1
34 312 1
34 326 1
34 330 1
34 331 1
34 336 1
34 348 1
34 358 1
34 363 1
34 378 1
34 385 1
34 388 1
35 45 1
35 54 1
35 58 1
35 60 1
35 62 1
35 98 1
35 111 1
35 146 1
35 149 1
35 165 1
35 169 1
35 172 1
35 178 1
35 179 1
35 190 1
35 192 1
35 200 1
35 203 1
35 206 1
35 207 1
35 211 1
35 220 1
35 230 1
35 234 1
35 248 1
35 259 1
35 260 1
35 266 1
35 268 1
35 281 1
35 293 1
35 306 1
35 308 1
35 310 1
35 326 1
35 333 1
35 337 1
35 340 1
35 354 1
35 379 1
36 38 1
36 47 1
36 49 1
36 50 1
36 54 1
36 57 1
36 61 1
36 64 1
36 65 1
36 69 1
36 75 1
36 76 1
36 88 1
36 93 1
36 95 1
36 100 1
36 103 1
36 119 1
36 122 1
36 144 1
36 165 1
36 166 1
36 169 1
36 190 1
36 195 1
36 197 1
36 222 1
36 224 1
36 226 1
36 227 1
36 237 1
36 243 1
36 252 1
36 272 1
36 283 1
36 290 1
36 300 1
36 305 1
36 306 1
36 336 1
36 342 1
36 343 1
36 362 1
36 364 1
36 365 1
36 390 1
37 46 1
37 72 1
37 78 1
37 88 1
37 90 1
37 95 1
37 106 1
37 121 1
37 138 1
37 140 1
37 142 1
37 148 1
37 159 1
37 170 1
37 173 1
37 190 1
37 193 1
37 202 1
37 207 1
37 219 1
37 256 1
37 259 1
37 267 1
37 295 1
37 300 1
37 317 1
37 328 1
37 335 1
37 345 1
37 354 1
37 357 1
37 369 1
37 388 1
37 397 1
38 54 1
38 61 1
38 62 1
38 70 1
38 98 1
38 102 1
38 103 1
38 112 1
38 119 1
38 121 1
38 131 1
38 148 1
38 157 1
38 160 1
38 162 1
38 169 1
38 174 1
38 175 1
38 190 1
38 215 1
38 226 1
38 227 1
38 230 1
38 234 1
38 273 1
38 295 1
38 300 1
38 310 1
38 331 1
38 363 1
38 364 1
38 379 1
38 383 1
38 394 1
39 45 1
39 48 1
39 55 1
39 63 1
39 64 1
39 79 1
39 97 1
39 124 1
39 136 1
39 148 1
39 159 1
39 165 1
39 171 1
39 185 1
39 188 1
39 205 1
39 232 1
39 233 1
39 237 1
39 254 1
39 259 1
39 261 1
39 264 1
39 268 1
39 272 1
39 298 1
39 303 1
39 307 1
39 308 1
39 317 1
39 326 1
39 334 1
39 340 1
39 349 1
39 354 1
39 370 1
39 376 1
39 378 1
39 388 1
39 397 1
40 52 1
40 53 1
40 54 1
40 55 1
40 58 1
40 77 1
40 97 1
40 104 1
40 113 1
40 122 1
40 128 1
40 138 1
40 151 1
40 154 1
40 179 1
40 180 1
40 195 1
40 217 1
40 219 1
40 221 1
40 235 1
40 260 1
40 283 1
40 289 1
40 296 1
40 312 1
40 319 1
40 324 1
40 328 1
40 344 1
40 348 1
40 350 1
40 352 1
40 358 1
40 374 1
40 392 1
40 397 1
40 399 1
41 42 1
41 73 1
41 74 1
41 96 1
41 104 1
41 132 1
41 145 1
41 149 1
41 154 1
41 158 1
41 162 1
41 163 1
41 166 1
41 169 1
41 183 1
41 186 1
41 207 1
41 228 1
41 236 1
41 247 1
41 248 1
41 251 1
41 267 1
41 275 1
41 292 1
41 296 1
41 307 1
41 325 1
41 332 1
41 347 1
41 348 1
41 357 1
41 363 1
41 364 1
41 377 1
41 382 1
41 387 1
41 391 1
42 45 1
42 54 1
42 62 1
42 69 1
42 73 1
42 94 1
42 96 1
42 105 1
42 114 1
42 119 1
42 123 1
42 124 1
42 126 1
42 131 1
42 132 1
42 136 1
42 152 1
42 162 1
42 164 1
42 176 1
42 197 1
42 204 1
42 212 1
42 218 1
42 238 1
42 243 1
42 247 1
42 250 1
42 265 1
42 271 1
42 274 1
42 282 1
42 287 1
42 291 1
42 292 1
42 317 1
42 359 1
42 370 1
42 384 1
42 385 1
42 386 1
43 88 1
43 100 1
43 104 1
43 115 1
43 127 1
43 137 1
43 139 1
43 150 1
43 151 1
43 178 1
43 186 1
43 189 1
43 197 1
43 203 1
43 211 1
43 221 1
43 226 1
43 236 1
43 239 1
43 273 1
43 281 1
43 289 1
43 307 1
43 341 1
43 348 1
43 350 1
43 371 1
43 398 1
44 48 1
44 59 1
44 68 1
44 89 1
44 95 1
44 101 1
44 120 1
44 136 1
44 162 1
44 163 1
44 169 1
44 193 1
44 208 1
44 212 1
44 228 1
44 230 1
44 235 1
44 242 1
44 243 1
44 263 1
44 283 1
44 285 1
44 295 1
44 326 1
44 327 1
44 343 1
44 353 1
44 357 1
44 365 1
44 390 1
44 399 1
45 46 1
45 47 1
45 50 1
45 64 1
45 80 1
45 87 1
45 90 1
45 102 1
45 123 1
45 124 1
45 136 1
45 141 1
45 158 1
45 160 1
45 164 1
45 169 1
45 172 1
45 178 1
45 181 1
45 182 1
45 191 1
45 196 1
45 200 1
45 206 1
45 208 1
45 218 1
45 219 1
45 230 1
45 237 1
45 240 1
45 250 1
45 251 1
45 271 1
45 279 1
45 294 1
45 303 1
45 304 1
45 317 1
45 324 1
45 330 1
45 340 1
45 346 1
45 351 1
45 356 1
45 357 1
45 358 1
45 361 1
45 363 1
45 368 1
45 375 1
45 378 1
45 381 1
45 393 1
45 398 1
46 58 1
46 90 1
46 108 1
46 117 1
46 129 1
46 141 1
46 143 1
46 149 1
46 156 1
46 157 1
46 175 1
46 178 1
46 180 1
46 186 1
46 190 1
46 195 1
46 211 1
46 214 1
46 218 1
46 229 1
46 230 1
46 232 1
46 234 1
46 254 1
46 257 1
46 261 1
46 276 1
46 277 1
46 286 1
46 287 1
46 289 1
46 290 1
46 305 1
46 364 1
46 369 1
46 382 1
46 383 1
46 384 1
46 385 1
46 388 1
46 390 1
46 394 1
47 54 1
47 56 1
47 60 1
47 66 1
47 104 1
47 110 1
47 115 1
47 146 1
47 154 1
47 189 1
47 190 1
47 193 1
47 201 1
47 213 1
47 231 1
47 245 1
47 249 1
47 256 1
47 271 1
47 277 1
47 280 1
47 300 1
47 305 1
47 334 1
47 356 1
47 362 1
47 395 1
48 60 1
48 67 1
48 85 1
48 86 1
48 100 1
48 112 1
48 123 1
48 135 1
48 136 1
48 147 1
48 153 1
48 159 1
48 167 1
48 170 1
48 175 1
48 177 1
48 178 1
48 185 1
48 188 1
48 191 1
48 193 1
48 210 1
48 214 1
48 222 1
48 223 1
48 224 1
48 233 1
48 240 1
48 244 1
48 264 1
48 283 1
48 289 1
48 292 1
48 298 1
48 299 1
48 304 1
48 325 1
48 347 1
48 356 1
48 359 1
48 362 1
48 363 1
48 366 1
48 369 1
48 372 1
48 373 1
48 380 1
48 389 1
49 52 1
49 57 1
49 67 1
49 69 1
49 89 1
49 96 1
49 115 1
49 125 1
49 136 1
49 142 1
49 145 1
49 151 1
49 155 1
49 184 1
49 194 1
49 201 1
49 221 1
49 232 1
49 241 1
49 244 1
49 250 1
49 259 1
49 268 1
49 278 1
49 282 1
49 292 1
49 300 1
49 304 1
49 310 1
49 320 1
49 329 1
49 339 1
49 354 1
49 369 1
49 389 1
49 393 1
49 396 1
50 59 1
50 93 1
50 94 1
50 97 1
50 103 1
50 142 1
50 152 1
50 154 1
50 159 1
50 181 1
50 183 1
50 187 1
50 192 1
50 209 1
50 215 1
50 223 1
50 281 1
50 295 1
50 299 1
50 314 1
50 330 1
50 341 1
50 344 1
50 355 1
50 371 1
50 382 1
51 56 1
51 68 1
51 69 1
51 74 1
51 75 1
51 86 1
51 120 1
51 129 1
51 132 1
51 134 1
51 136 1
51 140 1
51 153 1
51 154 1
51 158 1
51 172 1
51 176 1
51 188 1
51 189 1
51 209 1
51 223 1
51 227 1
51 232 1
51 238 1
51 242 1
51 250 1
51 251 1
51 252 1
51 253 1
51 254 1
51 257 1
51 263 1
51 269 1
51 287 1
51 306 1
51 311 1
51 337 1
51 347 1
51 348 1
51 359 1
51 365 1
51 372 1
51 375 1
51 387 1
51 394 1
51 396 1
51 399 1
52 56 1
52 59 1
52 82 1
52 97 1
52 100 1
52 108 1
52 118 1
52 152 1
52 156 1
52 185 1
52 203 1
52 216 1
52 219 1
52 220 1
52 230 1
52 232 1
52 234 1
52 238 1
52 263 1
52 266 1
52 267 1
52 270 1
52 294 1
52 296 1
52 307 1
52 319 1
52 328 1
52 338 1
52 356 1
52 358 1
52 363 1
52 370 1
52 374 1
52 376 1
52 394 1
52 397 1
52 399 1
53 58 1
53 65 1
53 66 1
53 78 1
53 98 1
53 99 1
53 108 1
53 120 1
53 123 1
53 144 1
53 155 1
53 162 1
53 163 1
53 227 1
53 244 1
53 252 1
53 257 1
53 262 1
53 263 1
53 265 1
53 269 1
53 274 1
53 285 1
53 293 1
53 298 1
53 313 1
53 319 1
53 330 1
53 338 1
53 360 1
53 363 1
53 377 1
53 393 1
54 57 1
54 61 1
54 64 1
54 68 1
54 103 1
54 114 1
54 140 1
54 144 1
54 162 1
54 189 1
54 190 1
54 195 1
54 204 1
54 206 1
54 208 1
54 209 1
54 211 1
54 226 1
54 227 1
54 234 1
54 251 1
54 258 1
54 260 1
54 300 1
54 306 1
54 308 1
54 317 1
54 320 1
54 356 1
54 375 1
54 385 1
54 389 1
54 391 1
55 83 1
55 96 1
55 107 1
55 121 1
55 148 1
55 175 1
55 182 1
55 184 1
55 188 1
55 191 1
55 207 1
55 209 1
55 222 1
55 224 1
55 230 1
55 233 1
55 243 1
55 249 1
55 262 1
55 271 1
55 293 1
55 301 1
55 331 1
55 353 1
55 364 1
55 373 1
55 399 1
56 58 1
56 59 1
56 88 1
56 140 1
56 142 1
56 155 1
56 173 1
56 180 1
56 181 1
56 185 1
56 195 1
56 206 1
56 231 1
56 233 1
56 249 1
56 258 1
56 270 1
56 271 1
56 282 1
56 284 1
56 285 1
56 306 1
56 310 1
56 338 1
56 341 1
56 354 1
56 382 1
56 387 1
57 58 1
57 61 1
57 63 1
57 88 1
57 89 1
57 97 1
57 101 1
57 111 1
57 112 1
57 117 1
57 118 1
57 120 1
57 125 1
57 131 1
57 147 1
57 163 1
57 167 1
57 171 1
57 177 1
57 192 1
57 200 1
57 205 1
57 221 1
57 222 1
57 226 1
57 231 1
57 238 1
57 247 1
57 262 1
57 279 1
57 294 1
57 308 1
57 312 1
57 313 1
57 322 1
57 336 1
57 338 1
57 347 1
57 356 1
57 357 1
57 365 1
57 371 1
57 373 1
57 376 1
57 378 1
57 383 1
57 385 1
57 388 1
57 389 1
58 66 1
58 77 1
58 78 1
58 88 1
58 90 1
58 93 1
58 94 1
58 111 1
58 152 1
58 157 1
58 163 1
58 165 1
58 205 1
58 212 1
58 218 1
58 250 1
58 274 1
58 295 1
58 298 1
58 308 1
58 310 1
58 314 1
58 319 1
58 333 1
58 343 1
58 344 1
58 354 1
58 360 1
58 361 1
58 364 1
58 370 1
58 379 1
58 388 1
59 72 1
59 77 1
59 82 1
59 88 1
59 89 1
59 91 1
59 117 1
59 121 1
59 124 1
59 146 1
59 149 1
59 153 1
59 163 1
59 189 1
59 191 1
59 205 1
59 207 1
59 210 1
59 218 1
59 226 1
59 235 1
59 243 1
59 246 1
59 247 1
59 252 1
59 254 1
59 270 1
59 273 1
59 283 1
59 290 1
59 291 1
59 304 1
59 310 1
59 318 1
59 319 1
59 331 1
59 332 1
59 336 1
59 343 1
59 355 1
59 357 1
59 360 1
59 365 1
59 369 1
59 374 1
59 377 1
60 69 1
60 70 1
60 83 1
60 98 1
60 107 1
60 129 1
60 146 1
60 149 1
60 192 1
60 203 1
60 222 1
60 243 1
60 248 1
60 252 1
60 260 1
60 268 1
60 302 1
60 306 1
60 369 1
60 385 1
60 389 1
60 394 1
61 64 1
61 68 1
61 84 1
61 95 1
61 103 1
61 112 1
61 132 1
61 190 1
61 205 1
61 211 1
61 212 1
61 215 1
61 219 1
61 226 1
61 227 1
61 230 1
61 241 1
61 242 1
61 257 1
61 272 1
61 275 1
61 282 1
61 300 1
61 310 1
61 331 1
61 353 1
61 394 1
62 63 1
62 66 1
62 75 1
62 92 1
62 118 1
62 147 1
62 154 1
62 189 1
62 194 1
62 195 1
62 198 1
62 203 1
62 211 1
62 219 1
62 223 1
62 227 1
62 230 1
62 236 1
62 244 1
62 246 1
62 270 1
62 280 1
62 282 1
62 303 1
62 308 1
62 311 1
62 329 1
62 366 1
62 370 1
62 371 1
62 377 1
62 379 1
62 385 1
63 77 1
63 78 1
63 83 1
63 84 1
63 85 1
63 99 1
63 101 1
63 122 1
63 131 1
63 149 1
63 169 1
63 176 1
63 177 1
63 190 1
63 197 1
63 214 1
63 243 1
63 247 1
63 251 1
63 258 1
63 275 1
63 280 1
63 288 1
63 290 1
63 305 1
63 309 1
63 313 1
63 319 1
63 322 1
63 326 1
63 327 1
63 332 1
63 333 1
63 369 1
63 372 1
63 385 1
64 66 1
64 78 1
64 84 1
64 88 1
64 91 1
64 93 1
64 97 1
64 116 1
64 143 1
64 145 1
64 148 1
64 150 1
64 154 1
64 164 1
64 165 1
64 167 1
64 168 1
64 169 1
64 195 1
64 198 1
64 201 1
64 204 1
64 210 1
64 213 1
64 226 1
64 238 1
64 243 1
64 264 1
64 270 1
64 272 1
64 282 1
64 299 1
64 305 1
64 341 1
64 343 1
64 344 1
64 349 1
64 353 1
64 365 1
64 386 1
65 80 1
65 118 1
65 143 1
65 161 1
65 162 1
65 166 1
65 170 1
65 178 1
65 179 1
65 189 1
65 247 1
65 272 1
65 291 1
65 294 1
65 327 1
65 335 1
65 348 1
65 349 1
65 363 1
65 371 1
65 380 1
66 78 1
66 84 1
66 123 1
66 132 1
66 144 1
66 162 1
66 182 1
66 220 1
66 234 1
66 259 1
66 274 1
66 292 1
66 297 1
66 298 1
66 310 1
66 317 1
66 338 1
66 340 1
66 359 1
66 360 1
67 69 1
67 89 1
67 95 1
67 96 1
67 104 1
67 123 1
67 127 1
67 138 1
67 156 1
67 171 1
67 180 1
67 184 1
67 211 1
67 221 1
67 235 1
67 253 1
67 254 1
67 259 1
67 266 1
67 292 1
67 310 1
67 315 1
67 320 1
67 334 1
67 354 1
67 368 1
67 381 1
67 397 1
68 71 1
68 103 1
68 114 1
68 115 1
68 125 1
68 145 1
68 147 1
68 154 1
68 166 1
68 171 1
68 178 1
68 179 1
68 190 1
68 194 1
68 195 1
68 197 1
68 201 1
68 231 1
68 256 1
68 266 1
68 281 1
68 283 1
68 286 1
68 300 1
68 306 1
68 309 1
68 311 1
68 314 1
68 326 1
68 352 1
68 365 1
68 366 1
68 368 1
68 371 1
68 372 1
68 387 1
68 394 1
69 77 1
69 96 1
69 113 1
69 128 1
69 137 1
69 142 1
69 166 1
69 247 1
69 292 1
69 301 1
69 310 1
69 335 1
69 354 1
69 375 1
69 380 1
70 78 1
70 80 1
70 87 1
70 89 1
70 94 1
70 105 1
70 113 1
70 127 1
70 171 1
70 214 1
70 240 1
70 241 1
70 248 1
70 254 1
70 256 1
70 274 1
70 279 1
70 280 1
70 293 1
70 294 1
70 298 1
70 301 1
70 309 1
70 320 1
70 339 1
70 360 1
70 367 1
70 378 1
70 380 1
70 396 1
71 124 1
71 132 1
71 134 1
71 163 1
71 169 1
71 172 1
71 181 1
71 217 1
71 220 1
71 243 1
71 262 1
71 264 1
71 271 1
71 273 1
71 289 1
71 291 1
71 335 1
71 338 1
71 340 1
71 342 1
71 353 1
71 356 1
71 364 1
71 384 1
71 397 1
72 77 1
72 81 1
72 90 1
72 92 1
72 94 1
72 106 1
72 115 1
72 121 1
72 127 1
72 139 1
72 140 1
72 151 1
72 152 1
72 154 1
72 159 1
72 173 1
72 200 1
72 202 1
72 207 1
72 217 1
72 221 1
72 233 1
72 239 1
72 256 1
72 259 1
72 280 1
72 294 1
72 307 1
72 308 1
72 314 1
72 316 1
72 333 1
72 355 1
72 366 1
72 373 1
72 375 1
72 392 1
73 79 1
73 89 1
73 111 1
73 115 1
73 138 1
73 152 1
73 157 1
73 161 1
73 167 1
73 172 1
73 179 1
73 183 1
73 185 1
73 192 1
73 236 1
73 250 1
73 283 1
73 297 1
73 307 1
73 320 1
73 323 1
73 333 1
73 341 1
73 346 1
73 359 1
73 368 1
74 102 1
74 120 1
74 124 1
74 128 1
74 139 1
74 146 1
74 166 1
74 167 1
74 180 1
74 183 1
74 204 1
74 216 1
74 234 1
74 235 1
74 285 1
74 308 1
74 312 1
74 315 1
74 316 1
74 344 1
74 371 1
74 381 1
74 390 1
74 396 1
75 80 1
75 88 1
75 99 1
75 101 1
75 104 1
75 106 1
75 107 1
75 108 1
75 112 1
75 130 1
75 140 1
75 158 1
75 166 1
75 172 1
75 175 1
75 195 1
75 196 1
75 205 1
75 213 1
75 219 1
75 239 1
75 241 1
75 243 1
75 244 1
75 246 1
75 248 1
75 275 1
75 283 1
75 295 1
75 310 1
75 315 1
75 316 1
75 319 1
75 325 1
75 344 1
75 351 1
75 352 1
75 358 1
75 360 1
75 390 1
75 395 1
75 397 1
75 399 1
76 80 1
76 90 1
76 94 1
76 99 1
76 103 1
76 127 1
76 133 1
76 138 1
76 140 1
76 142 1
76 145 1
76 166 1
76 175 1
76 180 1
76 208 1
76 216 1
76 268 1
76 308 1
76 348 1
76 350 1
76 367 1
76 374 1
76 384 1
76 393 1
76 395 1
76 396 1
77 78 1
77 98 1
77 110 1
77 129 1
77 141 1
77 144 1
77 151 1
77 154 1
77 164 1
77 175 1
77 176 1
77 177 1
77 197 1
77 209 1
77 220 1
77 226 1
77 230 1
77 244 1
77 247 1
77 259 1
77 260 1
77 273 1
77 278 1
77 292 1
77 302 1
77 309 1
77 318 1
77 322 1
77 340 1
77 360 1
77 361 1
77 376 1
77 379 1
77 394 1
78 79 1
78 91 1
78 94 1
78 105 1
78 108 1
78 117 1
78 123 1
78 131 1
78 141 1
78 151 1
78 160 1
78 165 1
78 166 1
78 172 1
78 176 1
78 189 1
78 210 1
78 212 1
78 228 1
78 257 1
78 274 1
78 290 1
78 298 1
78 305 1
78 333 1
78 343 1
78 360 1
78 378 1
78 387 1
79 85 1
79 93 1
79 104 1
79 105 1
79 109 1
79 112 1
79 117 1
79 118 1
79 122 1
79 129 1
79 139 1
79 149 1
79 150 1
79 158 1
79 161 1
79 174 1
79 181 1
79 186 1
79 190 1
79 195 1
79 208 1
79 212 1
79 213 1
79 227 1
79 232 1
79 236 1
79 238 1
79 241 1
79 242 1
79 263 1
79 275 1
79 297 1
79 304 1
79 317 1
79 332 1
79 340 1
79 354 1
79 355 1
79 360 1
79 363 1
79 365 1
79 389 1
79 398 1
80 86 1
80 87 1
80 90 1
80 126 1
80 129 1
80 130 1
80 148 1
80 151 1
80 154 1
80 172 1
80 175 1
80 179 1
80 180 1
80 202 1
80 218 1
80 226 1
80 258 1
80 260 1
80 262 1
80 265 1
80 280 1
80 282 1
80 318 1
80 320 1
80 332 1
80 333 1
80 334 1
80 349 1
80 384 1
80 392 1
80 393 1
81 87 1
81 107 1
81 131 1
81 148 1
81 153 1
81 162 1
81 182 1
81 205 1
81 211 1
81 212 1
81 246 1
81 256 1
81 257 1
81 265 1
81 281 1
81 292 1
81 306 1
81 331 1
81 342 1
81 343 1
81 355 1
81 361 1
81 367 1
81 380 1
81 381 1
82 98 1
82 101 1
82 110 1
82 111 1
82 112 1
82 114 1
82 126 1
82 133 1
82 148 1
82 151 1
82 155 1
82 158 1
82 162 1
82 165 1
82 178 1
82 193 1
82 194 1
82 195 1
82 198 1
82 200 1
82 204 1
82 208 1
82 215 1
82 231 1
82 234 1
82 262 1
82 275 1
82 280 1
82 290 1
82 306 1
82 328 1
82 345 1
82 355 1
82 361 1
82 375 1
83 89 1
83 103 1
83 122 1
83 130 1
83 135 1
83 137 1
83 159 1
83 166 1
83 192 1
83 197 1
83 202 1
83 209 1
83 222 1
83 242 1
83 253 1
83 266 1
83 275 1
83 289 1
83 308 1
83 309 1
83 322 1
83 348 1
83 373 1
83 375 1
83 381 1
83 392 1
84 92 1
84 95 1
84 100 1
84 114 1
84 116 1
84 126 1
84 133 1
84 142 1
84 151 1
84 154 1
84 166 1
84 178 1
84 181 1
84 198 1
84 205 1
84 216 1
84 217 1
84 218 1
84 230 1
84 256 1
84 261 1
84 263 1
84 268 1
84 275 1
84 287 1
84 298 1
84 309 1
84 324 1
84 334 1
84 335 1
84 342 1
84 351 1
84 353 1
84 357 1
84 366 1
85 86 1
85 89 1
85 112 1
85 115 1
85 123 1
85 135 1
85 138 1
85 143 1
85 148 1
85 158 1
85 197 1
85 198 1
85 202 1
85 204 1
85 205 1
85 209 1
85 224 1
85 225 1
85 232 1
85 236 1
85 259 1
85 284 1
85 295 1
85 300 1
85 316 1
85 326 1
85 345 1
85 350 1
85 353 1
85 354 1
85 366 1
85 369 1
85 370 1
85 373 1
85 381 1
85 397 1
86 90 1
86 104 1
86 123 1
86 142 1
86 151 1
86 166 1
86 167 1
86 171 1
86 179 1
86 180 1
86 183 1
86 184 1
86 190 1
86 194 1
86 197 1
86 201 1
86 218 1
86 224 1
86 225 1
86 236 1
86 250 1
86 251 1
86 266 1
86 267 1
86 279 1
86 323 1
86 328 1
86 334 1
86 348 1
86 349 1
86 362 1
86 366 1
86 367 1
86 369 1
86 396 1
86 398 1
87 105 1
87 118 1
87 122 1
87 140 1
87 145 1
87 150 1
87 184 1
87 190 1
87 213 1
87 214 1
87 221 1
87 241 1
87 248 1
87 267 1
87 274 1
87 293 1
87 308 1
87 309 1
87 357 1
87 368 1
87 392 1
87 396 1
88 100 1
88 103 1
88 112 1
88 118 1
88 121 1
88 123 1
88 124 1
88 128 1
88 158 1
88 168 1
88 181 1
88 188 1
88 191 1
88 193 1
88 203 1
88 205 1
88 211 1
88 212 1
88 219 1
88 229 1
88 235 1
88 237 1
88 239 1
88 248 1
88 261 1
88 273 1
88 289 1
88 293 1
88 297 1
88 303 1
88 304 1
88 305 1
88 308 1
88 311 1
88 320 1
88 346 1
88 353 1
88 359 1
88 363 1
88 370 1
88 375 1
88 388 1
88 395 1
88 397 1
89 95 1
89 98 1
89 101 1
89 108 1
89 109 1
89 116 1
89 120 1
89 124 1
89 129 1
89 153 1
89 169 1
89 173 1
89 175 1
89 205 1
89 210 1
89 215 1
89 235 1
89 248 1
89 259 1
89 282 1
89 283 1
89 305 1
89 313 1
89 317 1
89 336 1
89 340 1
89 343 1
89 353 1
89 357 1
89 365 1
89 384 1
89 389 1
89 390 1
90 100 1
90 111 1
90 112 1
90 116 1
90 146 1
90 155 1
90 157 1
90 162 1
90 164 1
90 179 1
90 200 1
90 202 1
90 213 1
90 242 1
90 243 1
90 248 1
90 257 1
90 259 1
90 273 1
90 281 1
90 283 1
90 285 1
90 291 1
90 293 1
90 305 1
90 306 1
90 316 1
90 320 1
90 330 1
90 333 1
90 334 1
90 342 1
90 349 1
90 355 1
90 360 1
90 372 1
90 392 1
91 97 1
91 164 1
91 169 1
91 184 1
91 209 1
91 247 1
91 254 1
91 255 1
91 270 1
91 274 1
91 312 1
91 320 1
91 322 1
91 329 1
91 335 1
91 337 1
91 343 1
91 352 1
91 366 1
91 368 1
91 371 1
91 378 1
92 107 1
92 110 1
92 120 1
92 121 1
92 123 1
92 130 1
92 131 1
92 164 1
92 193 1
92 205 1
92 237 1
92 257 1
92 258 1
92 271 1
92 280 1
92 297 1
92 305 1
92 310 1
92 316 1
92 319 1
92 320 1
92 329 1
92 330 1
92 339 1
92 344 1
92 385 1
92 393 1
92 397 1
93 99 1
93 102 1
93 105 1
93 116 1
93 117 1
93 118 1
93 120 1
93 136 1
93 139 1
93 141 1
93 152 1
93 153 1
93 161 1
93 163 1
93 186 1
93 196 1
93 197 1
93 211 1
93 227 1
93 228 1
93 230 1
93 232 1
93 246 1
93 262 1
93 272 1
93 273 1
93 291 1
93 305 1
93 310 1
93 314 1
93 361 1
93 363 1
93 376 1
93 377 1
93 378 1
93 382 1
93 387 1
93 389 1
93 393 1
93 397 1
94 111 1
94 119 1
94 121 1
94 124 1
94 143 1
94 151 1
94 152 1
94 157 1
94 172 1
94 250 1
94 252 1
94 259 1
94 263 1
94 278 1
94 282 1
94 293 1
94 317 1
94 320 1
94 333 1
94 356 1
94 374 1
94 386 1
95 102 1
95 108 1
95 116 1
95 120 1
95 122 1
95 128 1
95 129 1
95 137 1
95 143 1
95 148 1
95 155 1
95 156 1
95 158 1
95 170 1
95 179 1
95 188 1
95 189 1
95 197 1
95 199 1
95 203 1
95 223 1
95 226 1
95 228 1
95 234 1
95 236 1
95 242 1
95 244 1
95 245 1
95 267 1
95 268 1
95 269 1
95 274 1
95 276 1
95 282 1
95 283 1
95 292 1
95 294 1
95 299 1
95 305 1
95 308 1
95 325 1
95 328 1
95 336 1
95 338 1
95 341 1
95 344 1
95 354 1
95 355 1
95 378 1
95 388 1
95 399 1
96 122 1
96 142 1
96 151 1
96 167 1
96 200 1
96 203 1
96 226 1
96 233 1
96 238 1
96 239 1
96 292 1
96 310 1
96 312 1
96 354 1
96 355 1
96 362 1
96 371 1
96 373 1
96 375 1
96 380 1
96 386 1
96 388 1
97 99 1
97 126 1
97 128 1
97 132 1
97 155 1
97 160 1
97 211 1
97 212 1
97 244 1
97 249 1
97 252 1
97 255 1
97 258 1
97 261 1
97 266 1
97 292 1
97 332 1
97 343 1
97 353 1
97 371 1
97 379 1
97 387 1
98 128 1
98 145 1
98 152 1
98 165 1
98 190 1
98 200 1
98 204 1
98 220 1
98 226 1
98 231 1
98 244 1
98 274 1
98 281 1
98 300 1
98 301 1
98 302 1
98 304 1
98 362 1
99 118 1
99 127 1
99 128 1
99 140 1
99 144 1
99 148 1
99 175 1
99 183 1
99 184 1
99 198 1
99 208 1
99 236 1
99 251 1
99 259 1
99 263 1
99 268 1
99 278 1
99 303 1
99 314 1
99 324 1
99 349 1
99 350 1
99 360 1
99 368 1
99 371 1
99 378 1
99 384 1
99 386 1
99 393 1
100 102 1
100 103 1
100 115 1
100 139 1
100 153 1
100 158 1
100 159 1
100 168 1
100 177 1
100 192 1
100 193 1
100 205 1
100 211 1
100 214 1
100 231 1
100 234 1
100 237 1
100 244 1
100 257 1
100 273 1
100 286 1
100 292 1
100 301 1
100 307 1
100 308 1
100 320 1
100 322 1
100 329 1
100 335 1
100 369 1
100 372 1
100 373 1
100 385 1
101 112 1
101 113 1
101 117 1
101 156 1
101 177 1
101 178 1
101 183 1
101 187 1
101 191 1
101 200 1
101 204 1
101 225 1
101 229 1
101 238 1
101 262 1
101 266 1
101 298 1
101 313 1
101 324 1
101 328 1
101 333 1
101 338 1
101 345 1
101 348 1
101 349 1
101 360 1
101 362 1
101 371 1
102 118 1
102 120 1
102 123 1
102 124 1
102 138 1
102 140 1
102 159 1
102 168 1
102 186 1
102 187 1
102 190 1
102 199 1
102 206 1
102 214 1
102 223 1
102 226 1
102 231 1
102 234 1
102 235 1
102 253 1
102 264 1
102 270 1
102 274 1
102 285 1
102 296 1
102 326 1
102 333 1
102 349 1
102 351 1
102 367 1
102 374 1
102 376 1
102 382 1
102 390 1
102 399 1
103 107 1
103 119 1
103 129 1
103 134 1
103 182 1
103 190 1
103 226 1
103 228 1
103 246 1
103 272 1
103 300 1
103 327 1
103 332 1
103 354 1
103 359 1
103 364 1
104 112 1
104 119 1
104 129 1
104 157 1
104 166 1
104 179 1
104 180 1
104 190 1
104 234 1
104 239 1
104 241 1
104 242 1
104 244 1
104 252 1
104 253 1
104 256 1
104 261 1
104 274 1
104 275 1
104 279 1
104 281 1
104 287 1
104 288 1
104 304 1
104 314 1
104 315 1
104 333 1
104 346 1
104 347 1
104 352 1
104 363 1
104 366 1
104 369 1
104 374 1
104 378 1
104 379 1
104 387 1
104 391 1
104 393 1
104 395 1
104 400 1
105 128 1
105 145 1
105 168 1
105 185 1
105 187 1
105 209 1
105 214 1
105 223 1
105 241 1
105 248 1
105 274 1
105 293 1
105 308 1
105 324 1
105 334 1
105 350 1
105 366 1
105 374 1
105 382 1
105 392 1
106 121 1
106 133 1
106 146 1
106 159 1
106 173 1
106 195 1
106 203 1
106 207 1
106 221 1
106 247 1
106 259 1
106 267 1
106 277 1
106 279 1
106 298 1
106 299 1
106 309 1
106 316 1
106 323 1
106 357 1
106 362 1
106 365 1
107 112 1
107 114 1
107 125 1
107 130 1
107 135 1
107 148 1
107 154 1
107 161 1
107 168 1
107 180 1
107 182 1
107 205 1
107 206 1
107 221 1
107 235 1
107 238 1
107 242 1
107 261 1
107 263 1
107 267 1
107 291 1
107 296 1
107 299 1
107 301 1
107 307 1
107 321 1
107 323 1
107 338 1
107 347 1
107 366 1
107 377 1
107 381 1
107 383 1
107 386 1
107 388 1
107 396 1
107 397 1
107 400 1
108 117 1
108 124 1
108 129 1
108 133 1
108 135 1
108 143 1
108 148 1
108 151 1
108 191 1
108 192 1
108 197 1
108 226 1
108 228 1
108 243 1
108 254 1
108 268 1
108 269 1
108 272 1
108 276 1
108 277 1
108 282 1
108 296 1
108 300 1
108 304 1
108 305 1
108 328 1
108 333 1
108 335 1
108 363 1
108 375 1
108 383 1
108 385 1
108 389 1
109 114 1
109 118 1
109 128 1
109 131 1
109 133 1
109 141 1
109 166 1
109 178 1
109 195 1
109 196 1
109 202 1
109 212 1
109 225 1
109 226 1
109 229 1
109 232 1
109 245 1
109 257 1
109 267 1
109 277 1
109 279 1
109 298 1
109 329 1
109 334 1
109 335 1
109 344 1
109 348 1
109 378 1
109 391 1
109 392 1
110 113 1
110 115 1
110 119 1
110 124 1
110 133 1
110 139 1
110 140 1
110 143 1
110 148 1
110 154 1
110 169 1
110 178 1
110 184 1
110 186 1
110 193 1
110 209 1
110 247 1
110 248 1
110 249 1
110 251 1
110 254 1
110 259 1
110 271 1
110 286 1
110 289 1
110 296 1
110 298 1
110 304 1
110 305 1
110 348 1
110 350 1
110 356 1
110 365 1
110 372 1
110 376 1
110 392 1
110 393 1
111 123 1
111 137 1
111 144 1
111 157 1
111 166 1
111 172 1
111 177 1
111 188 1
111 218 1
111 219 1
111 229 1
111 242 1
111 255 1
111 256 1
111 275 1
111 292 1
111 297 1
111 309 1
111 322 1
111 336 1
111 338 1
111 346 1
111 349 1
111 355 1
111 359 1
111 360 1
111 392 1
111 393 1
111 399 1
112 113 1
112 117 1
112 122 1
112 125 1
112 127 1
112 140 1
112 143 1
112 164 1
112 179 1
112 185 1
112 190 1
112 191 1
112 192 1
112 195 1
112 202 1
112 213 1
112 222 1
112 225 1
112 239 1
112 262 1
112 278 1
112 279 1
112 292 1
112 298 1
112 304 1
112 313 1
112 325 1
112 336 1
112 337 1
112 338 1
112 341 1
112 346 1
112 348 1
112 354 1
112 360 1
112 386 1
112 393 1
112 396 1
112 398 1
113 116 1
113 117 1
113 126 1
113 127 1
113 129 1
113 132 1
113 137 1
113 150 1
113 168 1
113 174 1
113 181 1
113 189 1
113 214 1
113 222 1
113 258 1
113 262 1
113 282 1
113 295 1
113 305 1
113 330 1
113 354 1
113 370 1
113 382 1
113 393 1
114 121 1
114 125 1
114 131 1
114 132 1
114 133 1
114 154 1
114 155 1
114 178 1
114 188 1
114 194 1
114 196 1
114 205 1
114 206 1
114 207 1
114 231 1
114 243 1
114 259 1
114 261 1
114 263 1
114 270 1
114 308 1
114 325 1
114 328 1
114 337 1
114 345 1
114 346 1
114 347 1
114 377 1
114 378 1
115 121 1
115 144 1
115 169 1
115 174 1
115 187 1
115 199 1
115 210 1
115 213 1
115 215 1
115 224 1
115 227 1
115 246 1
115 259 1
115 282 1
115 308 1
115 319 1
115 340 1
115 353 1
115 375 1
115 376 1
115 379 1
115 393 1
115 397 1
115 400 1
116 119 1
116 126 1
116 128 1
116 141 1
116 145 1
116 148 1
116 161 1
116 168 1
116 173 1
116 184 1
116 194 1
116 201 1
116 203 1
116 206 1
116 216 1
116 219 1
116 230 1
116 237 1
116 251 1
116 253 1
116 275 1
116 278 1
116 287 1
116 308 1
116 323 1
116 348 1
116 353 1
116 360 1
116 373 1
116 374 1
116 395 1
117 118 1
117 124 1
117 151 1
117 154 1
117 171 1
117 190 1
117 201 1
117 214 1
117 226 1
117 230 1
117 231 1
117 241 1
117 245 1
117 262 1
117 264 1
117 293 1
117 311 1
117 312 1
117 313 1
117 323 1
117 337 1
117 338 1
117 371 1
117 392 1
117 393 1
118 120 1
118 121 1
118 129 1
118 139 1
118 155 1
118 161 1
118 163 1
118 169 1
118 186 1
118 198 1
118 211 1
118 232 1
118 234 1
118 278 1
118 297 1
118 305 1
118 319 1
118 351 1
118 359 1
118 377 1
118 385 1
118 400 1
119 121 1
119 134 1
119 135 1
119 136 1
119 146 1
119 147 1
119 150 1
119 151 1
119 154 1
119 155 1
119 166 1
119 171 1
119 180 1
119 181 1
119 188 1
119 195 1
119 197 1
119 202 1
119 230 1
119 234 1
119 236 1
119 247 1
119 258 1
119 259 1
119 270 1
119 280 1
119 295 1
119 305 1
119 312 1
119 325 1
119 326 1
119 331 1
119 336 1
119 337 1
119 341 1
119 346 1
119 362 1
119 368 1
119 385 1
119 386 1
119 389 1
119 392 1
119 393 1
119 394 1
120 124 1
120 125 1
120 138 1
120 158 1
120 167 1
120 173 1
120 175 1
120 178 1
120 199 1
120 203 1
120 216 1
120 234 1
120 254 1
120 267 1
120 272 1
120 285 1
120 291 1
120 299 1
120 300 1
120 315 1
120 324 1
120 348 1
120 353 1
120 359 1
120 360 1
120 365 1
120 373 1
120 378 1
120 390 1
120 393 1
121 123 1
121 141 1
121 153 1
121 163 1
121 167 1
121 173 1
121 177 1
121 181 1
121 186 1
121 204 1
121 207 1
121 221 1
121 222 1
121 230 1
121 247 1
121 259 1
121 279 1
121 300 1
121 341 1
121 342 1
121 345 1
121 350 1
121 365 1
121 377 1
121 388 1
121 392 1
121 398 1
122 123 1
122 126 1
122 144 1
122 153 1
122 180 1
122 195 1
122 200 1
122 205 1
122 213 1
122 218 1
122 232 1
122 233 1
122 237 1
122 251 1
122 252 1
122 260 1
122 261 1
122 270 1
122 273 1
122 280 1
122 287 1
122 295 1
122 299 1
122 306 1
122 321 1
122 323 1
122 354 1
122 362 1
122 366 1
122 387 1
123 128 1
123 145 1
123 150 1
123 161 1
123 186 1
123 209 1
123 210 1
123 211 1
123 223 1
123 224 1
123 234 1
123 253 1
123 255 1
123 268 1
123 283 1
123 293 1
123 295 1
123 299 1
123 320 1
123 325 1
123 329 1
123 352 1
123 354 1
123 359 1
123 362 1
123 369 1
123 386 1
124 125 1
124 131 1
124 133 1
124 138 1
124 147 1
124 148 1
124 150 1
124 158 1
124 165 1
124 168 1
124 169 1
124 171 1
124 184 1
124 217 1
124 233 1
124 234 1
124 237 1
124 253 1
124 259 1
124 275 1
124 278 1
124 279 1
124 285 1
124 289 1
124 291 1
124 293 1
124 307 1
124 328 1
124 329 1
124 352 1
124 367 1
124 374 1
124 380 1
124 388 1
124 390 1
124 395 1
124 396 1
125 135 1
125 147 1
125 148 1
125 152 1
125 153 1
125 159 1
125 170 1
125 201 1
125 204 1
125 206 1
125 215 1
125 226 1
125 228 1
125 232 1
125 236 1
125 241 1
125 248 1
125 262 1
125 270 1
125 271 1
125 273 1
125 277 1
125 278 1
125 279 1
125 302 1
125 304 1
125 310 1
125 314 1
125 320 1
125 325 1
125 343 1
125 348 1
125 353 1
125 361 1
125 377 1
125 397 1
126 127 1
126 140 1
126 149 1
126 187 1
126 192 1
126 218 1
126 225 1
126 226 1
126 230 1
126 236 1
126 255 1
126 261 1
126 267 1
126 280 1
126 287 1
126 300 1
126 348 1
126 353 1
126 366 1
126 382 1
126 386 1
127 129 1
127 137 1
127 150 1
127 157 1
127 168 1
127 175 1
127 189 1
127 219 1
127 263 1
127 282 1
127 297 1
127 317 1
127 372 1
127 382 1
127 387 1
128 155 1
128 182 1
128 193 1
128 211 1
128 230 1
128 255 1
128 261 1
128 266 1
128 268 1
128 293 1
128 340 1
128 358 1
128 359 1
128 371 1
128 379 1
128 389 1
129 137 1
129 142 1
129 147 1
129 152 1
129 183 1
129 191 1
129 194 1
129 217 1
129 223 1
129 225 1
129 228 1
129 229 1
129 233 1
129 254 1
129 269 1
129 276 1
129 282 1
129 294 1
129 303 1
129 311 1
129 321 1
129 337 1
129 339 1
129 355 1
129 381 1
129 388 1
130 137 1
130 147 1
130 154 1
130 169 1
130 179 1
130 184 1
130 194 1
130 201 1
130 204 1
130 206 1
130 209 1
130 216 1
130 222 1
130 229 1
130 237 1
130 238 1
130 242 1
130 245 1
130 256 1
130 260 1
130 263 1
130 264 1
130 275 1
130 280 1
130 292 1
130 315 1
130 348 1
130 349 1
130 356 1
130 365 1
130 372 1
130 376 1
130 377 1
130 380 1
130 396 1
130 397 1
131 136 1
131 141 1
131 150 1
131 154 1
131 166 1
131 169 1
131 183 1
131 185 1
131 190 1
131 191 1
131 192 1
131 196 1
131 201 1
131 203 1
131 212 1
131 220 1
131 234 1
131 251 1
131 257 1
131 263 1
131 268 1
131 272 1
131 280 1
131 337 1
131 342 1
131 353 1
131 365 1
131 366 1
131 367 1
131 368 1
131 375 1
131 391 1
131 394 1
132 137 1
132 138 1
132 139 1
132 153 1
132 174 1
132 199 1
132 202 1
132 203 1
132 210 1
132 223 1
132 232 1
132 239 1
132 252 1
132 283 1
132 311 1
132 314 1
132 316 1
132 337 1
132 341 1
132 351 1
132 357 1
132 365 1
132 366 1
132 374 1
132 377 1
132 395 1
132 398 1
133 134 1
133 175 1
133 178 1
133 194 1
133 219 1
133 222 1
133 231 1
133 259 1
133 297 1
133 305 1
133 306 1
133 318 1
133 328 1
133 338 1
133 343 1
133 345 1
133 359 1
133 364 1
133 369 1
133 379 1
133 389 1
134 135 1
134 139 1
134 145 1
134 155 1
134 189 1
134 190 1
134 218 1
134 226 1
134 238 1
134 245 1
134 251 1
134 258 1
134 291 1
134 312 1
134 331 1
134 333 1
134 335 1
134 336 1
134 350 1
134 374 1
134 389 1
135 147 1
135 157 1
135 159 1
135 162 1
135 163 1
135 201 1
135 204 1
135 211 1
135 220 1
135 236 1
135 243 1
135 258 1
135 259 1
135 262 1
135 282 1
135 290 1
135 326 1
135 343 1
135 351 1
135 354 1
135 359 1
135 363 1
135 385 1
135 387 1
135 391 1
136 140 1
136 146 1
136 152 1
136 167 1
136 168 1
136 171 1
136 180 1
136 188 1
136 193 1
136 206 1
136 219 1
136 237 1
136 240 1
136 243 1
136 244 1
136 247 1
136 254 1
136 289 1
136 293 1
136 295 1
136 301 1
136 311 1
136 317 1
136 322 1
136 337 1
136 340 1
136 357 1
136 359 1
136 378 1
136 385 1
136 392 1
136 393 1
137 140 1
137 148 1
137 150 1
137 168 1
137 180 1
137 189 1
137 196 1
137 211 1
137 219 1
137 251 1
137 254 1
137 263 1
137 271 1
137 282 1
137 304 1
137 310 1
137 314 1
137 326 1
137 331 1
137 358 1
137 375 1
137 382 1
137 383 1
137 391 1
137 393 1
138 157 1
138 160 1
138 171 1
138 207 1
138 212 1
138 215 1
138 228 1
138 245 1
138 257 1
138 262 1
138 265 1
138 292 1
138 305 1
138 313 1
138 314 1
138 330 1
138 350 1
138 354 1
138 362 1
138 364 1
138 370 1
138 374 1
138 397 1
139 161 1
139 164 1
139 186 1
139 224 1
139 232 1
139 242 1
139 243 1
139 262 1
139 265 1
139 272 1
139 276 1
139 304 1
139 305 1
139 358 1
139 359 1
139 376 1
139 397 1
140 141 1
140 142 1
140 144 1
140 145 1
140 169 1
140 176 1
140 178 1
140 180 1
140 185 1
140 189 1
140 191 1
140 198 1
140 204 1
140 206 1
140 218 1
140 230 1
140 232 1
140 238 1
140 252 1
140 257 1
140 278 1
140 281 1
140 283 1
140 284 1
140 289 1
140 297 1
140 318 1
140 320 1
140 341 1
140 343 1
140 352 1
140 353 1
140 359 1
140 364 1
140 370 1
140 381 1
140 394 1
141 143 1
141 147 1
141 149 1
141 188 1
141 195 1
141 196 1
141 197 1
141 198 1
141 212 1
141 221 1
141 234 1
141 247 1
141 251 1
141 254 1
141 257 1
141 259 1
141 267 1
141 268 1
141 283 1
141 291 1
141 292 1
141 315 1
141 316 1
141 326 1
141 334 1
141 360 1
141 366 1
141 370 1
141 371 1
141 375 1
141 391 1
141 395 1
141 397 1
142 143 1
142 158 1
142 170 1
142 173 1
142 176 1
142 180 1
142 185 1
142 206 1
142 219 1
142 230 1
142 241 1
142 249 1
142 263 1
142 265 1
142 284 1
142 304 1
142 317 1
142 331 1
142 341 1
142 351 1
142 353 1
142 354 1
142 363 1
142 372 1
142 384 1
143 144 1
143 156 1
143 162 1
143 167 1
143 170 1
143 175 1
143 190 1
143 191 1
143 192 1
143 206 1
143 210 1
143 218 1
143 234 1
143 240 1
143 256 1
143 257 1
143 266 1
143 272 1
143 278 1
143 286 1
143 300 1
143 305 1
143 326 1
143 327 1
143 346 1
143 347 1
143 348 1
143 354 1
143 363 1
143 369 1
143 378 1
143 382 1
143 399 1
144 145 1
144 155 1
144 158 1
144 176 1
144 186 1
144 187 1
144 194 1
144 199 1
144 202 1
144 205 1
144 213 1
144 214 1
144 216 1
144 222 1
144 274 1
144 288 1
144 290 1
144 309 1
144 317 1
144 321 1
144 333 1
144 336 1
144 337 1
144 342 1
144 356 1
144 366 1
144 371 1
144 383 1
144 386 1
144 396 1
145 146 1
145 154 1
145 155 1
145 162 1
145 169 1
145 172 1
145 183 1
145 205 1
145 230 1
145 231 1
145 242 1
145 243 1
145 244 1
145 247 1
145 251 1
145 267 1
145 278 1
145 282 1
145 291 1
145 295 1
145 296 1
145 304 1
145 307 1
145 325 1
145 333 1
145 346 1
145 355 1
145 361 1
145 374 1
145 382 1
146 149 1
146 157 1
146 174 1
146 179 1
146 181 1
146 192 1
146 196 1
146 203 1
146 207 1
146 220 1
146 228 1
146 233 1
146 244 1
146 248 1
146 251 1
146 252 1
146 258 1
146 259 1
146 260 1
146 288 1
146 293 1
146 297 1
146 305 1
146 306 1
146 310 1
146 319 1
146 331 1
146 338 1
146 346 1
146 352 1
146 360 1
146 372 1
146 378 1
146 379 1
146 383 1
146 384 1
147 159 1
147 162 1
147 173 1
147 201 1
147 204 1
147 215 1
147 222 1
147 236 1
147 276 1
147 293 1
147 305 1
147 336 1
147 343 1
147 359 1
147 397 1
148 160 1
148 161 1
148 163 1
148 185 1
148 189 1
148 200 1
148 226 1
148 230 1
148 238 1
148 245 1
148 254 1
148 257 1
148 265 1
148 295 1
148 316 1
148 325 1
148 328 1
148 332 1
148 339 1
148 342 1
148 344 1
148 347 1
148 352 1
148 362 1
148 365 1
148 366 1
148 376 1
148 382 1
148 385 1
148 389 1
149 157 1
149 160 1
149 165 1
149 192 1
149 196 1
149 197 1
149 203 1
149 226 1
149 242 1
149 253 1
149 257 1
149 260 1
149 270 1
149 285 1
149 287 1
149 293 1
149 294 1
149 330 1
149 332 1
149 347 1
149 351 1
149 358 1
149 377 1
149 385 1
149 397 1
150 155 1
150 165 1
150 168 1
150 172 1
150 180 1
150 182 1
150 189 1
150 193 1
150 198 1
150 206 1
150 208 1
150 214 1
150 231 1
150 241 1
150 243 1
150 244 1
150 247 1
150 256 1
150 261 1
150 275 1
150 308 1
150 318 1
150 340 1
150 348 1
150 353 1
150 382 1
150 393 1
150 394 1
151 152 1
151 158 1
151 160 1
151 166 1
151 172 1
151 175 1
151 179 1
151 182 1
151 188 1
151 205 1
151 207 1
151 216 1
151 221 1
151 227 1
151 228 1
151 232 1
151 233 1
151 238 1
151 252 1
151 276 1
151 279 1
151 291 1
151 304 1
151 308 1
151 312 1
151 314 1
151 319 1
151 327 1
151 332 1
151 338 1
151 343 1
151 347 1
151 366 1
151 388 1
151 389 1
151 393 1
151 394 1
152 153 1
152 155 1
152 162 1
152 188 1
152 207 1
152 208 1
152 218 1
152 222 1
152 224 1
152 237 1
152 247 1
152 250 1
152 253 1
152 256 1
152 258 1
152 268 1
152 274 1
152 280 1
152 287 1
152 290 1
152 294 1
152 314 1
152 327 1
152 330 1
152 331 1
152 332 1
152 336 1
152 342 1
152 356 1
152 360 1
152 381 1
152 386 1
153 155 1
153 156 1
153 173 1
153 174 1
153 191 1
153 195 1
153 210 1
153 219 1
153 238 1
153 240 1
153 243 1
153 252 1
153 263 1
153 267 1
153 270 1
153 272 1
153 274 1
153 282 1
153 286 1
153 292 1
153 300 1
153 339 1
153 341 1
153 351 1
153 356 1
153 359 1
153 362 1
153 367 1
153 375 1
153 377 1
153 380 1
153 388 1
154 155 1
154 162 1
154 165 1
154 166 1
154 172 1
154 183 1
154 189 1
154 195 1
154 197 1
154 208 1
154 222 1
154 230 1
154 231 1
154 246 1
154 254 1
154 257 1
154 267 1
154 271 1
154 272 1
154 285 1
154 288 1
154 292 1
154 293 1
154 296 1
154 307 1
154 308 1
154 325 1
154 344 1
154 359 1
154 369 1
154 374 1
154 375 1
154 381 1
154 384 1
154 397 1
154 399 1
155 156 1
155 161 1
155 164 1
155 185 1
155 213 1
155 226 1
155 236 1
155 257 1
155 258 1
155 261 1
155 263 1
155 264 1
155 282 1
155 295 1
155 311 1
155 317 1
155 321 1
155 331 1
155 336 1
155 346 1
155 350 1
155 351 1
155 356 1
155 359 1
155 368 1
155 372 1
155 375 1
155 389 1
156 158 1
156 195 1
156 219 1
156 229 1
156 243 1
156 249 1
156 252 1
156 254 1
156 262 1
156 276 1
156 277 1
156 285 1
156 286 1
156 290 1
156 306 1
156 317 1
156 332 1
156 383 1
156 385 1
157 171 1
157 172 1
157 179 1
157 183 1
157 185 1
157 197 1
157 213 1
157 218 1
157 226 1
157 250 1
157 261 1
157 280 1
157 283 1
157 297 1
157 298 1
157 308 1
157 314 1
157 321 1
157 333 1
157 345 1
157 348 1
157 350 1
157 359 1
157 367 1
157 373 1
157 375 1
158 164 1
158 170 1
158 173 1
158 176 1
158 179 1
158 194 1
158 201 1
158 205 1
158 209 1
158 213 1
158 218 1
158 226 1
158 236 1
158 239 1
158 242 1
158 251 1
158 255 1
158 283 1
158 288 1
158 290 1
158 298 1
158 299 1
158 312 1
158 328 1
158 334 1
158 337 1
158 338 1
158 342 1
158 350 1
158 370 1
158 374 1
158 376 1
158 378 1
158 394 1
159 160 1
159 163 1
159 201 1
159 204 1
159 215 1
159 236 1
159 269 1
159 278 1
159 297 1
159 305 1
159 330 1
159 359 1
159 383 1
160 163 1
160 180 1
160 202 1
160 203 1
160 209 1
160 238 1
160 265 1
160 267 1
160 279 1
160 281 1
160 289 1
160 325 1
160 329 1
160 332 1
160 345 1
160 348 1
160 349 1
160 362 1
160 376 1
160 398 1
161 169 1
161 175 1
161 186 1
161 224 1
161 228 1
161 232 1
161 242 1
161 252 1
161 288 1
161 319 1
161 330 1
162 167 1
162 170 1
162 186 1
162 194 1
162 199 1
162 233 1
162 272 1
162 280 1
162 284 1
162 286 1
162 294 1
162 303 1
162 308 1
162 323 1
162 327 1
162 344 1
162 349 1
162 357 1
162 363 1
162 373 1
162 378 1
162 398 1
163 171 1
163 185 1
163 197 1
163 201 1
163 213 1
163 241 1
163 254 1
163 257 1
163 265 1
163 270 1
163 272 1
163 286 1
163 298 1
163 309 1
163 326 1
163 332 1
163 357 1
163 360 1
163 362 1
163 366 1
163 367 1
163 376 1
163 389 1
163 392 1
163 393 1
164 169 1
164 170 1
164 171 1
164 173 1
164 204 1
164 206 1
164 221 1
164 231 1
164 245 1
164 250 1
164 254 1
164 267 1
164 268 1
164 270 1
164 282 1
164 303 1
164 304 1
164 321 1
164 322 1
164 328 1
164 343 1
164 370 1
164 375 1
164 378 1
164 380 1
164 381 1
164 383 1
165 168 1
165 192 1
165 194 1
165 199 1
165 214 1
165 217 1
165 218 1
165 220 1
165 222 1
165 237 1
165 239 1
165 244 1
165 263 1
165 297 1
165 302 1
165 303 1
165 304 1
165 308 1
165 309 1
165 338 1
165 352 1
165 354 1
165 357 1
165 360 1
165 369 1
165 381 1
165 385 1
166 172 1
166 178 1
166 180 1
166 189 1
166 190 1
166 193 1
166 211 1
166 230 1
166 238 1
166 239 1
166 244 1
166 247 1
166 262 1
166 269 1
166 283 1
166 305 1
166 310 1
166 314 1
166 315 1
166 318 1
166 326 1
166 331 1
166 337 1
166 342 1
166 346 1
166 348 1
166 351 1
166 352 1
166 355 1
166 395 1
167 173 1
167 176 1
167 182 1
167 207 1
167 212 1
167 215 1
167 222 1
167 225 1
167 230 1
167 288 1
167 290 1
167 317 1
167 337 1
167 343 1
167 346 1
167 347 1
167 377 1
167 378 1
167 388 1
167 391 1
168 189 1
168 196 1
168 198 1
168 214 1
168 244 1
168 246 1
168 252 1
168 326 1
168 330 1
168 331 1
168 332 1
168 343 1
168 347 1
168 351 1
168 358 1
168 364 1
168 382 1
168 384 1
168 400 1
169 170 1
169 178 1
169 184 1
169 212 1
169 228 1
169 230 1
169 233 1
169 236 1
169 239 1
169 240 1
169 259 1
169 270 1
169 272 1
169 279 1
169 295 1
169 298 1
169 301 1
169 307 1
169 343 1
169 360 1
169 371 1
169 385 1
169 393 1
169 394 1
169 395 1
170 186 1
170 194 1
170 197 1
170 203 1
170 216 1
170 222 1
170 228 1
170 231 1
170 235 1
170 245 1
170 272 1
170 278 1
170 299 1
170 304 1
170 316 1
170 324 1
170 326 1
170 327 1
170 336 1
170 345 1
170 363 1
170 369 1
170 373 1
170 383 1
170 389 1
170 393 1
171 193 1
171 210 1
171 212 1
171 219 1
171 227 1
171 245 1
171 246 1
171 258 1
171 263 1
171 269 1
171 278 1
171 313 1
171 314 1
171 326 1
171 340 1
171 350 1
171 361 1
171 362 1
171 374 1
171 379 1
171 385 1
171 389 1
171 397 1
172 177 1
172 184 1
172 186 1
172 188 1
172 194 1
172 197 1
172 206 1
172 209 1
172 239 1
172 297 1
172 303 1
172 316 1
172 357 1
172 359 1
172 362 1
172 371 1
172 386 1
172 398 1
173 179 1
173 181 1
173 207 1
173 209 1
173 211 1
173 213 1
173 217 1
173 218 1
173 226 1
173 232 1
173 243 1
173 259 1
173 266 1
173 268 1
173 270 1
173 274 1
173 277 1
173 281 1
173 286 1
173 315 1
173 349 1
173 352 1
173 355 1
173 374 1
173 376 1
173 378 1
173 380 1
173 382 1
173 389 1
173 394 1
174 200 1
174 210 1
174 223 1
174 233 1
174 238 1
174 252 1
174 289 1
174 296 1
174 303 1
174 346 1
174 348 1
174 349 1
174 351 1
174 368 1
174 371 1
174 377 1
175 179 1
175 186 1
175 191 1
175 193 1
175 194 1
175 203 1
175 204 1
175 208 1
175 211 1
175 217 1
175 237 1
175 238 1
175 248 1
175 266 1
175 268 1
175 272 1
175 279 1
175 282 1
175 292 1
175 293 1
175 298 1
175 309 1
175 316 1
175 321 1
175 324 1
175 326 1
175 328 1
175 333 1
175 341 1
175 342 1
175 344 1
175 356 1
175 384 1
175 386 1
175 393 1
176 186 1
176 191 1
176 200 1
176 205 1
176 209 1
176 213 1
176 245 1
176 266 1
176 279 1
176 288 1
176 290 1
176 301 1
176 307 1
176 334 1
176 335 1
176 342 1
176 366 1
176 382 1
177 197 1
177 205 1
177 212 1
177 219 1
177 224 1
177 243 1
177 244 1
177 247 1
177 252 1
177 257 1
177 259 1
177 302 1
177 306 1
177 309 1
177 310 1
177 322 1
177 351 1
178 179 1
178 194 1
178 200 1
178 205 1
178 208 1
178 231 1
178 265 1
178 281 1
178 295 1
178 316 1
178 328 1
178 345 1
178 346 1
178 359 1
178 374 1
179 202 1
179 220 1
179 226 1
179 231 1
179 233 1
179 242 1
179 247 1
179 249 1
179 333 1
179 334 1
179 344 1
179 349 1
179 356 1
179 378 1
179 392 1
180 185 1
180 189 1
180 206 1
180 222 1
180 227 1
180 233 1
180 246 1
180 252 1
180 253 1
180 261 1
180 283 1
180 284 1
180 291 1
180 297 1
180 306 1
180 314 1
180 327 1
180 338 1
180 341 1
180 342 1
180 344 1
180 353 1
180 354 1
181 184 1
181 193 1
181 201 1
181 202 1
181 215 1
181 217 1
181 231 1
181 236 1
181 242 1
181 243 1
181 255 1
181 267 1
181 274 1
181 283 1
181 295 1
181 297 1
181 312 1
181 314 1
181 315 1
181 317 1
181 322 1
181 324 1
181 328 1
181 330 1
181 346 1
181 356 1
181 357 1
181 368 1
181 378 1
181 395 1
182 194 1
182 232 1
182 251 1
182 256 1
182 263 1
182 267 1
182 284 1
182 286 1
182 294 1
182 311 1
182 337 1
182 339 1
182 348 1
182 355 1
182 357 1
182 365 1
182 374 1
182 383 1
182 388 1
182 396 1
182 400 1
183 205 1
183 212 1
183 222 1
183 227 1
183 259 1
183 265 1
183 267 1
183 272 1
183 296 1
183 302 1
183 304 1
183 307 1
183 325 1
183 326 1
183 364 1
183 372 1
183 391 1
183 397 1
183 399 1
184 188 1
184 191 1
184 193 1
184 198 1
184 209 1
184 233 1
184 242 1
184 252 1
184 278 1
184 292 1
184 301 1
184 330 1
184 338 1
184 342 1
184 353 1
184 373 1
184 385 1
184 394 1
185 206 1
185 215 1
185 219 1
185 220 1
185 262 1
185 284 1
185 332 1
185 338 1
185 341 1
185 358 1
185 361 1
185 397 1
186 200 1
186 230 1
186 232 1
186 233 1
186 236 1
186 251 1
186 265 1
186 272 1
186 273 1
186 289 1
186 291 1
186 306 1
186 327 1
186 332 1
186 343 1
186 359 1
186 364 1
186 377 1
186 381 1
186 382 1
186 393 1
187 199 1
187 205 1
187 213 1
187 234 1
187 248 1
187 258 1
187 259 1
187 270 1
187 273 1
187 275 1
187 282 1
187 297 1
187 308 1
187 310 1
187 331 1
187 342 1
187 369 1
187 375 1
187 385 1
187 391 1
187 393 1
187 394 1
187 399 1
188 191 1
188 197 1
188 209 1
188 228 1
188 230 1
188 232 1
188 233 1
188 257 1
188 273 1
188 274 1
188 285 1
188 291 1
188 301 1
188 338 1
188 359 1
188 369 1
188 373 1
188 375 1
188 394 1
188 398 1
189 191 1
189 205 1
189 211 1
189 231 1
189 253 1
189 261 1
189 278 1
189 289 1
189 305 1
189 316 1
189 317 1
189 320 1
189 356 1
189 360 1
189 379 1
189 382 1
189 394 1
189 397 1
190 195 1
190 206 1
190 226 1
190 241 1
190 242 1
190 246 1
190 250 1
190 254 1
190 260 1
190 300 1
190 302 1
190 327 1
190 351 1
190 352 1
190 356 1
190 375 1
190 378 1
190 382 1
191 196 1
191 200 1
191 204 1
191 209 1
191 213 1
191 219 1
191 233 1
191 250 1
191 253 1
191 258 1
191 263 1
191 269 1
191 270 1
191 276 1
191 287 1
191 290 1
191 301 1
191 335 1
191 357 1
191 358 1
191 373 1
191 391 1
192 193 1
192 203 1
192 260 1
192 269 1
192 285 1
192 293 1
192 305 1
192 318 1
192 340 1
192 397 1
193 205 1
193 213 1
193 217 1
193 226 1
193 232 1
193 235 1
193 237 1
193 243 1
193 249 1
193 250 1
193 251 1
193 259 1
193 271 1
193 283 1
193 284 1
193 291 1
193 298 1
193 303 1
193 305 1
193 315 1
193 320 1
193 328 1
193 333 1
193 334 1
193 335 1
193 341 1
193 355 1
193 356 1
193 357 1
193 365 1
193 369 1
193 376 1
193 393 1
193 398 1
194 224 1
194 227 1
194 231 1
194 234 1
194 243 1
194 272 1
194 287 1
194 306 1
194 310 1
194 328 1
194 330 1
194 332 1
194 338 1
194 345 1
194 377 1
195 197 1
195 200 1
195 220 1
195 227 1
195 229 1
195 244 1
195 254 1
195 274 1
195 277 1
195 281 1
195 283 1
195 286 1
195 295 1
195 313 1
195 333 1
195 343 1
195 344 1
195 346 1
195 377 1
195 381 1
195 384 1
195 388 1
195 389 1
195 391 1
196 199 1
196 209 1
196 212 1
196 229 1
196 240 1
196 254 1
196 257 1
196 260 1
196 267 1
196 280 1
196 284 1
196 291 1
196 301 1
196 324 1
196 328 1
196 335 1
196 337 1
196 339 1
196 352 1
196 357 1
196 360 1
196 366 1
196 373 1
196 391 1
196 398 1
197 205 1
197 208 1
197 224 1
197 227 1
197 243 1
197 247 1
197 253 1
197 260 1
197 261 1
197 274 1
197 276 1
197 285 1
197 290 1
197 304 1
197 305 1
197 308 1
197 309 1
197 310 1
197 318 1
197 322 1
197 326 1
197 335 1
197 336 1
197 340 1
197 353 1
197 356 1
197 362 1
197 365 1
197 372 1
198 204 1
198 205 1
198 213 1
198 217 1
198 223 1
198 227 1
198 236 1
198 246 1
198 250 1
198 253 1
198 278 1
198 279 1
198 280 1
198 281 1
198 299 1
198 323 1
198 329 1
198 333 1
198 339 1
198 344 1
198 347 1
198 349 1
198 355 1
198 370 1
198 376 1
198 377 1
198 379 1
198 382 1
198 383 1
198 385 1
198 386 1
198 394 1
198 396 1
199 213 1
199 215 1
199 224 1
199 227 1
199 244 1
199 268 1
199 272 1
199 285 1
199 305 1
199 308 1
199 332 1
199 375 1
199 383 1
200 212 1
200 214 1
200 220 1
200 227 1
200 233 1
200 237 1
200 240 1
200 242 1
200 244 1
200 249 1
200 254 1
200 276 1
200 290 1
200 294 1
200 303 1
200 319 1
200 324 1
200 337 1
200 351 1
200 352 1
200 354 1
200 358 1
200 360 1
200 366 1
200 368 1
200 375 1
200 387 1
200 388 1
200 391 1
200 398 1
201 204 1
201 219 1
201 220 1
201 222 1
201 230 1
201 236 1
201 272 1
201 293 1
201 304 1
201 313 1
201 327 1
201 354 1
201 358 1
201 370 1
201 383 1
202 210 1
202 243 1
202 252 1
202 269 1
202 297 1
202 305 1
202 317 1
202 326 1
202 333 1
202 334 1
202 349 1
202 356 1
202 383 1
202 389 1
202 392 1
202 399 1
203 205 1
203 215 1
203 252 1
203 257 1
203 260 1
203 270 1
203 318 1
203 319 1
203 356 1
203 370 1
203 372 1
203 387 1
204 230 1
204 231 1
204 232 1
204 236 1
204 237 1
204 246 1
204 252 1
204 253 1
204 259 1
204 263 1
204 268 1
204 270 1
204 287 1
204 310 1
204 352 1
204 353 1
204 356 1
204 362 1
204 369 1
204 377 1
205 222 1
205 225 1
205 247 1
205 254 1
205 255 1
205 261 1
205 284 1
205 286 1
205 288 1
205 290 1
205 291 1
205 297 1
205 299 1
205 309 1
205 316 1
205 326 1
205 328 1
205 341 1
205 342 1
205 349 1
205 362 1
205 363 1
205 371 1
205 374 1
205 376 1
205 380 1
205 396 1
205 399 1
206 211 1
206 214 1
206 226 1
206 228 1
206 242 1
206 243 1
206 246 1
206 247 1
206 260 1
206 263 1
206 269 1
206 270 1
206 276 1
206 284 1
206 287 1
206 288 1
206 304 1
206 306 1
206 308 1
206 331 1
206 341 1
206 357 1
206 388 1
207 232 1
207 238 1
207 250 1
207 254 1
207 259 1
207 267 1
207 274 1
207 286 1
207 301 1
207 312 1
207 315 1
207 316 1
207 323 1
207 325 1
207 328 1
207 346 1
207 352 1
207 355 1
207 368 1
207 374 1
207 375 1
207 381 1
208 218 1
208 238 1
208 268 1
208 274 1
208 291 1
208 298 1
208 320 1
208 321 1
208 333 1
208 335 1
208 348 1
208 368 1
208 375 1
208 384 1
208 393 1
208 396 1
209 213 1
209 214 1
209 224 1
209 228 1
209 232 1
209 233 1
209 244 1
209 248 1
209 250 1
209 251 1
209 271 1
209 272 1
209 288 1
209 290 1
209 292 1
209 301 1
209 310 1
209 313 1
209 331 1
209 336 1
209 357 1
209 362 1
209 373 1
209 389 1
209 391 1
209 400 1
210 211 1
210 218 1
210 221 1
210 252 1
210 256 1
210 263 1
210 268 1
210 280 1
210 294 1
210 312 1
210 351 1
210 355 1
210 376 1
210 377 1
210 389 1
210 392 1
211 222 1
211 230 1
211 256 1
211 261 1
211 264 1
211 273 1
211 277 1
211 289 1
211 292 1
211 298 1
211 305 1
211 323 1
211 325 1
211 338 1
211 347 1
211 354 1
211 356 1
211 360 1
211 366 1
211 382 1
211 386 1
211 389 1
211 395 1
211 397 1
212 213 1
212 217 1
212 219 1
212 240 1
212 255 1
212 256 1
212 257 1
212 260 1
212 321 1
212 328 1
212 341 1
212 347 1
212 353 1
212 360 1
212 365 1
212 370 1
212 374 1
212 375 1
212 381 1
212 391 1
212 393 1
213 232 1
213 236 1
213 238 1
213 246 1
213 250 1
213 253 1
213 261 1
213 279 1
213 283 1
213 294 1
213 308 1
213 318 1
213 319 1
213 327 1
213 332 1
213 346 1
213 351 1
213 375 1
213 381 1
213 382 1
213 389 1
213 394 1
213 398 1
214 216 1
214 220 1
214 233 1
214 238 1
214 240 1
214 241 1
214 248 1
214 274 1
214 293 1
214 296 1
214 309 1
214 315 1
214 316 1
214 320 1
214 325 1
214 335 1
214 345 1
214 352 1
214 356 1
214 359 1
214 362 1
214 363 1
214 373 1
214 388 1
214 396 1
214 399 1
215 216 1
215 232 1
215 254 1
215 281 1
215 286 1
215 289 1
215 295 1
215 311 1
215 312 1
215 322 1
215 330 1
215 339 1
215 365 1
215 388 1
215 395 1
215 398 1
216 221 1
216 227 1
216 238 1
216 257 1
216 272 1
216 273 1
216 278 1
216 279 1
216 305 1
216 306 1
216 312 1
216 340 1
216 361 1
216 369 1
216 399 1
217 222 1
217 227 1
217 234 1
217 264 1
217 269 1
217 275 1
217 289 1
217 290 1
217 291 1
217 302 1
217 313 1
217 318 1
217 335 1
217 351 1
217 353 1
217 376 1
218 224 1
218 238 1
218 247 1
218 251 1
218 258 1
218 271 1
218 281 1
218 282 1
218 290 1
218 293 1
218 297 1
218 299 1
218 319 1
218 321 1
218 323 1
218 344 1
218 356 1
218 365 1
218 366 1
218 374 1
218 397 1
219 225 1
219 229 1
219 237 1
219 244 1
219 248 1
219 255 1
219 257 1
219 277 1
219 278 1
219 279 1
219 284 1
219 299 1
219 301 1
219 303 1
219 311 1
219 312 1
219 319 1
219 323 1
219 328 1
219 348 1
219 351 1
219 358 1
219 365 1
219 370 1
219 382 1
219 383 1
219 388 1
219 397 1
219 399 1
220 232 1
220 244 1
220 255 1
220 260 1
220 261 1
220 280 1
220 289 1
220 294 1
220 296 1
220 302 1
220 304 1
220 317 1
220 337 1
220 360 1
220 374 1
220 376 1
220 382 1
221 224 1
221 238 1
221 248 1
221 258 1
221 272 1
221 278 1
221 279 1
221 293 1
221 295 1
221 304 1
221 312 1
221 317 1
221 332 1
221 336 1
221 342 1
221 353 1
221 358 1
221 363 1
222 229 1
222 234 1
222 236 1
222 242 1
222 250 1
222 268 1
222 270 1
222 275 1
222 292 1
222 329 1
222 355 1
222 365 1
222 369 1
222 372 1
222 373 1
222 375 1
222 393 1
223 234 1
223 241 1
223 246 1
223 253 1
223 273 1
223 276 1
223 310 1
223 311 1
223 338 1
223 348 1
223 354 1
223 356 1
223 361 1
223 377 1
223 385 1
223 391 1
223 394 1
223 396 1
223 397 1
223 399 1
224 235 1
224 236 1
224 251 1
224 280 1
224 294 1
224 307 1
224 309 1
224 314 1
224 322 1
224 323 1
224 325 1
224 328 1
224 348 1
224 368 1
224 369 1
224 386 1
225 243 1
225 290 1
225 297 1
225 302 1
225 318 1
225 337 1
225 346 1
225 361 1
225 363 1
225 376 1
225 377 1
225 378 1
225 388 1
226 230 1
226 231 1
226 233 1
226 242 1
226 250 1
226 252 1
226 259 1
226 269 1
226 272 1
226 283 1
226 300 1
226 302 1
226 316 1
226 333 1
226 338 1
226 342 1
226 346 1
226 360 1
226 365 1
226 370 1
226 375 1
226 376 1
226 377 1
226 378 1
226 382 1
226 385 1
226 390 1
227 246 1
227 250 1
227 307 1
227 309 1
227 321 1
227 349 1
227 370 1
227 371 1
227 379 1
227 385 1
227 395 1
228 234 1
228 235 1
228 237 1
228 241 1
228 253 1
228 256 1
228 269 1
228 272 1
228 275 1
228 276 1
228 278 1
228 282 1
228 295 1
228 298 1
228 304 1
228 351 1
228 356 1
228 366 1
228 373 1
228 376 1
228 377 1
228 388 1
228 389 1
229 254 1
229 277 1
229 278 1
229 285 1
229 286 1
229 292 1
229 318 1
229 326 1
229 359 1
229 377 1
229 385 1
229 387 1
230 243 1
230 251 1
230 263 1
230 275 1
230 277 1
230 287 1
230 300 1
230 315 1
230 338 1
230 351 1
230 353 1
230 392 1
231 253 1
231 328 1
231 332 1
231 333 1
231 345 1
231 348 1
231 353 1
231 372 1
231 374 1
231 379 1
231 394 1
232 233 1
232 244 1
232 257 1
232 258 1
232 261 1
232 263 1
232 273 1
232 277 1
232 281 1
232 283 1
232 313 1
232 319 1
232 320 1
232 346 1
232 369 1
232 383 1
232 393 1
233 237 1
233 242 1
233 247 1
233 261 1
233 263 1
233 268 1
233 276 1
233 285 1
233 288 1
233 301 1
233 319 1
233 354 1
233 355 1
233 359 1
233 363 1
233 364 1
233 370 1
233 373 1
233 375 1
233 383 1
233 387 1
233 399 1
234 241 1
234 242 1
234 251 1
234 253 1
234 259 1
234 263 1
234 278 1
234 279 1
234 285 1
234 291 1
234 293 1
234 295 1
234 296 1
234 303 1
234 304 1
234 305 1
234 315 1
234 351 1
234 376 1
234 377 1
234 390 1
234 399 1
235 244 1
235 262 1
235 263 1
235 283 1
235 287 1
235 338 1
235 342 1
235 357 1
235 365 1
235 394 1
235 399 1
236 246 1
236 260 1
236 269 1
236 271 1
236 280 1
236 285 1
236 292 1
236 294 1
236 295 1
236 305 1
236 314 1
236 319 1
236 330 1
236 343 1
236 347 1
236 353 1
236 359 1
236 360 1
236 391 1
237 270 1
237 279 1
237 282 1
237 309 1
237 317 1
237 325 1
237 337 1
237 340 1
237 355 1
237 374 1
237 375 1
237 382 1
237 392 1
238 248 1
238 251 1
238 252 1
238 254 1
238 265 1
238 271 1
238 272 1
238 274 1
238 276 1
238 279 1
238 291 1
238 305 1
238 310 1
238 312 1
238 313 1
238 333 1
238 374 1
238 387 1
238 397 1
239 249 1
239 265 1
239 268 1
239 287 1
239 290 1
239 293 1
239 315 1
239 338 1
239 342 1
239 352 1
239 370 1
239 384 1
239 395 1
239 399 1
240 243 1
240 248 1
240 252 1
240 270 1
240 275 1
240 278 1
240 294 1
240 303 1
240 306 1
240 324 1
240 368 1
240 370 1
240 379 1
240 391 1
240 398 1
241 245 1
241 248 1
241 255 1
241 274 1
241 279 1
241 282 1
241 293 1
241 294 1
241 303 1
241 305 1
241 329 1
241 333 1
241 342 1
241 345 1
241 351 1
241 354 1
241 386 1
241 395 1
242 247 1
242 248 1
242 260 1
242 261 1
242 272 1
242 275 1
242 284 1
242 292 1
242 307 1
242 309 1
242 329 1
242 339 1
242 363 1
242 365 1
242 373 1
242 374 1
242 394 1
243 259 1
243 278 1
243 284 1
243 291 1
243 314 1
243 316 1
243 318 1
243 322 1
243 347 1
243 349 1
243 357 1
243 360 1
243 361 1
243 364 1
243 368 1
243 370 1
243 377 1
243 388 1
243 389 1
244 256 1
244 268 1
244 274 1
244 280 1
244 292 1
244 301 1
244 302 1
244 303 1
244 304 1
244 307 1
244 308 1
244 335 1
244 336 1
244 338 1
244 339 1
244 344 1
244 355 1
244 363 1
244 377 1
244 385 1
244 393 1
244 399 1
245 272 1
245 275 1
245 295 1
245 313 1
245 314 1
245 350 1
245 362 1
245 363 1
245 370 1
245 374 1
245 377 1
245 390 1
246 254 1
246 274 1
246 280 1
246 294 1
246 303 1
246 314 1
246 316 1
246 321 1
246 325 1
246 328 1
246 333 1
246 345 1
246 362 1
246 370 1
246 374 1
246 379 1
246 385 1
246 398 1
247 249 1
247 254 1
247 273 1
247 280 1
247 293 1
247 295 1
247 309 1
247 318 1
247 319 1
247 322 1
247 335 1
247 347 1
247 353 1
247 377 1
247 378 1
247 387 1
247 389 1
247 397 1
248 250 1
248 259 1
248 260 1
248 263 1
248 282 1
248 293 1
248 298 1
248 311 1
248 326 1
248 348 1
248 366 1
249 251 1
249 261 1
249 271 1
249 291 1
249 298 1
249 305 1
249 308 1
249 309 1
249 315 1
249 328 1
249 333 1
249 356 1
249 360 1
249 392 1
249 396 1
250 252 1
250 253 1
250 254 1
250 271 1
250 291 1
250 292 1
250 308 1
250 313 1
250 320 1
250 333 1
250 337 1
250 362 1
250 364 1
250 365 1
250 372 1
250 386 1
250 389 1
250 390 1
250 399 1
251 252 1
251 278 1
251 292 1
251 294 1
251 299 1
251 317 1
251 321 1
251 323 1
251 330 1
251 338 1
251 356 1
251 359 1
251 366 1
251 379 1
251 387 1
252 261 1
252 264 1
252 279 1
252 309 1
252 322 1
252 328 1
252 344 1
252 350 1
252 351 1
252 366 1
252 373 1
252 377 1
252 392 1
252 396 1
253 257 1
253 280 1
253 282 1
253 287 1
253 290 1
253 311 1
253 313 1
253 330 1
253 337 1
253 348 1
253 362 1
253 366 1
253 377 1
253 378 1
253 389 1
253 396 1
253 397 1
253 399 1
253 400 1
254 257 1
254 277 1
254 280 1
254 286 1
254 290 1
254 292 1
254 293 1
254 316 1
254 338 1
254 347 1
254 363 1
254 366 1
254 374 1
254 377 1
254 384 1
254 391 1
254 394 1
254 400 1
255 257 1
255 259 1
255 261 1
255 266 1
255 273 1
255 275 1
255 290 1
255 295 1
255 317 1
255 318 1
255 332 1
255 336 1
255 340 1
255 371 1
255 389 1
256 260 1
256 277 1
256 281 1
256 290 1
256 292 1
256 294 1
256 308 1
256 317 1
256 325 1
256 337 1
256 342 1
256 354 1
256 355 1
256 363 1
256 367 1
256 372 1
256 376 1
256 380 1
256 381 1
256 383 1
256 393 1
256 397 1
257 264 1
257 274 1
257 281 1
257 283 1
257 286 1
257 304 1
257 307 1
257 308 1
257 316 1
257 317 1
257 321 1
257 325 1
257 349 1
257 352 1
257 354 1
257 376 1
257 380 1
257 389 1
257 391 1
257 396 1
257 399 1
258 280 1
258 314 1
258 325 1
258 331 1
258 336 1
258 366 1
258 374 1
258 389 1
258 395 1
259 263 1
259 284 1
259 286 1
259 378 1
259 380 1
259 385 1
259 394 1
259 396 1
260 263 1
260 268 1
260 272 1
260 280 1
260 289 1
260 294 1
260 314 1
260 327 1
260 343 1
260 359 1
260 361 1
260 374 1
260 379 1
260 389 1
261 266 1
261 288 1
261 290 1
261 365 1
261 371 1
261 377 1
261 382 1
261 388 1
261 390 1
262 266 1
262 289 1
262 313 1
262 321 1
262 335 1
262 337 1
262 338 1
262 344 1
262 398 1
263 277 1
263 293 1
263 294 1
263 304 1
263 309 1
263 320 1
263 321 1
263 322 1
263 329 1
263 333 1
263 334 1
263 351 1
263 363 1
263 366 1
263 369 1
263 370 1
263 377 1
263 383 1
263 386 1
263 395 1
263 399 1
263 400 1
264 289 1
264 290 1
264 291 1
264 293 1
264 297 1
264 304 1
264 305 1
264 310 1
264 318 1
264 335 1
264 353 1
264 369 1
264 372 1
264 389 1
264 400 1
265 266 1
265 279 1
265 281 1
265 307 1
265 308 1
265 311 1
265 316 1
265 325 1
265 328 1
265 332 1
265 337 1
265 341 1
265 345 1
265 346 1
265 360 1
265 374 1
265 376 1
266 276 1
266 288 1
266 354 1
266 359 1
266 361 1
266 369 1
266 370 1
266 371 1
267 276 1
267 288 1
267 290 1
267 296 1
267 302 1
267 306 1
267 307 1
267 319 1
267 325 1
267 330 1
267 340 1
267 351 1
267 353 1
267 363 1
267 369 1
267 370 1
268 295 1
268 297 1
268 347 1
268 349 1
268 351 1
268 353 1
268 360 1
268 366 1
268 368 1
268 372 1
268 381 1
268 384 1
268 392 1
268 393 1
268 395 1
268 399 1
269 276 1
269 277 1
269 281 1
269 282 1
269 299 1
269 309 1
270 283 1
270 309 1
270 311 1
270 323 1
270 338 1
270 343 1
270 344 1
270 351 1
270 352 1
270 354 1
270 381 1
270 382 1
270 385 1
270 399 1
271 291 1
271 294 1
271 305 1
271 307 1
271 311 1
271 312 1
271 324 1
271 335 1
271 337 1
271 348 1
271 356 1
271 374 1
271 388 1
272 278 1
272 289 1
272 297 1
272 321 1
272 326 1
272 327 1
272 334 1
272 336 1
272 338 1
272 339 1
272 344 1
272 345 1
272 355 1
272 363 1
272 370 1
272 378 1
272 382 1
272 389 1
272 392 1
273 281 1
273 291 1
273 300 1
273 314 1
273 315 1
273 321 1
273 367 1
273 371 1
273 380 1
274 298 1
274 310 1
274 318 1
274 320 1
274 333 1
274 360 1
274 361 1
274 381 1
274 382 1
274 387 1
274 389 1
274 390 1
274 391 1
275 289 1
275 297 1
275 299 1
275 303 1
275 317 1
275 320 1
275 321 1
275 323 1
275 325 1
275 333 1
275 336 1
275 357 1
275 360 1
275 363 1
275 365 1
275 366 1
275 368 1
275 399 1
276 282 1
276 286 1
276 345 1
276 352 1
276 355 1
276 360 1
276 375 1
276 380 1
276 381 1
277 278 1
277 280 1
277 286 1
277 291 1
277 310 1
277 331 1
277 354 1
277 356 1
277 359 1
277 364 1
277 365 1
277 372 1
277 388 1
277 389 1
278 279 1
278 281 1
278 286 1
278 303 1
278 315 1
278 318 1
278 322 1
278 337 1
278 347 1
278 351 1
278 361 1
278 364 1
278 376 1
278 386 1
279 290 1
279 308 1
279 312 1
279 326 1
279 330 1
279 343 1
279 348 1
279 351 1
279 353 1
279 360 1
279 378 1
279 385 1
280 287 1
280 293 1
280 316 1
280 317 1
280 319 1
280 320 1
280 329 1
280 332 1
280 338 1
280 339 1
280 344 1
280 351 1
280 355 1
280 361 1
280 364 1
280 365 1
280 376 1
280 388 1
280 390 1
280 398 1
281 302 1
281 306 1
281 316 1
281 320 1
281 333 1
281 338 1
281 353 1
281 355 1
281 360 1
281 365 1
281 367 1
281 380 1
281 381 1
281 397 1
282 312 1
282 326 1
282 369 1
282 377 1
282 393 1
282 394 1
283 294 1
283 302 1
283 308 1
283 313 1
283 335 1
283 338 1
283 353 1
283 354 1
283 355 1
283 357 1
283 364 1
283 365 1
283 381 1
283 383 1
283 385 1
284 304 1
284 327 1
284 341 1
284 343 1
284 358 1
284 377 1
284 390 1
285 286 1
285 296 1
285 308 1
285 334 1
285 345 1
285 350 1
285 366 1
285 371 1
285 382 1
285 390 1
286 293 1
286 310 1
286 326 1
286 330 1
286 332 1
286 343 1
286 383 1
286 384 1
286 387 1
287 289 1
287 298 1
287 315 1
287 321 1
287 345 1
287 353 1
287 368 1
287 374 1
287 375 1
287 381 1
287 388 1
288 290 1
288 299 1
288 307 1
288 311 1
288 342 1
288 367 1
288 368 1
288 374 1
289 291 1
289 304 1
289 313 1
289 317 1
289 319 1
289 330 1
289 335 1
289 343 1
289 355 1
289 375 1
289 376 1
289 378 1
289 383 1
289 388 1
289 398 1
290 301 1
290 309 1
290 335 1
290 342 1
290 345 1
290 349 1
290 365 1
290 386 1
291 294 1
291 325 1
291 333 1
291 335 1
291 336 1
291 356 1
291 365 1
291 381 1
291 400 1
292 298 1
292 300 1
292 307 1
292 310 1
292 334 1
292 335 1
292 347 1
292 349 1
292 351 1
292 353 1
292 354 1
292 356 1
292 357 1
292 362 1
292 372 1
292 382 1
292 389 1
293 299 1
293 301 1
293 322 1
293 323 1
293 329 1
293 337 1
293 339 1
293 360 1
293 367 1
293 368 1
293 375 1
293 385 1
293 389 1
293 398 1
294 303 1
294 324 1
294 351 1
294 357 1
294 358 1
294 361 1
294 368 1
294 384 1
294 388 1
294 398 1
295 301 1
295 309 1
295 311 1
295 323 1
295 324 1
295 330 1
295 342 1
295 346 1
295 360 1
295 375 1
295 380 1
295 395 1
296 304 1
296 307 1
296 325 1
296 331 1
296 370 1
296 399 1
297 304 1
297 308 1
297 311 1
297 312 1
297 326 1
297 345 1
297 359 1
297 368 1
297 393 1
298 336 1
298 360 1
298 370 1
298 383 1
298 385 1
298 391 1
299 305 1
299 319 1
299 321 1
299 323 1
299 330 1
299 331 1
299 338 1
299 366 1
300 326 1
300 363 1
300 369 1
300 372 1
300 390 1
301 317 1
301 326 1
301 354 1
301 370 1
301 372 1
301 373 1
301 383 1
301 397 1
301 399 1
302 304 1
302 322 1
302 333 1
302 335 1
302 337 1
302 341 1
302 345 1
302 350 1
302 352 1
302 360 1
302 362 1
302 373 1
302 388 1
303 317 1
303 318 1
303 324 1
303 330 1
303 336 1
303 368 1
303 376 1
303 385 1
303 398 1
304 317 1
304 323 1
304 333 1
304 341 1
304 342 1
304 352 1
304 355 1
304 370 1
304 374 1
305 337 1
305 356 1
305 366 1
306 307 1
306 308 1
306 324 1
306 326 1
306 345 1
306 355 1
306 357 1
306 365 1
306 372 1
306 387 1
306 394 1
307 325 1
307 354 1
307 356 1
307 361 1
307 377 1
307 385 1
307 389 1
308 316 1
308 318 1
308 320 1
308 340 1
308 354 1
308 355 1
308 360 1
308 375 1
308 377 1
308 393 1
309 319 1
309 322 1
309 353 1
309 364 1
309 376 1
309 387 1
310 311 1
310 333 1
310 354 1
310 355 1
310 365 1
310 368 1
310 382 1
311 317 1
311 343 1
311 348 1
311 356 1
311 377 1
311 383 1
311 387 1
311 391 1
311 396 1
312 313 1
312 318 1
312 389 1
313 338 1
313 349 1
314 343 1
314 350 1
314 355 1
314 362 1
314 365 1
314 366 1
314 374 1
314 382 1
315 318 1
315 336 1
315 338 1
315 347 1
315 352 1
315 363 1
315 376 1
315 384 1
315 391 1
315 395 1
316 320 1
316 329 1
316 335 1
316 336 1
316 339 1
316 344 1
316 356 1
316 365 1
316 366 1
316 372 1
316 377 1
316 384 1
316 391 1
316 400 1
317 324 1
317 329 1
317 339 1
317 340 1
317 345 1
317 347 1
317 355 1
317 360 1
317 373 1
317 388 1
318 337 1
318 344 1
318 347 1
318 348 1
318 361 1
318 364 1
318 371 1
318 373 1
318 380 1
319 334 1
319 341 1
319 358 1
319 380 1
319 382 1
319 397 1
319 399 1
320 326 1
320 329 1
320 330 1
320 339 1
320 343 1
320 344 1
320 347 1
320 356 1
320 361 1
320 363 1
320 372 1
320 388 1
321 323 1
321 330 1
321 361 1
321 366 1
321 369 1
321 372 1
321 397 1
322 369 1
322 390 1
323 351 1
323 359 1
323 366 1
323 390 1
323 391 1
323 393 1
323 399 1
323 400 1
324 327 1
324 356 1
324 359 1
324 363 1
324 364 1
324 368 1
324 369 1
324 385 1
324 393 1
324 394 1
324 398 1
324 400 1
325 364 1
325 365 1
325 375 1
325 379 1
325 391 1
326 333 1
326 339 1
326 368 1
326 371 1
326 372 1
326 376 1
326 386 1
326 387 1
326 394 1
326 396 1
327 334 1
327 363 1
327 366 1
327 395 1
327 398 1
328 345 1
329 339 1
329 340 1
329 344 1
329 364 1
329 377 1
329 397 1
329 399 1
330 334 1
330 335 1
330 339 1
330 375 1
330 380 1
331 336 1
331 355 1
331 367 1
331 389 1
331 398 1
332 334 1
332 346 1
332 357 1
332 366 1
332 376 1
332 398 1
333 334 1
333 349 1
333 351 1
333 352 1
333 362 1
333 376 1
333 382 1
333 392 1
333 397 1
334 349 1
334 387 1
334 392 1
335 352 1
335 357 1
335 364 1
335 370 1
335 374 1
335 394 1
336 339 1
336 351 1
336 355 1
336 365 1
336 368 1
336 381 1
336 383 1
336 385 1
336 389 1
337 344 1
337 346 1
337 369 1
337 378 1
337 385 1
337 388 1
337 390 1
337 400 1
338 339 1
338 356 1
338 360 1
338 368 1
338 374 1
338 376 1
339 340 1
339 344 1
339 369 1
340 346 1
340 388 1
340 395 1
341 342 1
341 390 1
341 397 1
341 400 1
342 360 1
343 346 1
343 349 1
343 382 1
344 357 1
344 374 1
344 389 1
344 393 1
345 361 1
345 400 1
346 358 1
346 375 1
346 378 1
346 381 1
346 388 1
347 361 1
347 364 1
347 389 1
347 399 1
348 354 1
348 363 1
348 376 1
348 388 1
348 396 1
348 397 1
348 400 1
349 376 1
349 377 1
349 391 1
349 392 1
350 362 1
350 364 1
350 369 1
350 370 1
350 374 1
350 376 1
350 400 1
351 355 1
351 356 1
351 357 1
351 368 1
351 369 1
351 372 1
351 377 1
352 360 1
352 366 1
352 370 1
352 383 1
352 390 1
352 393 1
352 395 1
352 400 1
353 356 1
353 365 1
353 383 1
353 385 1
353 394 1
353 396 1
354 369 1
354 382 1
354 386 1
354 389 1
354 398 1
355 361 1
355 367 1
355 380 1
355 381 1
356 362 1
356 368 1
356 369 1
356 377 1
356 389 1
356 393 1
356 396 1
357 365 1
357 375 1
357 381 1
357 387 1
357 388 1
357 389 1
357 398 1
357 400 1
358 360 1
358 373 1
358 375 1
358 380 1
358 397 1
358 399 1
359 368 1
359 378 1
359 393 1
359 394 1
360 362 1
360 363 1
360 364 1
360 385 1
361 364 1
362 374 1
362 382 1
363 371 1
363 378 1
363 392 1
363 396 1
364 368 1
364 371 1
364 392 1
364 398 1
365 374 1
365 376 1
365 383 1
366 377 1
366 387 1
367 376 1
367 379 1
367 380 1
367 381 1
368 379 1
368 398 1
369 375 1
369 397 1
370 379 1
370 383 1
370 385 1
370 386 1
371 387 1
371 389 1
371 397 1
372 375 1
372 377 1
372 387 1
372 388 1
372 394 1
374 379 1
375 377 1
375 382 1
375 391 1
375 397 1
375 399 1
376 396 1
376 397 1
377 381 1
377 385 1
377 388 1
377 396 1
378 388 1
378 389 1
379 380 1
379 385 1
380 381 1
381 383 1
381 384 1
381 393 1
381 400 1
382 384 1
382 393 1
383 386 1
383 398 1
383 400 1
384 393 1
385 394 1
385 397 1
387 394 1
389 392 1
389 394 1
393 396 1
393 399 1
397 399 1
