200 6032
1 10 1
1 12 1
1 13 1
1 18 1
1 20 1
1 23 1
1 24 1
1 25 1
1 29 1
1 32 1
1 35 1
1 40 1
1 41 1
1 42 1
1 44 1
1 53 1
1 56 1
1 62 1
1 65 1
1 70 1
1 71 1
1 76 1
1 83 1
1 85 1
1 86 1
1 87 1
1 92 1
1 93 1
1 95 1
1 100 1
1 101 1
1 109 1
1 112 1
1 117 1
1 122 1
1 123 1
1 124 1
1 129 1
1 132 1
1 133 1
1 136 1
1 142 1
1 145 1
1 148 1
1 150 1
1 154 1
1 156 1
1 167 1
1 168 1
1 175 1
1 177 1
1 184 1
1 187 1
1 190 1
1 191 1
1 192 1
1 193 1
1 198 1
2 5 1
2 7 1
2 9 1
2 10 1
2 12 1
2 19 1
2 23 1
2 26 1
2 30 1
2 34 1
2 39 1
2 41 1
2 48 1
2 52 1
2 57 1
2 62 1
2 65 1
2 67 1
2 69 1
2 72 1
2 73 1
2 77 1
2 80 1
2 83 1
2 95 1
2 104 1
2 105 1
2 112 1
2 113 1
2 115 1
2 117 1
2 119 1
2 125 1
2 137 1
2 145 1
2 152 1
2 155 1
2 157 1
2 160 1
2 162 1
2 177 1
2 178 1
2 179 1
2 183 1
2 184 1
2 185 1
2 186 1
2 198 1
3 5 1
3 6 1
3 7 1
3 16 1
3 24 1
3 29 1
3 33 1
3 34 1
3 35 1
3 37 1
3 41 1
3 44 1
3 46 1
3 60 1
3 62 1
3 64 1
3 74 1
3 82 1
3 83 1
3 91 1
3 96 1
3 98 1
3 100 1
3 102 1
3 104 1
3 107 1
3 109 1
3 111 1
3 114 1
3 117 1
3 126 1
3 128 1
3 131 1
3 134 1
3 135 1
3 136 1
3 137 1
3 138 1
3 139 1
3 140 1
3 142 1
3 151 1
3 152 1
3 157 1
3 162 1
3 175 1
3 179 1
3 180 1
3 181 1
3 182 1
3 183 1
3 185 1
3 186 1
3 189 1
3 195 1
3 196 1
4 6 1
4 12 1
4 13 1
4 14 1
4 15 1
4 18 1
4 19 1
4 21 1
4 24 1
4 25 1
4 30 1
4 32 1
4 36 1
4 40 1
4 43 1
4 46 1
4 47 1
4 48 1
4 56 1
4 60 1
4 65 1
4 76 1
4 77 1
4 82 1
4 83 1
4 86 1
4 87 1
4 89 1
4 92 1
4 94 1
4 97 1
4 102 1
4 107 1
4 108 1
4 117 1
4 122 1
4 127 1
4 129 1
4 131 1
4 140 1
4 141 1
4 146 1
4 151 1
4 157 1
4 159 1
4 162 1
4 163 1
4 167 1
4 168 1
4 169 1
4 172 1
4 174 1
4 176 1
4 177 1
4 178 1
4 179 1
4 180 1
4 185 1
4 186 1
4 189 1
4 194 1
4 195 1
4 196 1
4 198 1
4 200 1
5 6 1
5 8 1
5 11 1
5 13 1
5 16 1
5 18 1
5 26 1
5 32 1
5 42 1
5 48 1
5 50 1
5 52 1
5 54 1
5 62 1
5 66 1
5 67 1
5 73 1
5 74 1
5 75 1
5 80 1
5 82 1
5 89 1
5 95 1
5 98 1
5 100 1
5 101 1
5 102 1
5 103 1
5 105 1
5 107 1
5 109 1
5 111 1
5 112 1
5 113 1
5 120 1
5 126 1
5 127 1
5 136 1
5 137 1
5 139 1
5 142 1
5 149 1
5 150 1
5 153 1
5 158 1
5 159 1
5 161 1
5 164 1
5 167 1
5 170 1
5 171 1
5 172 1
5 175 1
5 176 1
5 177 1
5 189 1
5 192 1
5 193 1
5 195 1
5 199 1
6 8 1
6 10 1
6 13 1
6 14 1
6 21 1
6 22 1
6 27 1
6 28 1
6 30 1
6 31 1
6 38 1
6 39 1
6 40 1
6 41 1
6 42 1
6 43 1
6 45 1
6 47 1
6 49 1
6 51 1
6 55 1
6 57 1
6 58 1
6 61 1
6 62 1
6 66 1
6 68 1
6 69 1
6 71 1
6 72 1
6 73 1
6 76 1
6 77 1
6 82 1
6 92 1
6 100 1
6 105 1
6 113 1
6 124 1
6 129 1
6 130 1
6 139 1
6 142 1
6 143 1
6 147 1
6 150 1
6 156 1
6 160 1
6 163 1
6 167 1
6 169 1
6 171 1
6 176 1
6 177 1
6 181 1
6 182 1
6 187 1
6 189 1
6 198 1
7 9 1
7 17 1
7 21 1
7 23 1
7 28 1
7 32 1
7 34 1
7 37 1
7 39 1
7 40 1
7 44 1
7 48 1
7 49 1
7 53 1
7 57 1
7 61 1
7 67 1
7 69 1
7 70 1
7 73 1
7 77 1
7 78 1
7 85 1
7 90 1
7 91 1
7 94 1
7 95 1
7 96 1
7 98 1
7 100 1
7 106 1
7 107 1
7 108 1
7 110 1
7 112 1
7 114 1
7 115 1
7 123 1
7 124 1
7 126 1
7 135 1
7 142 1
7 143 1
7 144 1
7 145 1
7 146 1
7 147 1
7 148 1
7 152 1
7 153 1
7 157 1
7 163 1
7 164 1
7 168 1
7 171 1
7 176 1
7 180 1
7 182 1
7 185 1
7 188 1
7 190 1
7 192 1
7 195 1
7 197 1
8 11 1
8 13 1
8 18 1
8 20 1
8 22 1
8 28 1
8 32 1
8 37 1
8 43 1
8 44 1
8 52 1
8 58 1
8 60 1
8 61 1
8 73 1
8 76 1
8 77 1
8 80 1
8 81 1
8 82 1
8 88 1
8 89 1
8 92 1
8 102 1
8 103 1
8 108 1
8 109 1
8 111 1
8 112 1
8 115 1
8 116 1
8 127 1
8 131 1
8 133 1
8 134 1
8 142 1
8 148 1
8 152 1
8 154 1
8 167 1
8 168 1
8 170 1
8 173 1
8 179 1
8 180 1
8 183 1
8 189 1
8 193 1
8 198 1
9 10 1
9 14 1
9 20 1
9 22 1
9 23 1
9 27 1
9 33 1
9 35 1
9 38 1
9 39 1
9 47 1
9 59 1
9 62 1
9 68 1
9 69 1
9 73 1
9 76 1
9 77 1
9 83 1
9 84 1
9 86 1
9 87 1
9 88 1
9 89 1
9 96 1
9 102 1
9 103 1
9 109 1
9 114 1
9 116 1
9 117 1
9 119 1
9 120 1
9 123 1
9 136 1
9 137 1
9 138 1
9 139 1
9 140 1
9 146 1
9 148 1
9 155 1
9 156 1
9 157 1
9 158 1
9 159 1
9 167 1
9 170 1
9 173 1
9 174 1
9 175 1
9 179 1
9 180 1
10 12 1
10 13 1
10 16 1
10 23 1
10 31 1
10 32 1
10 36 1
10 42 1
10 44 1
10 47 1
10 49 1
10 50 1
10 51 1
10 52 1
10 54 1
10 58 1
10 59 1
10 62 1
10 64 1
10 68 1
10 70 1
10 76 1
10 77 1
10 78 1
10 81 1
10 94 1
10 101 1
10 105 1
10 106 1
10 109 1
10 113 1
10 114 1
10 115 1
10 116 1
10 117 1
10 124 1
10 133 1
10 136 1
10 141 1
10 143 1
10 146 1
10 149 1
10 158 1
10 165 1
10 166 1
10 167 1
10 171 1
10 172 1
10 173 1
10 174 1
10 178 1
10 179 1
10 188 1
10 195 1
10 199 1
11 12 1
11 13 1
11 15 1
11 23 1
11 27 1
11 29 1
11 31 1
11 33 1
11 40 1
11 42 1
11 43 1
11 44 1
11 49 1
11 52 1
11 53 1
11 54 1
11 59 1
11 61 1
11 65 1
11 66 1
11 71 1
11 73 1
11 75 1
11 76 1
11 80 1
11 86 1
11 87 1
11 88 1
11 89 1
11 98 1
11 101 1
11 104 1
11 107 1
11 113 1
11 114 1
11 125 1
11 130 1
11 132 1
11 133 1
11 134 1
11 135 1
11 139 1
11 140 1
11 144 1
11 148 1
11 149 1
11 152 1
11 159 1
11 168 1
11 174 1
11 183 1
11 187 1
11 189 1
11 190 1
11 191 1
11 197 1
11 200 1
12 13 1
12 15 1
12 17 1
12 18 1
12 19 1
12 22 1
12 28 1
12 33 1
12 34 1
12 39 1
12 43 1
12 46 1
12 48 1
12 51 1
12 61 1
12 64 1
12 66 1
12 67 1
12 68 1
12 71 1
12 72 1
12 73 1
12 74 1
12 76 1
12 81 1
12 84 1
12 88 1
12 90 1
12 92 1
12 94 1
12 96 1
12 99 1
12 103 1
12 104 1
12 107 1
12 108 1
12 113 1
12 117 1
12 123 1
12 128 1
12 133 1
12 138 1
12 140 1
12 151 1
12 152 1
12 156 1
12 159 1
12 167 1
12 170 1
12 176 1
12 183 1
12 184 1
12 185 1
12 189 1
12 194 1
12 195 1
12 196 1
13 18 1
13 23 1
13 26 1
13 28 1
13 29 1
13 30 1
13 32 1
13 36 1
13 37 1
13 38 1
13 40 1
13 41 1
13 46 1
13 47 1
13 50 1
13 51 1
13 52 1
13 55 1
13 61 1
13 62 1
13 63 1
13 69 1
13 70 1
13 75 1
13 76 1
13 78 1
13 80 1
13 82 1
13 87 1
13 95 1
13 99 1
13 102 1
13 112 1
13 114 1
13 116 1
13 119 1
13 120 1
13 121 1
13 131 1
13 135 1
13 137 1
13 139 1
13 145 1
13 146 1
13 148 1
13 151 1
13 160 1
13 162 1
13 164 1
13 172 1
13 174 1
13 176 1
13 177 1
13 179 1
13 181 1
13 182 1
13 184 1
13 185 1
13 194 1
13 196 1
14 16 1
14 19 1
14 20 1
14 25 1
14 36 1
14 42 1
14 43 1
14 47 1
14 48 1
14 49 1
14 50 1
14 55 1
14 62 1
14 64 1
14 66 1
14 81 1
14 83 1
14 86 1
14 89 1
14 90 1
14 91 1
14 93 1
14 96 1
14 98 1
14 103 1
14 105 1
14 106 1
14 107 1
14 109 1
14 111 1
14 112 1
14 113 1
14 119 1
14 123 1
14 126 1
14 133 1
14 134 1
14 135 1
14 139 1
14 142 1
14 148 1
14 149 1
14 156 1
14 157 1
14 161 1
14 163 1
14 173 1
14 174 1
14 178 1
14 181 1
14 183 1
14 191 1
14 192 1
14 194 1
14 200 1
15 16 1
15 19 1
15 22 1
15 24 1
15 26 1
15 28 1
15 29 1
15 34 1
15 37 1
15 40 1
15 49 1
15 50 1
15 52 1
15 53 1
15 54 1
15 57 1
15 59 1
15 63 1
15 64 1
15 68 1
15 73 1
15 83 1
15 89 1
15 91 1
15 97 1
15 102 1
15 105 1
15 110 1
15 116 1
15 119 1
15 124 1
15 132 1
15 143 1
15 144 1
15 146 1
15 148 1
15 152 1
15 157 1
15 161 1
15 162 1
15 169 1
15 175 1
15 180 1
15 181 1
15 183 1
15 188 1
15 193 1
16 17 1
16 20 1
16 30 1
16 32 1
16 35 1
16 40 1
16 43 1
16 45 1
16 47 1
16 48 1
16 56 1
16 60 1
16 62 1
16 64 1
16 65 1
16 70 1
16 72 1
16 80 1
16 82 1
16 85 1
16 88 1
16 91 1
16 92 1
16 95 1
16 97 1
16 109 1
16 113 1
16 116 1
16 117 1
16 118 1
16 119 1
16 124 1
16 125 1
16 126 1
16 130 1
16 131 1
16 145 1
16 146 1
16 148 1
16 150 1
16 151 1
16 157 1
16 159 1
16 162 1
16 165 1
16 170 1
16 172 1
16 174 1
16 179 1
16 181 1
16 182 1
16 185 1
16 188 1
16 189 1
16 191 1
16 196 1
16 197 1
17 24 1
17 25 1
17 32 1
17 34 1
17 37 1
17 42 1
17 45 1
17 55 1
17 59 1
17 63 1
17 64 1
17 68 1
17 71 1
17 80 1
17 84 1
17 86 1
17 88 1
17 91 1
17 94 1
17 104 1
17 111 1
17 114 1
17 117 1
17 121 1
17 131 1
17 133 1
17 137 1
17 140 1
17 144 1
17 150 1
17 152 1
17 155 1
17 159 1
17 161 1
17 162 1
17 166 1
17 167 1
17 177 1
17 178 1
17 179 1
17 180 1
17 184 1
17 185 1
17 188 1
17 189 1
17 191 1
17 196 1
17 198 1
17 200 1
18 19 1
18 25 1
18 30 1
18 31 1
18 32 1
18 33 1
18 39 1
18 43 1
18 45 1
18 48 1
18 53 1
18 56 1
18 57 1
18 63 1
18 65 1
18 71 1
18 74 1
18 75 1
18 81 1
18 88 1
18 90 1
18 100 1
18 103 1
18 106 1
18 109 1
18 110 1
18 111 1
18 112 1
18 118 1
18 121 1
18 124 1
18 126 1
18 127 1
18 128 1
18 129 1
18 133 1
18 139 1
18 142 1
18 145 1
18 147 1
18 148 1
18 150 1
18 158 1
18 160 1
18 165 1
18 176 1
18 179 1
18 183 1
18 186 1
18 190 1
18 193 1
18 194 1
18 197 1
19 21 1
19 31 1
19 33 1
19 37 1
19 38 1
19 46 1
19 56 1
19 57 1
19 61 1
19 66 1
19 69 1
19 71 1
19 89 1
19 94 1
19 96 1
19 97 1
19 102 1
19 106 1
19 107 1
19 110 1
19 111 1
19 112 1
19 113 1
19 115 1
19 118 1
19 122 1
19 125 1
19 126 1
19 128 1
19 132 1
19 134 1
19 137 1
19 138 1
19 140 1
19 141 1
19 143 1
19 146 1
19 148 1
19 149 1
19 151 1
19 152 1
19 158 1
19 167 1
19 169 1
19 172 1
19 173 1
19 174 1
19 178 1
19 184 1
19 186 1
19 188 1
19 192 1
19 199 1
20 22 1
20 23 1
20 25 1
20 30 1
20 31 1
20 33 1
20 46 1
20 47 1
20 49 1
20 55 1
20 63 1
20 64 1
20 69 1
20 82 1
20 83 1
20 84 1
20 88 1
20 89 1
20 90 1
20 93 1
20 95 1
20 98 1
20 103 1
20 110 1
20 113 1
20 114 1
20 116 1
20 118 1
20 119 1
20 128 1
20 133 1
20 136 1
20 138 1
20 141 1
20 143 1
20 156 1
20 159 1
20 160 1
20 161 1
20 166 1
20 169 1
20 172 1
20 177 1
20 178 1
20 180 1
20 188 1
20 191 1
20 192 1
20 198 1
21 22 1
21 24 1
21 26 1
21 28 1
21 35 1
21 36 1
21 43 1
21 46 1
21 51 1
21 53 1
21 55 1
21 58 1
21 60 1
21 68 1
21 71 1
21 73 1
21 75 1
21 79 1
21 80 1
21 82 1
21 83 1
21 85 1
21 87 1
21 90 1
21 91 1
21 96 1
21 104 1
21 105 1
21 106 1
21 115 1
21 117 1
21 123 1
21 124 1
21 126 1
21 138 1
21 147 1
21 150 1
21 158 1
21 160 1
21 161 1
21 162 1
21 173 1
21 174 1
21 177 1
21 178 1
21 179 1
21 181 1
21 183 1
21 184 1
21 188 1
21 189 1
21 192 1
21 194 1
21 196 1
21 198 1
21 199 1
22 29 1
22 35 1
22 46 1
22 47 1
22 50 1
22 57 1
22 58 1
22 61 1
22 66 1
22 70 1
22 71 1
22 79 1
22 82 1
22 88 1
22 98 1
22 99 1
22 104 1
22 105 1
22 108 1
22 109 1
22 122 1
22 124 1
22 128 1
22 129 1
22 130 1
22 137 1
22 138 1
22 140 1
22 142 1
22 143 1
22 150 1
22 151 1
22 156 1
22 162 1
22 166 1
22 169 1
22 170 1
22 171 1
22 172 1
22 175 1
22 176 1
22 177 1
22 180 1
22 182 1
22 184 1
22 185 1
22 189 1
22 192 1
22 194 1
22 198 1
23 30 1
23 36 1
23 37 1
23 39 1
23 42 1
23 46 1
23 48 1
23 50 1
23 54 1
23 55 1
23 65 1
23 70 1
23 71 1
23 73 1
23 75 1
23 76 1
23 77 1
23 79 1
23 83 1
23 84 1
23 86 1
23 116 1
23 117 1
23 118 1
23 122 1
23 131 1
23 133 1
23 135 1
23 143 1
23 144 1
23 150 1
23 156 1
23 158 1
23 163 1
23 167 1
23 168 1
23 169 1
23 170 1
23 171 1
23 177 1
23 178 1
23 179 1
23 180 1
23 185 1
23 186 1
23 188 1
23 189 1
23 193 1
23 194 1
24 29 1
24 31 1
24 34 1
24 36 1
24 41 1
24 44 1
24 47 1
24 51 1
24 54 1
24 55 1
24 57 1
24 59 1
24 61 1
24 62 1
24 65 1
24 66 1
24 68 1
24 69 1
24 71 1
24 72 1
24 74 1
24 75 1
24 76 1
24 91 1
24 93 1
24 95 1
24 97 1
24 98 1
24 100 1
24 101 1
24 103 1
24 113 1
24 116 1
24 118 1
24 119 1
24 121 1
24 123 1
24 124 1
24 125 1
24 130 1
24 138 1
24 140 1
24 142 1
24 143 1
24 145 1
24 151 1
24 153 1
24 154 1
24 166 1
24 169 1
24 171 1
24 174 1
24 175 1
24 179 1
24 180 1
24 182 1
24 187 1
24 188 1
24 190 1
24 192 1
24 200 1
25 29 1
25 30 1
25 38 1
25 45 1
25 47 1
25 48 1
25 49 1
25 52 1
25 59 1
25 62 1
25 65 1
25 71 1
25 72 1
25 78 1
25 81 1
25 82 1
25 83 1
25 86 1
25 87 1
25 91 1
25 98 1
25 99 1
25 100 1
25 102 1
25 106 1
25 110 1
25 111 1
25 113 1
25 115 1
25 118 1
25 119 1
25 120 1
25 126 1
25 128 1
25 131 1
25 138 1
25 140 1
25 142 1
25 151 1
25 157 1
25 161 1
25 162 1
25 168 1
25 170 1
25 172 1
25 174 1
25 176 1
25 177 1
25 179 1
25 181 1
25 182 1
25 185 1
25 188 1
25 196 1
25 200 1
26 27 1
26 31 1
26 32 1
26 34 1
26 37 1
26 41 1
26 43 1
26 45 1
26 47 1
26 51 1
26 56 1
26 57 1
26 59 1
26 62 1
26 64 1
26 65 1
26 66 1
26 74 1
26 83 1
26 91 1
26 92 1
26 95 1
26 96 1
26 102 1
26 104 1
26 105 1
26 106 1
26 108 1
26 113 1
26 120 1
26 121 1
26 123 1
26 132 1
26 135 1
26 138 1
26 140 1
26 142 1
26 147 1
26 156 1
26 161 1
26 165 1
26 169 1
26 170 1
26 176 1
26 178 1
26 182 1
26 185 1
26 186 1
26 191 1
26 193 1
26 194 1
26 200 1
27 32 1
27 33 1
27 35 1
27 37 1
27 41 1
27 44 1
27 53 1
27 62 1
27 64 1
27 70 1
27 73 1
27 79 1
27 80 1
27 87 1
27 90 1
27 91 1
27 93 1
27 95 1
27 100 1
27 101 1
27 104 1
27 107 1
27 109 1
27 110 1
27 118 1
27 119 1
27 121 1
27 122 1
27 127 1
27 130 1
27 135 1
27 136 1
27 137 1
27 138 1
27 141 1
27 142 1
27 144 1
27 148 1
27 152 1
27 157 1
27 160 1
27 162 1
27 164 1
27 168 1
27 172 1
27 173 1
27 175 1
27 177 1
27 180 1
27 182 1
27 183 1
27 187 1
27 189 1
27 195 1
28 30 1
28 34 1
28 37 1
28 39 1
28 42 1
28 43 1
28 48 1
28 50 1
28 53 1
28 55 1
28 61 1
28 71 1
28 73 1
28 74 1
28 76 1
28 78 1
28 79 1
28 86 1
28 89 1
28 90 1
28 92 1
28 95 1
28 97 1
28 98 1
28 99 1
28 101 1
28 102 1
28 104 1
28 107 1
28 115 1
28 116 1
28 122 1
28 128 1
28 129 1
28 131 1
28 132 1
28 135 1
28 136 1
28 137 1
28 139 1
28 143 1
28 144 1
28 146 1
28 150 1
28 152 1
28 155 1
28 156 1
28 164 1
28 166 1
28 173 1
28 176 1
28 181 1
28 185 1
28 192 1
28 195 1
28 196 1
28 199 1
28 200 1
29 35 1
29 41 1
29 42 1
29 47 1
29 48 1
29 49 1
29 50 1
29 51 1
29 52 1
29 57 1
29 58 1
29 65 1
29 72 1
29 74 1
29 76 1
29 83 1
29 85 1
29 87 1
29 98 1
29 99 1
29 101 1
29 104 1
29 106 1
29 107 1
29 109 1
29 115 1
29 117 1
29 121 1
29 125 1
29 127 1
29 130 1
29 134 1
29 138 1
29 142 1
29 144 1
29 149 1
29 152 1
29 156 1
29 161 1
29 163 1
29 164 1
29 166 1
29 168 1
29 169 1
29 172 1
29 174 1
29 176 1
29 178 1
29 179 1
29 182 1
29 183 1
29 192 1
29 193 1
29 194 1
29 195 1
29 197 1
29 198 1
30 34 1
30 36 1
30 41 1
30 42 1
30 44 1
30 46 1
30 47 1
30 51 1
30 56 1
30 57 1
30 60 1
30 62 1
30 65 1
30 70 1
30 71 1
30 72 1
30 73 1
30 74 1
30 77 1
30 83 1
30 88 1
30 89 1
30 92 1
30 93 1
30 94 1
30 96 1
30 102 1
30 104 1
30 105 1
30 109 1
30 122 1
30 128 1
30 129 1
30 132 1
30 135 1
30 137 1
30 138 1
30 139 1
30 140 1
30 144 1
30 151 1
30 152 1
30 156 1
30 162 1
30 164 1
30 168 1
30 169 1
30 170 1
30 171 1
30 176 1
30 177 1
30 180 1
30 182 1
30 183 1
30 185 1
30 191 1
30 193 1
30 195 1
30 198 1
31 33 1
31 34 1
31 35 1
31 37 1
31 39 1
31 42 1
31 43 1
31 45 1
31 49 1
31 50 1
31 52 1
31 53 1
31 55 1
31 56 1
31 58 1
31 64 1
31 66 1
31 67 1
31 70 1
31 72 1
31 78 1
31 81 1
31 85 1
31 93 1
31 94 1
31 96 1
31 99 1
31 101 1
31 107 1
31 108 1
31 114 1
31 118 1
31 120 1
31 124 1
31 125 1
31 127 1
31 133 1
31 144 1
31 146 1
31 147 1
31 152 1
31 155 1
31 159 1
31 165 1
31 175 1
31 176 1
31 177 1
31 181 1
31 182 1
31 195 1
31 198 1
32 42 1
32 46 1
32 50 1
32 53 1
32 58 1
32 59 1
32 61 1
32 63 1
32 64 1
32 69 1
32 70 1
32 71 1
32 72 1
32 82 1
32 83 1
32 92 1
32 97 1
32 98 1
32 99 1
32 100 1
32 105 1
32 106 1
32 110 1
32 116 1
32 120 1
32 124 1
32 130 1
32 132 1
32 134 1
32 140 1
32 144 1
32 145 1
32 146 1
32 149 1
32 154 1
32 162 1
32 165 1
32 167 1
32 172 1
32 173 1
32 180 1
32 184 1
32 187 1
32 191 1
32 194 1
32 195 1
32 198 1
33 35 1
33 37 1
33 39 1
33 42 1
33 43 1
33 47 1
33 50 1
33 54 1
33 56 1
33 58 1
33 67 1
33 70 1
33 71 1
33 73 1
33 75 1
33 77 1
33 83 1
33 84 1
33 86 1
33 89 1
33 92 1
33 93 1
33 99 1
33 102 1
33 109 1
33 111 1
33 113 1
33 114 1
33 116 1
33 117 1
33 118 1
33 120 1
33 124 1
33 129 1
33 133 1
33 146 1
33 151 1
33 152 1
33 153 1
33 155 1
33 157 1
33 159 1
33 162 1
33 164 1
33 166 1
33 169 1
33 171 1
33 179 1
33 180 1
33 182 1
33 183 1
33 186 1
33 189 1
33 191 1
33 195 1
33 199 1
34 36 1
34 38 1
34 43 1
34 46 1
34 47 1
34 49 1
34 65 1
34 66 1
34 69 1
34 70 1
34 82 1
34 83 1
34 86 1
34 87 1
34 90 1
34 92 1
34 94 1
34 97 1
34 98 1
34 99 1
34 103 1
34 108 1
34 112 1
34 114 1
34 115 1
34 117 1
34 120 1
34 123 1
34 129 1
34 131 1
34 134 1
34 137 1
34 140 1
34 143 1
34 144 1
34 148 1
34 151 1
34 152 1
34 157 1
34 161 1
34 165 1
34 167 1
34 170 1
34 177 1
34 178 1
34 185 1
34 189 1
34 198 1
34 199 1
35 36 1
35 38 1
35 45 1
35 49 1
35 54 1
35 56 1
35 61 1
35 66 1
35 69 1
35 71 1
35 76 1
35 77 1
35 78 1
35 80 1
35 81 1
35 89 1
35 93 1
35 94 1
35 97 1
35 106 1
35 113 1
35 115 1
35 122 1
35 136 1
35 137 1
35 142 1
35 143 1
35 144 1
35 146 1
35 147 1
35 148 1
35 151 1
35 152 1
35 156 1
35 159 1
35 163 1
35 165 1
35 168 1
35 173 1
35 175 1
35 177 1
35 178 1
35 182 1
35 183 1
35 193 1
35 194 1
35 195 1
36 51 1
36 56 1
36 58 1
36 60 1
36 61 1
36 68 1
36 70 1
36 75 1
36 80 1
36 83 1
36 92 1
36 93 1
36 104 1
36 108 1
36 109 1
36 110 1
36 113 1
36 115 1
36 116 1
36 117 1
36 121 1
36 125 1
36 127 1
36 128 1
36 134 1
36 135 1
36 136 1
36 147 1
36 150 1
36 156 1
36 159 1
36 162 1
36 167 1
36 168 1
36 172 1
36 174 1
36 175 1
36 176 1
36 178 1
36 180 1
36 184 1
36 185 1
36 187 1
36 195 1
37 40 1
37 42 1
37 43 1
37 52 1
37 54 1
37 59 1
37 60 1
37 64 1
37 65 1
37 67 1
37 70 1
37 71 1
37 73 1
37 74 1
37 78 1
37 81 1
37 86 1
37 92 1
37 93 1
37 94 1
37 96 1
37 102 1
37 103 1
37 105 1
37 106 1
37 108 1
37 109 1
37 112 1
37 115 1
37 121 1
37 124 1
37 127 1
37 129 1
37 130 1
37 132 1
37 133 1
37 141 1
37 143 1
37 144 1
37 145 1
37 146 1
37 153 1
37 157 1
37 161 1
37 164 1
37 168 1
37 170 1
37 172 1
37 175 1
37 177 1
37 181 1
37 185 1
37 186 1
37 187 1
37 189 1
37 192 1
37 193 1
37 198 1
38 42 1
38 45 1
38 49 1
38 53 1
38 56 1
38 57 1
38 66 1
38 68 1
38 70 1
38 73 1
38 76 1
38 77 1
38 79 1
38 85 1
38 87 1
38 89 1
38 91 1
38 92 1
38 98 1
38 99 1
38 103 1
38 110 1
38 111 1
38 112 1
38 115 1
38 116 1
38 118 1
38 125 1
38 131 1
38 132 1
38 134 1
38 139 1
38 140 1
38 142 1
38 145 1
38 151 1
38 154 1
38 158 1
38 159 1
38 162 1
38 166 1
38 167 1
38 168 1
38 170 1
38 175 1
38 177 1
38 179 1
38 183 1
38 186 1
38 188 1
38 189 1
38 197 1
38 200 1
39 43 1
39 49 1
39 51 1
39 54 1
39 59 1
39 60 1
39 62 1
39 64 1
39 66 1
39 68 1
39 73 1
39 78 1
39 86 1
39 87 1
39 88 1
39 89 1
39 91 1
39 94 1
39 98 1
39 100 1
39 106 1
39 112 1
39 117 1
39 121 1
39 122 1
39 125 1
39 129 1
39 133 1
39 150 1
39 155 1
39 159 1
39 164 1
39 166 1
39 172 1
39 174 1
39 177 1
39 178 1
39 188 1
39 191 1
39 192 1
39 195 1
39 197 1
39 198 1
40 42 1
40 43 1
40 45 1
40 46 1
40 48 1
40 49 1
40 51 1
40 53 1
40 63 1
40 72 1
40 75 1
40 76 1
40 78 1
40 80 1
40 85 1
40 87 1
40 91 1
40 94 1
40 98 1
40 100 1
40 105 1
40 108 1
40 111 1
40 112 1
40 114 1
40 119 1
40 120 1
40 126 1
40 127 1
40 129 1
40 132 1
40 133 1
40 137 1
40 141 1
40 145 1
40 149 1
40 155 1
40 156 1
40 161 1
40 162 1
40 164 1
40 168 1
40 171 1
40 173 1
40 179 1
40 184 1
40 187 1
40 188 1
40 191 1
40 193 1
40 195 1
40 196 1
40 198 1
41 48 1
41 50 1
41 51 1
41 52 1
41 54 1
41 58 1
41 59 1
41 62 1
41 65 1
41 67 1
41 68 1
41 70 1
41 72 1
41 76 1
41 83 1
41 88 1
41 99 1
41 100 1
41 101 1
41 103 1
41 106 1
41 108 1
41 111 1
41 112 1
41 114 1
41 117 1
41 118 1
41 130 1
41 134 1
41 135 1
41 138 1
41 143 1
41 145 1
41 148 1
41 149 1
41 152 1
41 155 1
41 157 1
41 165 1
41 167 1
41 171 1
41 185 1
41 188 1
41 194 1
41 195 1
41 197 1
41 198 1
41 199 1
41 200 1
42 43 1
42 48 1
42 50 1
42 52 1
42 58 1
42 61 1
42 62 1
42 63 1
42 67 1
42 70 1
42 73 1
42 74 1
42 75 1
42 78 1
42 81 1
42 85 1
42 94 1
42 112 1
42 113 1
42 115 1
42 120 1
42 126 1
42 133 1
42 134 1
42 135 1
42 141 1
42 142 1
42 144 1
42 149 1
42 153 1
42 154 1
42 155 1
42 156 1
42 160 1
42 161 1
42 167 1
42 168 1
42 169 1
42 172 1
42 177 1
42 178 1
42 182 1
42 183 1
42 186 1
42 191 1
42 192 1
42 197 1
43 44 1
43 45 1
43 49 1
43 50 1
43 51 1
43 52 1
43 60 1
43 61 1
43 62 1
43 65 1
43 69 1
43 70 1
43 77 1
43 80 1
43 86 1
43 87 1
43 88 1
43 91 1
43 94 1
43 96 1
43 97 1
43 103 1
43 105 1
43 108 1
43 110 1
43 112 1
43 116 1
43 117 1
43 131 1
43 134 1
43 135 1
43 137 1
43 149 1
43 150 1
43 151 1
43 155 1
43 157 1
43 159 1
43 161 1
43 169 1
43 175 1
43 176 1
43 180 1
43 181 1
43 191 1
43 199 1
44 45 1
44 49 1
44 57 1
44 62 1
44 64 1
44 70 1
44 71 1
44 74 1
44 75 1
44 76 1
44 84 1
44 87 1
44 92 1
44 95 1
44 99 1
44 101 1
44 102 1
44 104 1
44 107 1
44 110 1
44 111 1
44 112 1
44 114 1
44 116 1
44 120 1
44 123 1
44 126 1
44 127 1
44 128 1
44 129 1
44 130 1
44 134 1
44 136 1
44 137 1
44 143 1
44 147 1
44 149 1
44 155 1
44 158 1
44 160 1
44 166 1
44 167 1
44 173 1
44 174 1
44 179 1
44 181 1
44 185 1
44 188 1
44 191 1
44 192 1
44 195 1
44 197 1
44 198 1
45 51 1
45 53 1
45 57 1
45 58 1
45 66 1
45 69 1
45 75 1
45 77 1
45 79 1
45 83 1
45 85 1
45 88 1
45 90 1
45 91 1
45 92 1
45 93 1
45 98 1
45 104 1
45 117 1
45 120 1
45 123 1
45 128 1
45 138 1
45 139 1
45 145 1
45 146 1
45 155 1
45 156 1
45 160 1
45 166 1
45 167 1
45 169 1
45 171 1
45 172 1
45 173 1
45 180 1
45 181 1
45 185 1
45 187 1
45 193 1
45 194 1
45 195 1
46 50 1
46 51 1
46 52 1
46 56 1
46 60 1
46 65 1
46 67 1
46 69 1
46 70 1
46 71 1
46 73 1
46 77 1
46 79 1
46 82 1
46 83 1
46 90 1
46 91 1
46 94 1
46 96 1
46 99 1
46 102 1
46 103 1
46 106 1
46 107 1
46 109 1
46 110 1
46 112 1
46 119 1
46 120 1
46 121 1
46 127 1
46 128 1
46 130 1
46 134 1
46 135 1
46 136 1
46 137 1
46 138 1
46 139 1
46 140 1
46 142 1
46 144 1
46 153 1
46 163 1
46 164 1
46 171 1
46 172 1
46 175 1
46 177 1
46 179 1
46 185 1
46 190 1
46 197 1
46 198 1
47 52 1
47 53 1
47 54 1
47 56 1
47 58 1
47 60 1
47 63 1
47 65 1
47 66 1
47 70 1
47 71 1
47 75 1
47 80 1
47 82 1
47 83 1
47 84 1
47 87 1
47 94 1
47 102 1
47 103 1
47 106 1
47 107 1
47 108 1
47 113 1
47 118 1
47 120 1
47 124 1
47 126 1
47 131 1
47 134 1
47 138 1
47 139 1
47 143 1
47 144 1
47 145 1
47 146 1
47 149 1
47 150 1
47 152 1
47 154 1
47 155 1
47 158 1
47 165 1
47 166 1
47 169 1
47 172 1
47 174 1
47 175 1
47 181 1
47 182 1
47 185 1
47 187 1
47 195 1
47 197 1
47 200 1
48 49 1
48 50 1
48 58 1
48 61 1
48 66 1
48 67 1
48 71 1
48 81 1
48 82 1
48 92 1
48 96 1
48 104 1
48 105 1
48 106 1
48 108 1
48 111 1
48 114 1
48 126 1
48 127 1
48 134 1
48 137 1
48 146 1
48 149 1
48 150 1
48 151 1
48 161 1
48 162 1
48 163 1
48 170 1
48 171 1
48 173 1
48 174 1
48 176 1
48 178 1
48 184 1
48 185 1
48 188 1
48 189 1
48 190 1
48 192 1
48 198 1
48 199 1
49 59 1
49 61 1
49 63 1
49 64 1
49 72 1
49 73 1
49 75 1
49 84 1
49 91 1
49 93 1
49 96 1
49 97 1
49 101 1
49 104 1
49 105 1
49 106 1
49 107 1
49 108 1
49 110 1
49 112 1
49 114 1
49 115 1
49 117 1
49 119 1
49 121 1
49 132 1
49 133 1
49 135 1
49 136 1
49 138 1
49 139 1
49 140 1
49 141 1
49 145 1
49 147 1
49 149 1
49 150 1
49 151 1
49 162 1
49 167 1
49 170 1
49 171 1
49 172 1
49 173 1
49 180 1
49 187 1
49 197 1
49 199 1
50 51 1
50 53 1
50 65 1
50 68 1
50 79 1
50 83 1
50 91 1
50 97 1
50 100 1
50 101 1
50 102 1
50 103 1
50 105 1
50 107 1
50 115 1
50 125 1
50 126 1
50 127 1
50 132 1
50 133 1
50 136 1
50 137 1
50 138 1
50 140 1
50 147 1
50 148 1
50 149 1
50 154 1
50 156 1
50 160 1
50 162 1
50 163 1
50 166 1
50 168 1
50 169 1
50 174 1
50 175 1
50 176 1
50 177 1
50 178 1
50 180 1
50 182 1
50 184 1
50 185 1
50 186 1
50 187 1
50 191 1
50 195 1
50 199 1
51 52 1
51 58 1
51 66 1
51 72 1
51 74 1
51 75 1
51 77 1
51 80 1
51 81 1
51 82 1
51 86 1
51 87 1
51 92 1
51 94 1
51 101 1
51 102 1
51 103 1
51 106 1
51 109 1
51 110 1
51 112 1
51 113 1
51 114 1
51 125 1
51 136 1
51 140 1
51 146 1
51 147 1
51 172 1
51 179 1
51 183 1
51 184 1
51 185 1
51 187 1
51 195 1
51 196 1
52 53 1
52 54 1
52 56 1
52 58 1
52 63 1
52 65 1
52 66 1
52 71 1
52 72 1
52 79 1
52 80 1
52 94 1
52 95 1
52 97 1
52 100 1
52 102 1
52 104 1
52 105 1
52 106 1
52 110 1
52 112 1
52 118 1
52 121 1
52 128 1
52 132 1
52 135 1
52 138 1
52 141 1
52 147 1
52 150 1
52 151 1
52 155 1
52 157 1
52 158 1
52 159 1
52 170 1
52 171 1
52 174 1
52 179 1
52 180 1
52 181 1
52 186 1
52 188 1
52 189 1
52 194 1
52 198 1
53 54 1
53 56 1
53 64 1
53 66 1
53 67 1
53 69 1
53 70 1
53 73 1
53 77 1
53 78 1
53 83 1
53 84 1
53 87 1
53 89 1
53 90 1
53 92 1
53 94 1
53 102 1
53 110 1
53 118 1
53 121 1
53 126 1
53 132 1
53 134 1
53 137 1
53 138 1
53 139 1
53 141 1
53 147 1
53 148 1
53 150 1
53 157 1
53 162 1
53 165 1
53 171 1
53 172 1
53 177 1
53 178 1
53 179 1
53 181 1
53 182 1
53 185 1
53 188 1
53 192 1
53 197 1
53 199 1
53 200 1
54 57 1
54 58 1
54 59 1
54 60 1
54 61 1
54 62 1
54 63 1
54 69 1
54 71 1
54 87 1
54 90 1
54 92 1
54 98 1
54 107 1
54 115 1
54 116 1
54 118 1
54 119 1
54 120 1
54 123 1
54 131 1
54 138 1
54 139 1
54 142 1
54 148 1
54 149 1
54 151 1
54 157 1
54 158 1
54 159 1
54 162 1
54 163 1
54 164 1
54 166 1
54 167 1
54 169 1
54 172 1
54 184 1
54 187 1
54 195 1
55 58 1
55 60 1
55 65 1
55 66 1
55 68 1
55 70 1
55 72 1
55 73 1
55 77 1
55 79 1
55 84 1
55 93 1
55 97 1
55 112 1
55 114 1
55 122 1
55 123 1
55 125 1
55 126 1
55 127 1
55 128 1
55 151 1
55 154 1
55 157 1
55 161 1
55 181 1
55 193 1
55 195 1
56 58 1
56 71 1
56 76 1
56 77 1
56 78 1
56 80 1
56 81 1
56 82 1
56 90 1
56 91 1
56 92 1
56 93 1
56 98 1
56 99 1
56 100 1
56 102 1
56 107 1
56 111 1
56 112 1
56 113 1
56 114 1
56 115 1
56 119 1
56 120 1
56 125 1
56 127 1
56 135 1
56 138 1
56 140 1
56 141 1
56 144 1
56 150 1
56 155 1
56 157 1
56 162 1
56 163 1
56 168 1
56 172 1
56 176 1
56 177 1
56 178 1
56 183 1
56 188 1
56 189 1
56 191 1
56 195 1
56 198 1
57 61 1
57 62 1
57 64 1
57 65 1
57 66 1
57 68 1
57 82 1
57 84 1
57 85 1
57 86 1
57 90 1
57 92 1
57 93 1
57 94 1
57 95 1
57 100 1
57 104 1
57 118 1
57 125 1
57 127 1
57 132 1
57 135 1
57 138 1
57 139 1
57 143 1
57 148 1
57 150 1
57 152 1
57 153 1
57 154 1
57 158 1
57 159 1
57 165 1
57 176 1
57 178 1
57 180 1
57 181 1
57 182 1
57 185 1
57 188 1
57 195 1
58 61 1
58 63 1
58 74 1
58 76 1
58 78 1
58 80 1
58 86 1
58 88 1
58 93 1
58 95 1
58 102 1
58 104 1
58 111 1
58 113 1
58 115 1
58 118 1
58 120 1
58 128 1
58 134 1
58 140 1
58 145 1
58 147 1
58 156 1
58 165 1
58 169 1
58 170 1
58 177 1
58 180 1
58 184 1
58 185 1
58 189 1
58 191 1
58 194 1
58 195 1
58 198 1
59 61 1
59 63 1
59 71 1
59 74 1
59 75 1
59 76 1
59 78 1
59 81 1
59 82 1
59 83 1
59 84 1
59 89 1
59 91 1
59 96 1
59 97 1
59 110 1
59 112 1
59 113 1
59 115 1
59 118 1
59 119 1
59 121 1
59 123 1
59 126 1
59 128 1
59 133 1
59 135 1
59 136 1
59 141 1
59 142 1
59 144 1
59 146 1
59 149 1
59 150 1
59 151 1
59 154 1
59 155 1
59 157 1
59 158 1
59 160 1
59 165 1
59 167 1
59 174 1
59 175 1
59 177 1
59 179 1
59 195 1
60 63 1
60 68 1
60 69 1
60 72 1
60 74 1
60 79 1
60 82 1
60 86 1
60 88 1
60 90 1
60 95 1
60 97 1
60 99 1
60 100 1
60 101 1
60 104 1
60 106 1
60 108 1
60 115 1
60 116 1
60 119 1
60 120 1
60 129 1
60 132 1
60 134 1
60 135 1
60 142 1
60 144 1
60 147 1
60 154 1
60 159 1
60 165 1
60 166 1
60 167 1
60 172 1
60 175 1
60 177 1
60 179 1
60 180 1
60 181 1
60 187 1
60 191 1
60 194 1
60 197 1
60 198 1
60 199 1
61 64 1
61 67 1
61 68 1
61 76 1
61 80 1
61 93 1
61 94 1
61 98 1
61 99 1
61 100 1
61 103 1
61 108 1
61 109 1
61 110 1
61 112 1
61 120 1
61 122 1
61 124 1
61 125 1
61 127 1
61 130 1
61 131 1
61 134 1
61 135 1
61 136 1
61 141 1
61 144 1
61 148 1
61 149 1
61 151 1
61 155 1
61 158 1
61 163 1
61 164 1
61 169 1
61 177 1
61 183 1
61 184 1
61 192 1
61 193 1
61 194 1
61 196 1
62 64 1
62 65 1
62 66 1
62 72 1
62 73 1
62 86 1
62 89 1
62 90 1
62 94 1
62 95 1
62 100 1
62 102 1
62 109 1
62 111 1
62 115 1
62 120 1
62 122 1
62 126 1
62 127 1
62 128 1
62 131 1
62 138 1
62 142 1
62 143 1
62 146 1
62 151 1
62 154 1
62 156 1
62 157 1
62 158 1
62 159 1
62 164 1
62 166 1
62 169 1
62 171 1
62 180 1
62 181 1
62 187 1
62 188 1
62 190 1
62 191 1
62 192 1
62 196 1
62 198 1
63 64 1
63 66 1
63 68 1
63 69 1
63 74 1
63 75 1
63 76 1
63 78 1
63 79 1
63 81 1
63 82 1
63 83 1
63 85 1
63 86 1
63 87 1
63 93 1
63 94 1
63 96 1
63 102 1
63 105 1
63 108 1
63 110 1
63 113 1
63 115 1
63 119 1
63 127 1
63 128 1
63 137 1
63 139 1
63 145 1
63 147 1
63 148 1
63 150 1
63 152 1
63 154 1
63 155 1
63 158 1
63 160 1
63 162 1
63 164 1
63 166 1
63 167 1
63 168 1
63 170 1
63 172 1
63 187 1
63 189 1
64 69 1
64 70 1
64 74 1
64 75 1
64 78 1
64 88 1
64 89 1
64 90 1
64 95 1
64 104 1
64 111 1
64 113 1
64 121 1
64 124 1
64 128 1
64 130 1
64 132 1
64 134 1
64 139 1
64 142 1
64 144 1
64 145 1
64 146 1
64 149 1
64 152 1
64 156 1
64 157 1
64 158 1
64 160 1
64 163 1
64 164 1
64 168 1
64 169 1
64 170 1
64 172 1
64 175 1
64 183 1
64 184 1
64 192 1
64 193 1
64 194 1
64 199 1
64 200 1
65 68 1
65 69 1
65 70 1
65 74 1
65 81 1
65 84 1
65 85 1
65 87 1
65 91 1
65 98 1
65 102 1
65 104 1
65 105 1
65 106 1
65 107 1
65 108 1
65 111 1
65 119 1
65 121 1
65 123 1
65 125 1
65 127 1
65 129 1
65 131 1
65 136 1
65 139 1
65 140 1
65 142 1
65 144 1
65 150 1
65 155 1
65 159 1
65 161 1
65 162 1
65 164 1
65 167 1
65 168 1
65 171 1
65 172 1
65 175 1
65 178 1
65 183 1
65 184 1
65 191 1
65 195 1
65 198 1
66 72 1
66 73 1
66 74 1
66 80 1
66 90 1
66 101 1
66 102 1
66 106 1
66 107 1
66 109 1
66 112 1
66 117 1
66 121 1
66 122 1
66 123 1
66 128 1
66 134 1
66 136 1
66 137 1
66 141 1
66 148 1
66 153 1
66 159 1
66 163 1
66 169 1
66 170 1
66 182 1
66 185 1
66 186 1
66 193 1
66 197 1
67 69 1
67 74 1
67 76 1
67 78 1
67 83 1
67 88 1
67 95 1
67 97 1
67 105 1
67 107 1
67 109 1
67 110 1
67 120 1
67 122 1
67 126 1
67 127 1
67 130 1
67 131 1
67 132 1
67 135 1
67 136 1
67 143 1
67 148 1
67 151 1
67 154 1
67 155 1
67 157 1
67 163 1
67 165 1
67 172 1
67 174 1
67 180 1
67 187 1
67 189 1
67 194 1
67 195 1
68 74 1
68 75 1
68 81 1
68 82 1
68 86 1
68 88 1
68 99 1
68 103 1
68 104 1
68 105 1
68 109 1
68 110 1
68 115 1
68 116 1
68 121 1
68 122 1
68 135 1
68 144 1
68 146 1
68 151 1
68 154 1
68 159 1
68 160 1
68 164 1
68 166 1
68 168 1
68 181 1
68 182 1
68 183 1
68 184 1
68 185 1
68 196 1
68 199 1
69 72 1
69 74 1
69 75 1
69 80 1
69 86 1
69 91 1
69 93 1
69 94 1
69 95 1
69 98 1
69 107 1
69 109 1
69 113 1
69 114 1
69 117 1
69 118 1
69 119 1
69 120 1
69 126 1
69 129 1
69 130 1
69 131 1
69 138 1
69 142 1
69 145 1
69 153 1
69 159 1
69 161 1
69 162 1
69 163 1
69 166 1
69 169 1
69 174 1
69 176 1
69 178 1
69 186 1
69 187 1
69 190 1
69 191 1
69 192 1
69 196 1
70 71 1
70 72 1
70 74 1
70 75 1
70 76 1
70 77 1
70 79 1
70 81 1
70 87 1
70 89 1
70 90 1
70 92 1
70 93 1
70 94 1
70 98 1
70 100 1
70 103 1
70 113 1
70 117 1
70 119 1
70 122 1
70 126 1
70 130 1
70 132 1
70 134 1
70 136 1
70 141 1
70 143 1
70 147 1
70 148 1
70 149 1
70 154 1
70 158 1
70 161 1
70 166 1
70 167 1
70 168 1
70 169 1
70 170 1
70 174 1
70 180 1
70 181 1
70 182 1
70 185 1
70 190 1
70 191 1
70 194 1
71 75 1
71 81 1
71 84 1
71 87 1
71 92 1
71 93 1
71 94 1
71 95 1
71 96 1
71 100 1
71 102 1
71 104 1
71 105 1
71 106 1
71 111 1
71 113 1
71 122 1
71 125 1
71 127 1
71 141 1
71 146 1
71 147 1
71 148 1
71 149 1
71 153 1
71 154 1
71 156 1
71 157 1
71 164 1
71 166 1
71 167 1
71 172 1
71 186 1
71 187 1
71 191 1
71 192 1
71 199 1
72 76 1
72 77 1
72 84 1
72 85 1
72 86 1
72 87 1
72 90 1
72 92 1
72 93 1
72 98 1
72 103 1
72 104 1
72 106 1
72 110 1
72 114 1
72 115 1
72 118 1
72 125 1
72 130 1
72 132 1
72 134 1
72 137 1
72 139 1
72 148 1
72 157 1
72 166 1
72 171 1
72 178 1
72 184 1
72 187 1
72 191 1
72 192 1
72 193 1
72 194 1
72 197 1
72 199 1
73 74 1
73 75 1
73 78 1
73 79 1
73 80 1
73 82 1
73 84 1
73 86 1
73 87 1
73 90 1
73 91 1
73 92 1
73 100 1
73 120 1
73 123 1
73 124 1
73 125 1
73 128 1
73 129 1
73 139 1
73 140 1
73 141 1
73 145 1
73 146 1
73 147 1
73 152 1
73 153 1
73 164 1
73 175 1
73 179 1
73 180 1
73 184 1
73 192 1
73 195 1
73 196 1
73 198 1
73 199 1
74 81 1
74 86 1
74 87 1
74 88 1
74 89 1
74 90 1
74 98 1
74 101 1
74 104 1
74 105 1
74 107 1
74 114 1
74 116 1
74 118 1
74 121 1
74 123 1
74 125 1
74 127 1
74 130 1
74 132 1
74 141 1
74 148 1
74 150 1
74 154 1
74 159 1
74 165 1
74 173 1
74 174 1
74 175 1
74 176 1
74 179 1
74 180 1
74 184 1
74 189 1
74 191 1
75 77 1
75 79 1
75 80 1
75 82 1
75 85 1
75 87 1
75 88 1
75 90 1
75 91 1
75 92 1
75 95 1
75 97 1
75 98 1
75 102 1
75 104 1
75 106 1
75 109 1
75 112 1
75 113 1
75 121 1
75 127 1
75 133 1
75 134 1
75 137 1
75 139 1
75 142 1
75 145 1
75 146 1
75 152 1
75 153 1
75 158 1
75 162 1
75 163 1
75 165 1
75 169 1
75 173 1
75 174 1
75 176 1
75 177 1
75 178 1
75 180 1
75 182 1
75 183 1
75 185 1
75 186 1
75 187 1
75 189 1
75 190 1
75 193 1
75 197 1
76 77 1
76 79 1
76 87 1
76 90 1
76 91 1
76 93 1
76 98 1
76 99 1
76 102 1
76 103 1
76 107 1
76 110 1
76 111 1
76 116 1
76 124 1
76 125 1
76 126 1
76 132 1
76 136 1
76 140 1
76 141 1
76 149 1
76 152 1
76 155 1
76 160 1
76 161 1
76 163 1
76 167 1
76 175 1
76 177 1
76 178 1
76 184 1
76 185 1
76 192 1
76 193 1
76 200 1
77 83 1
77 84 1
77 85 1
77 86 1
77 92 1
77 96 1
77 98 1
77 106 1
77 108 1
77 109 1
77 115 1
77 117 1
77 119 1
77 127 1
77 129 1
77 131 1
77 140 1
77 143 1
77 144 1
77 145 1
77 146 1
77 150 1
77 151 1
77 154 1
77 157 1
77 159 1
77 160 1
77 165 1
77 166 1
77 168 1
77 171 1
77 174 1
77 182 1
77 186 1
77 187 1
77 192 1
77 196 1
77 199 1
78 84 1
78 86 1
78 87 1
78 88 1
78 92 1
78 94 1
78 95 1
78 96 1
78 103 1
78 106 1
78 107 1
78 111 1
78 112 1
78 113 1
78 120 1
78 123 1
78 128 1
78 129 1
78 132 1
78 134 1
78 137 1
78 138 1
78 143 1
78 147 1
78 148 1
78 149 1
78 150 1
78 155 1
78 157 1
78 160 1
78 166 1
78 169 1
78 177 1
78 179 1
78 180 1
78 184 1
78 185 1
78 187 1
78 188 1
78 198 1
78 199 1
78 200 1
79 80 1
79 84 1
79 91 1
79 101 1
79 103 1
79 105 1
79 108 1
79 112 1
79 114 1
79 116 1
79 121 1
79 129 1
79 132 1
79 137 1
79 142 1
79 144 1
79 145 1
79 146 1
79 147 1
79 152 1
79 163 1
79 165 1
79 167 1
79 168 1
79 170 1
79 171 1
79 173 1
79 177 1
79 178 1
79 180 1
79 182 1
79 186 1
79 192 1
79 196 1
79 198 1
80 81 1
80 85 1
80 87 1
80 95 1
80 96 1
80 101 1
80 102 1
80 104 1
80 107 1
80 109 1
80 114 1
80 116 1
80 129 1
80 131 1
80 132 1
80 134 1
80 135 1
80 136 1
80 137 1
80 140 1
80 148 1
80 150 1
80 151 1
80 155 1
80 159 1
80 161 1
80 163 1
80 174 1
80 175 1
80 176 1
80 181 1
80 184 1
80 186 1
80 189 1
80 192 1
80 193 1
80 195 1
80 197 1
80 199 1
81 85 1
81 88 1
81 92 1
81 95 1
81 98 1
81 101 1
81 102 1
81 105 1
81 113 1
81 116 1
81 120 1
81 121 1
81 130 1
81 133 1
81 135 1
81 137 1
81 139 1
81 142 1
81 144 1
81 147 1
81 149 1
81 155 1
81 156 1
81 163 1
81 164 1
81 165 1
81 171 1
81 178 1
81 183 1
81 184 1
81 192 1
81 195 1
82 86 1
82 90 1
82 96 1
82 104 1
82 105 1
82 111 1
82 116 1
82 125 1
82 128 1
82 132 1
82 133 1
82 135 1
82 147 1
82 151 1
82 152 1
82 160 1
82 161 1
82 163 1
82 165 1
82 168 1
82 172 1
82 174 1
82 175 1
82 176 1
82 177 1
82 178 1
82 182 1
82 184 1
82 185 1
82 190 1
82 193 1
82 194 1
83 84 1
83 94 1
83 99 1
83 106 1
83 108 1
83 110 1
83 112 1
83 114 1
83 116 1
83 118 1
83 120 1
83 122 1
83 125 1
83 127 1
83 129 1
83 131 1
83 133 1
83 135 1
83 136 1
83 138 1
83 139 1
83 142 1
83 143 1
83 144 1
83 148 1
83 152 1
83 153 1
83 154 1
83 161 1
83 163 1
83 172 1
83 173 1
83 175 1
83 180 1
83 182 1
83 185 1
83 187 1
83 192 1
83 193 1
83 198 1
83 199 1
83 200 1
84 85 1
84 87 1
84 88 1
84 90 1
84 94 1
84 96 1
84 97 1
84 98 1
84 101 1
84 103 1
84 111 1
84 114 1
84 121 1
84 123 1
84 127 1
84 137 1
84 141 1
84 144 1
84 146 1
84 151 1
84 152 1
84 156 1
84 157 1
84 159 1
84 160 1
84 165 1
84 167 1
84 168 1
84 169 1
84 174 1
84 179 1
84 180 1
84 183 1
84 186 1
84 188 1
84 190 1
84 191 1
84 194 1
85 93 1
85 98 1
85 104 1
85 107 1
85 109 1
85 110 1
85 111 1
85 117 1
85 118 1
85 119 1
85 122 1
85 123 1
85 124 1
85 136 1
85 138 1
85 140 1
85 142 1
85 146 1
85 147 1
85 149 1
85 152 1
85 154 1
85 156 1
85 158 1
85 162 1
85 167 1
85 170 1
85 173 1
85 174 1
85 176 1
85 177 1
85 181 1
85 186 1
85 189 1
85 193 1
85 194 1
85 199 1
86 89 1
86 100 1
86 103 1
86 105 1
86 115 1
86 119 1
86 126 1
86 128 1
86 129 1
86 131 1
86 133 1
86 138 1
86 139 1
86 141 1
86 143 1
86 149 1
86 151 1
86 153 1
86 162 1
86 167 1
86 170 1
86 171 1
86 172 1
86 173 1
86 178 1
86 179 1
86 185 1
86 188 1
86 190 1
86 191 1
86 192 1
86 193 1
86 197 1
86 199 1
86 200 1
87 89 1
87 90 1
87 96 1
87 98 1
87 102 1
87 107 1
87 112 1
87 113 1
87 115 1
87 118 1
87 121 1
87 124 1
87 127 1
87 129 1
87 132 1
87 138 1
87 139 1
87 142 1
87 152 1
87 153 1
87 154 1
87 155 1
87 157 1
87 158 1
87 160 1
87 162 1
87 163 1
87 167 1
87 170 1
87 171 1
87 173 1
87 180 1
87 183 1
87 190 1
87 191 1
87 194 1
87 197 1
87 200 1
88 92 1
88 93 1
88 95 1
88 101 1
88 105 1
88 113 1
88 118 1
88 120 1
88 122 1
88 137 1
88 142 1
88 146 1
88 147 1
88 152 1
88 153 1
88 155 1
88 157 1
88 160 1
88 163 1
88 170 1
88 172 1
88 173 1
88 174 1
88 176 1
88 178 1
88 180 1
88 182 1
88 185 1
88 189 1
88 190 1
89 92 1
89 95 1
89 97 1
89 98 1
89 100 1
89 107 1
89 108 1
89 109 1
89 110 1
89 113 1
89 117 1
89 120 1
89 124 1
89 127 1
89 132 1
89 133 1
89 134 1
89 136 1
89 137 1
89 138 1
89 139 1
89 140 1
89 141 1
89 147 1
89 149 1
89 154 1
89 159 1
89 160 1
89 161 1
89 166 1
89 169 1
89 177 1
89 178 1
89 180 1
89 184 1
89 189 1
89 190 1
89 197 1
90 91 1
90 95 1
90 105 1
90 106 1
90 107 1
90 108 1
90 110 1
90 111 1
90 114 1
90 119 1
90 121 1
90 123 1
90 125 1
90 132 1
90 134 1
90 137 1
90 141 1
90 149 1
90 151 1
90 154 1
90 155 1
90 158 1
90 159 1
90 160 1
90 164 1
90 166 1
90 173 1
90 174 1
90 176 1
90 181 1
90 182 1
90 185 1
90 186 1
90 192 1
90 194 1
90 197 1
90 198 1
90 200 1
91 93 1
91 94 1
91 96 1
91 98 1
91 100 1
91 102 1
91 103 1
91 105 1
91 107 1
91 117 1
91 122 1
91 123 1
91 125 1
91 126 1
91 128 1
91 129 1
91 131 1
91 132 1
91 135 1
91 137 1
91 141 1
91 142 1
91 143 1
91 145 1
91 146 1
91 148 1
91 149 1
91 158 1
91 163 1
91 165 1
91 166 1
91 167 1
91 171 1
91 181 1
91 183 1
91 185 1
91 190 1
91 196 1
91 197 1
92 95 1
92 96 1
92 101 1
92 103 1
92 104 1
92 115 1
92 122 1
92 123 1
92 131 1
92 132 1
92 134 1
92 138 1
92 145 1
92 151 1
92 159 1
92 161 1
92 162 1
92 168 1
92 170 1
92 172 1
92 180 1
92 181 1
92 194 1
92 196 1
92 199 1
92 200 1
93 94 1
93 113 1
93 116 1
93 117 1
93 131 1
93 133 1
93 139 1
93 142 1
93 146 1
93 147 1
93 152 1
93 153 1
93 160 1
93 161 1
93 166 1
93 167 1
93 172 1
93 174 1
93 175 1
93 177 1
93 181 1
93 187 1
93 188 1
93 191 1
93 192 1
93 193 1
93 194 1
93 197 1
93 199 1
94 95 1
94 100 1
94 101 1
94 107 1
94 112 1
94 113 1
94 116 1
94 119 1
94 121 1
94 123 1
94 124 1
94 125 1
94 128 1
94 129 1
94 135 1
94 136 1
94 138 1
94 141 1
94 144 1
94 145 1
94 146 1
94 148 1
94 153 1
94 155 1
94 157 1
94 158 1
94 163 1
94 164 1
94 166 1
94 167 1
94 174 1
94 177 1
94 178 1
94 180 1
94 185 1
94 186 1
94 187 1
94 189 1
94 191 1
94 194 1
94 195 1
94 198 1
95 101 1
95 104 1
95 111 1
95 112 1
95 116 1
95 120 1
95 122 1
95 126 1
95 131 1
95 143 1
95 144 1
95 147 1
95 153 1
95 155 1
95 157 1
95 159 1
95 162 1
95 163 1
95 165 1
95 168 1
95 169 1
95 171 1
95 174 1
95 175 1
95 176 1
95 178 1
95 181 1
95 182 1
95 184 1
95 187 1
95 198 1
96 98 1
96 101 1
96 111 1
96 114 1
96 120 1
96 129 1
96 132 1
96 133 1
96 135 1
96 144 1
96 146 1
96 150 1
96 153 1
96 165 1
96 169 1
96 170 1
96 172 1
96 173 1
96 174 1
96 177 1
96 178 1
96 179 1
96 180 1
96 185 1
96 195 1
96 197 1
97 99 1
97 106 1
97 107 1
97 112 1
97 117 1
97 119 1
97 126 1
97 127 1
97 129 1
97 132 1
97 134 1
97 135 1
97 137 1
97 138 1
97 143 1
97 147 1
97 150 1
97 151 1
97 152 1
97 159 1
97 160 1
97 161 1
97 164 1
97 175 1
97 176 1
97 189 1
97 196 1
97 197 1
98 101 1
98 102 1
98 109 1
98 111 1
98 112 1
98 117 1
98 122 1
98 123 1
98 124 1
98 125 1
98 128 1
98 129 1
98 132 1
98 133 1
98 137 1
98 138 1
98 146 1
98 149 1
98 150 1
98 151 1
98 153 1
98 158 1
98 160 1
98 162 1
98 163 1
98 169 1
98 171 1
98 173 1
98 181 1
98 184 1
98 185 1
98 186 1
98 188 1
98 190 1
98 191 1
98 192 1
98 195 1
98 196 1
98 197 1
98 200 1
99 100 1
99 106 1
99 108 1
99 111 1
99 113 1
99 116 1
99 117 1
99 118 1
99 121 1
99 125 1
99 134 1
99 135 1
99 136 1
99 143 1
99 145 1
99 149 1
99 150 1
99 155 1
99 160 1
99 165 1
99 172 1
99 174 1
99 176 1
99 177 1
99 178 1
99 180 1
99 185 1
99 189 1
99 190 1
99 192 1
99 194 1
100 101 1
100 104 1
100 107 1
100 112 1
100 114 1
100 119 1
100 121 1
100 124 1
100 129 1
100 137 1
100 139 1
100 143 1
100 151 1
100 161 1
100 162 1
100 163 1
100 164 1
100 180 1
100 188 1
100 189 1
100 190 1
100 196 1
100 197 1
100 198 1
100 200 1
101 102 1
101 106 1
101 108 1
101 111 1
101 116 1
101 121 1
101 122 1
101 130 1
101 131 1
101 133 1
101 135 1
101 138 1
101 141 1
101 149 1
101 151 1
101 152 1
101 157 1
101 162 1
101 169 1
101 170 1
101 172 1
101 173 1
101 175 1
101 177 1
101 179 1
101 185 1
101 186 1
101 191 1
101 198 1
101 199 1
102 108 1
102 111 1
102 113 1
102 115 1
102 117 1
102 118 1
102 119 1
102 125 1
102 126 1
102 128 1
102 130 1
102 141 1
102 152 1
102 153 1
102 163 1
102 164 1
102 167 1
102 172 1
102 174 1
102 178 1
102 180 1
102 183 1
102 185 1
102 186 1
102 187 1
102 193 1
102 195 1
102 197 1
102 198 1
102 200 1
103 104 1
103 109 1
103 110 1
103 112 1
103 113 1
103 117 1
103 118 1
103 120 1
103 121 1
103 125 1
103 137 1
103 142 1
103 144 1
103 145 1
103 149 1
103 152 1
103 153 1
103 154 1
103 156 1
103 160 1
103 169 1
103 171 1
103 172 1
103 173 1
103 175 1
103 177 1
103 181 1
103 184 1
103 187 1
103 192 1
103 195 1
103 197 1
104 111 1
104 112 1
104 114 1
104 118 1
104 128 1
104 129 1
104 131 1
104 133 1
104 135 1
104 140 1
104 146 1
104 147 1
104 148 1
104 149 1
104 155 1
104 157 1
104 166 1
104 170 1
104 171 1
104 178 1
104 180 1
104 187 1
104 190 1
104 191 1
104 192 1
104 194 1
104 195 1
104 197 1
105 115 1
105 130 1
105 132 1
105 139 1
105 140 1
105 144 1
105 147 1
105 148 1
105 152 1
105 154 1
105 156 1
105 164 1
105 165 1
105 169 1
105 178 1
105 179 1
105 189 1
105 190 1
105 195 1
105 200 1
106 107 1
106 121 1
106 123 1
106 128 1
106 136 1
106 138 1
106 139 1
106 143 1
106 146 1
106 147 1
106 151 1
106 154 1
106 158 1
106 159 1
106 163 1
106 165 1
106 166 1
106 171 1
106 172 1
106 176 1
106 180 1
106 181 1
106 185 1
106 186 1
106 200 1
107 112 1
107 114 1
107 135 1
107 136 1
107 138 1
107 140 1
107 143 1
107 147 1
107 148 1
107 152 1
107 153 1
107 155 1
107 156 1
107 157 1
107 161 1
107 163 1
107 166 1
107 180 1
107 181 1
107 185 1
107 188 1
107 189 1
107 191 1
107 192 1
107 194 1
107 195 1
107 197 1
108 110 1
108 112 1
108 113 1
108 117 1
108 118 1
108 119 1
108 125 1
108 133 1
108 136 1
108 143 1
108 145 1
108 157 1
108 160 1
108 163 1
108 165 1
108 169 1
108 173 1
108 176 1
108 177 1
108 182 1
108 184 1
108 186 1
108 193 1
108 195 1
108 196 1
108 198 1
108 200 1
109 114 1
109 115 1
109 116 1
109 118 1
109 132 1
109 133 1
109 136 1
109 137 1
109 139 1
109 143 1
109 145 1
109 155 1
109 156 1
109 160 1
109 165 1
109 174 1
109 175 1
109 180 1
109 190 1
109 191 1
109 193 1
109 197 1
109 198 1
109 199 1
110 111 1
110 112 1
110 115 1
110 120 1
110 121 1
110 122 1
110 126 1
110 128 1
110 129 1
110 130 1
110 132 1
110 133 1
110 144 1
110 150 1
110 155 1
110 159 1
110 160 1
110 163 1
110 164 1
110 170 1
110 171 1
110 172 1
110 175 1
110 177 1
110 178 1
110 179 1
110 181 1
110 183 1
110 196 1
110 200 1
111 113 1
111 118 1
111 119 1
111 127 1
111 132 1
111 133 1
111 134 1
111 139 1
111 144 1
111 146 1
111 147 1
111 150 1
111 151 1
111 154 1
111 155 1
111 158 1
111 160 1
111 162 1
111 166 1
111 169 1
111 175 1
111 178 1
111 180 1
111 181 1
111 182 1
111 184 1
111 185 1
111 186 1
111 187 1
111 191 1
111 192 1
111 195 1
112 114 1
112 116 1
112 122 1
112 125 1
112 127 1
112 130 1
112 135 1
112 138 1
112 149 1
112 156 1
112 157 1
112 162 1
112 164 1
112 169 1
112 179 1
112 180 1
112 186 1
112 191 1
112 194 1
112 197 1
112 199 1
112 200 1
113 114 1
113 116 1
113 122 1
113 123 1
113 126 1
113 127 1
113 131 1
113 133 1
113 135 1
113 138 1
113 141 1
113 143 1
113 145 1
113 149 1
113 153 1
113 155 1
113 156 1
113 157 1
113 158 1
113 163 1
113 165 1
113 168 1
113 174 1
113 175 1
113 180 1
113 193 1
113 194 1
113 200 1
114 117 1
114 120 1
114 124 1
114 128 1
114 131 1
114 134 1
114 140 1
114 141 1
114 142 1
114 147 1
114 157 1
114 167 1
114 176 1
114 182 1
114 192 1
114 198 1
114 199 1
115 119 1
115 120 1
115 121 1
115 122 1
115 127 1
115 129 1
115 131 1
115 133 1
115 139 1
115 155 1
115 159 1
115 164 1
115 166 1
115 167 1
115 168 1
115 169 1
115 173 1
115 177 1
115 178 1
115 179 1
115 185 1
115 186 1
115 193 1
115 194 1
116 117 1
116 118 1
116 120 1
116 122 1
116 123 1
116 126 1
116 129 1
116 131 1
116 132 1
116 135 1
116 141 1
116 143 1
116 147 1
116 149 1
116 155 1
116 157 1
116 158 1
116 159 1
116 160 1
116 161 1
116 165 1
116 170 1
116 174 1
116 176 1
116 181 1
116 189 1
116 192 1
116 193 1
116 194 1
116 195 1
116 196 1
117 123 1
117 128 1
117 129 1
117 135 1
117 137 1
117 139 1
117 140 1
117 144 1
117 148 1
117 152 1
117 154 1
117 155 1
117 160 1
117 161 1
117 164 1
117 177 1
117 179 1
117 183 1
117 186 1
117 192 1
117 196 1
117 198 1
117 200 1
118 123 1
118 125 1
118 129 1
118 130 1
118 131 1
118 132 1
118 134 1
118 137 1
118 138 1
118 142 1
118 145 1
118 153 1
118 155 1
118 157 1
118 160 1
118 161 1
118 162 1
118 164 1
118 165 1
118 178 1
118 181 1
118 184 1
118 185 1
118 188 1
118 191 1
118 198 1
119 123 1
119 125 1
119 130 1
119 135 1
119 138 1
119 140 1
119 144 1
119 160 1
119 161 1
119 162 1
119 163 1
119 164 1
119 166 1
119 176 1
119 178 1
119 180 1
119 181 1
119 182 1
119 183 1
119 188 1
119 190 1
119 193 1
119 196 1
119 200 1
120 125 1
120 131 1
120 134 1
120 140 1
120 143 1
120 145 1
120 149 1
120 151 1
120 154 1
120 161 1
120 164 1
120 165 1
120 171 1
120 173 1
120 174 1
120 175 1
120 176 1
120 177 1
120 178 1
120 179 1
120 184 1
120 186 1
120 187 1
120 188 1
120 190 1
120 193 1
120 194 1
120 196 1
120 199 1
120 200 1
121 122 1
121 123 1
121 125 1
121 130 1
121 132 1
121 137 1
121 139 1
121 140 1
121 141 1
121 142 1
121 145 1
121 149 1
121 155 1
121 159 1
121 160 1
121 161 1
121 166 1
121 172 1
121 175 1
121 179 1
121 183 1
121 184 1
121 186 1
121 187 1
121 188 1
121 189 1
121 192 1
121 197 1
122 125 1
122 127 1
122 133 1
122 136 1
122 139 1
122 144 1
122 148 1
122 151 1
122 152 1
122 156 1
122 157 1
122 166 1
122 168 1
122 171 1
122 177 1
122 181 1
122 182 1
122 183 1
122 184 1
122 193 1
122 194 1
122 198 1
122 199 1
122 200 1
123 125 1
123 130 1
123 132 1
123 133 1
123 136 1
123 143 1
123 149 1
123 152 1
123 155 1
123 156 1
123 160 1
123 163 1
123 167 1
123 169 1
123 170 1
123 172 1
123 174 1
123 176 1
123 180 1
123 181 1
123 183 1
123 184 1
123 187 1
123 189 1
123 194 1
123 196 1
124 133 1
124 141 1
124 143 1
124 144 1
124 146 1
124 148 1
124 149 1
124 151 1
124 152 1
124 156 1
124 157 1
124 163 1
124 170 1
124 174 1
124 177 1
124 192 1
124 193 1
124 195 1
124 196 1
125 131 1
125 140 1
125 143 1
125 148 1
125 149 1
125 151 1
125 152 1
125 160 1
125 161 1
125 162 1
125 163 1
125 165 1
125 182 1
125 186 1
125 188 1
125 191 1
126 128 1
126 130 1
126 134 1
126 135 1
126 140 1
126 144 1
126 148 1
126 152 1
126 155 1
126 156 1
126 157 1
126 160 1
126 162 1
126 165 1
126 170 1
126 174 1
126 179 1
126 184 1
126 187 1
126 188 1
126 189 1
126 191 1
126 195 1
126 196 1
127 136 1
127 138 1
127 143 1
127 145 1
127 156 1
127 159 1
127 162 1
127 164 1
127 166 1
127 167 1
127 169 1
127 170 1
127 171 1
127 174 1
127 181 1
127 187 1
127 189 1
127 190 1
127 191 1
127 198 1
127 199 1
128 129 1
128 130 1
128 132 1
128 134 1
128 135 1
128 136 1
128 137 1
128 140 1
128 141 1
128 143 1
128 144 1
128 146 1
128 155 1
128 157 1
128 159 1
128 160 1
128 162 1
128 165 1
128 167 1
128 168 1
128 169 1
128 180 1
128 186 1
128 192 1
128 193 1
128 194 1
128 195 1
128 196 1
128 198 1
129 131 1
129 136 1
129 141 1
129 145 1
129 147 1
129 149 1
129 150 1
129 152 1
129 153 1
129 155 1
129 159 1
129 162 1
129 168 1
129 173 1
129 174 1
129 175 1
129 176 1
129 182 1
129 183 1
129 184 1
129 195 1
129 198 1
130 137 1
130 142 1
130 145 1
130 146 1
130 150 1
130 153 1
130 155 1
130 157 1
130 162 1
130 166 1
130 167 1
130 175 1
130 182 1
130 183 1
130 186 1
130 187 1
130 189 1
130 195 1
130 197 1
130 198 1
130 200 1
131 139 1
131 147 1
131 152 1
131 153 1
131 156 1
131 158 1
131 168 1
131 169 1
131 174 1
131 175 1
131 178 1
131 180 1
131 181 1
131 183 1
131 184 1
131 186 1
131 189 1
131 190 1
131 194 1
131 196 1
131 198 1
132 133 1
132 134 1
132 135 1
132 138 1
132 139 1
132 140 1
132 143 1
132 145 1
132 148 1
132 156 1
132 159 1
132 161 1
132 163 1
132 166 1
132 169 1
132 175 1
132 177 1
132 185 1
132 186 1
132 188 1
132 190 1
132 192 1
132 198 1
132 199 1
132 200 1
133 134 1
133 138 1
133 144 1
133 145 1
133 146 1
133 154 1
133 155 1
133 159 1
133 162 1
133 168 1
133 171 1
133 172 1
133 173 1
133 175 1
133 180 1
133 191 1
133 192 1
133 198 1
133 200 1
134 137 1
134 141 1
134 142 1
134 145 1
134 147 1
134 152 1
134 154 1
134 156 1
134 157 1
134 159 1
134 166 1
134 167 1
134 181 1
134 188 1
134 189 1
134 190 1
134 192 1
134 196 1
134 199 1
135 136 1
135 140 1
135 141 1
135 152 1
135 155 1
135 158 1
135 159 1
135 163 1
135 170 1
135 171 1
135 175 1
135 179 1
135 180 1
135 182 1
135 183 1
135 184 1
135 190 1
135 191 1
135 197 1
136 138 1
136 139 1
136 140 1
136 141 1
136 145 1
136 153 1
136 157 1
136 159 1
136 164 1
136 166 1
136 171 1
136 179 1
136 180 1
136 181 1
136 182 1
136 184 1
136 185 1
136 188 1
136 189 1
136 194 1
136 195 1
137 140 1
137 142 1
137 147 1
137 154 1
137 157 1
137 160 1
137 165 1
137 167 1
137 176 1
137 179 1
137 185 1
137 186 1
137 187 1
137 193 1
137 196 1
137 197 1
138 142 1
138 146 1
138 150 1
138 158 1
138 159 1
138 160 1
138 161 1
138 162 1
138 163 1
138 169 1
138 170 1
138 174 1
138 175 1
138 177 1
138 180 1
138 185 1
138 186 1
138 187 1
138 189 1
138 190 1
138 191 1
138 192 1
138 194 1
138 199 1
139 142 1
139 143 1
139 146 1
139 147 1
139 148 1
139 150 1
139 152 1
139 156 1
139 158 1
139 159 1
139 161 1
139 163 1
139 168 1
139 169 1
139 174 1
139 176 1
139 179 1
139 182 1
139 183 1
139 188 1
139 190 1
139 195 1
139 198 1
139 199 1
140 142 1
140 149 1
140 153 1
140 160 1
140 164 1
140 165 1
140 167 1
140 169 1
140 170 1
140 173 1
140 175 1
140 177 1
140 180 1
140 182 1
140 189 1
140 190 1
140 195 1
140 198 1
141 144 1
141 146 1
141 147 1
141 148 1
141 149 1
141 150 1
141 158 1
141 160 1
141 161 1
141 164 1
141 165 1
141 167 1
141 169 1
141 174 1
141 177 1
141 181 1
141 185 1
141 186 1
141 189 1
141 190 1
141 194 1
141 197 1
142 144 1
142 146 1
142 153 1
142 155 1
142 158 1
142 159 1
142 162 1
142 168 1
142 171 1
142 173 1
142 176 1
142 183 1
142 185 1
142 191 1
142 200 1
143 148 1
143 149 1
143 150 1
143 153 1
143 154 1
143 158 1
143 164 1
143 168 1
143 173 1
143 175 1
143 177 1
143 178 1
143 185 1
143 193 1
143 199 1
144 145 1
144 148 1
144 150 1
144 151 1
144 153 1
144 154 1
144 155 1
144 164 1
144 172 1
144 173 1
144 177 1
144 183 1
144 187 1
144 190 1
144 191 1
144 192 1
144 198 1
144 199 1
145 148 1
145 149 1
145 153 1
145 160 1
145 161 1
145 163 1
145 165 1
145 166 1
145 169 1
145 174 1
145 178 1
145 181 1
145 183 1
145 184 1
145 186 1
145 192 1
145 193 1
145 197 1
146 147 1
146 159 1
146 167 1
146 168 1
146 170 1
146 171 1
146 184 1
146 185 1
146 186 1
146 191 1
146 192 1
146 199 1
147 149 1
147 150 1
147 151 1
147 155 1
147 156 1
147 163 1
147 167 1
147 170 1
147 171 1
147 174 1
147 175 1
147 176 1
147 177 1
147 180 1
147 181 1
147 182 1
147 186 1
147 188 1
147 191 1
147 194 1
147 198 1
147 199 1
147 200 1
148 152 1
148 155 1
148 158 1
148 161 1
148 170 1
148 173 1
148 177 1
148 185 1
148 188 1
148 190 1
148 192 1
148 199 1
149 151 1
149 154 1
149 155 1
149 157 1
149 158 1
149 164 1
149 165 1
149 166 1
149 168 1
149 169 1
149 171 1
149 172 1
149 175 1
149 180 1
149 182 1
149 185 1
149 187 1
149 188 1
149 192 1
149 194 1
149 197 1
150 155 1
150 157 1
150 160 1
150 163 1
150 166 1
150 167 1
150 171 1
150 172 1
150 175 1
150 177 1
150 182 1
150 187 1
150 188 1
150 191 1
150 192 1
151 154 1
151 156 1
151 162 1
151 164 1
151 166 1
151 167 1
151 169 1
151 170 1
151 171 1
151 175 1
151 181 1
151 186 1
151 199 1
152 153 1
152 162 1
152 166 1
152 168 1
152 171 1
152 172 1
152 177 1
152 188 1
152 190 1
152 191 1
152 193 1
152 198 1
152 199 1
152 200 1
153 155 1
153 159 1
153 162 1
153 165 1
153 167 1
153 168 1
153 170 1
153 172 1
153 175 1
153 177 1
153 179 1
153 180 1
153 182 1
153 183 1
153 186 1
153 188 1
153 190 1
153 195 1
153 198 1
154 155 1
154 156 1
154 160 1
154 161 1
154 162 1
154 165 1
154 168 1
154 171 1
154 179 1
154 182 1
154 184 1
154 187 1
154 190 1
154 193 1
154 197 1
154 198 1
154 200 1
155 158 1
155 161 1
155 162 1
155 163 1
155 167 1
155 170 1
155 174 1
155 175 1
155 177 1
155 178 1
155 182 1
155 183 1
155 191 1
155 194 1
156 162 1
156 165 1
156 170 1
156 175 1
156 176 1
156 177 1
156 178 1
156 184 1
156 185 1
156 186 1
156 188 1
156 197 1
156 200 1
157 161 1
157 162 1
157 164 1
157 166 1
157 173 1
157 180 1
157 181 1
157 182 1
157 186 1
157 190 1
157 191 1
157 194 1
158 163 1
158 174 1
158 182 1
158 185 1
158 186 1
158 189 1
158 190 1
158 191 1
158 194 1
158 196 1
158 198 1
159 160 1
159 162 1
159 163 1
159 165 1
159 167 1
159 169 1
159 172 1
159 175 1
159 178 1
159 182 1
159 186 1
159 190 1
159 191 1
159 195 1
159 198 1
160 163 1
160 164 1
160 166 1
160 170 1
160 173 1
160 178 1
160 181 1
160 182 1
160 186 1
160 187 1
160 188 1
160 189 1
160 191 1
160 193 1
160 194 1
161 163 1
161 167 1
161 169 1
161 174 1
161 185 1
161 189 1
161 190 1
161 192 1
161 197 1
161 198 1
161 200 1
162 166 1
162 170 1
162 173 1
162 177 1
162 178 1
162 181 1
162 182 1
162 183 1
162 185 1
162 188 1
162 191 1
162 199 1
162 200 1
163 165 1
163 175 1
163 179 1
163 182 1
163 183 1
163 184 1
163 187 1
163 195 1
163 198 1
163 200 1
164 167 1
164 169 1
164 170 1
164 177 1
164 183 1
164 184 1
164 185 1
164 188 1
164 189 1
164 191 1
164 197 1
164 199 1
165 168 1
165 172 1
165 178 1
165 180 1
165 181 1
165 182 1
165 185 1
165 189 1
165 191 1
165 199 1
166 171 1
166 174 1
166 177 1
166 181 1
166 183 1
166 186 1
166 187 1
167 168 1
167 170 1
167 183 1
167 187 1
167 191 1
168 176 1
168 179 1
168 180 1
168 181 1
168 182 1
168 185 1
168 187 1
168 189 1
168 190 1
168 192 1
168 197 1
168 199 1
169 171 1
169 173 1
169 177 1
169 178 1
169 180 1
169 181 1
169 186 1
169 187 1
169 196 1
170 171 1
170 178 1
170 180 1
170 181 1
170 187 1
170 191 1
170 195 1
170 200 1
171 176 1
171 187 1
171 188 1
171 191 1
171 192 1
171 193 1
171 195 1
171 197 1
172 173 1
172 179 1
172 180 1
172 187 1
172 189 1
172 193 1
173 174 1
173 175 1
173 179 1
173 180 1
173 186 1
173 187 1
173 189 1
173 194 1
173 195 1
173 197 1
173 199 1
174 177 1
174 178 1
174 179 1
174 183 1
174 189 1
174 191 1
174 195 1
174 200 1
175 179 1
175 185 1
175 186 1
175 191 1
175 192 1
175 194 1
175 197 1
176 177 1
176 178 1
176 191 1
176 194 1
176 195 1
176 196 1
176 200 1
177 184 1
177 191 1
177 192 1
177 194 1
177 198 1
178 184 1
178 186 1
178 188 1
178 189 1
178 190 1
178 191 1
178 194 1
178 196 1
179 180 1
179 182 1
179 186 1
179 193 1
179 195 1
179 197 1
180 183 1
180 186 1
180 187 1
180 188 1
180 190 1
180 192 1
180 193 1
180 195 1
180 196 1
181 182 1
181 184 1
181 187 1
181 191 1
181 192 1
181 194 1
181 195 1
182 185 1
182 187 1
182 190 1
182 191 1
182 192 1
182 195 1
183 185 1
183 186 1
183 189 1
183 195 1
183 198 1
183 200 1
184 185 1
184 194 1
185 187 1
185 188 1
185 192 1
185 199 1
185 200 1
186 188 1
186 191 1
186 196 1
187 193 1
187 197 1
188 191 1
188 192 1
188 194 1
188 196 1
189 195 1
189 199 1
190 193 1
190 194 1
190 196 1
190 197 1
190 199 1
191 193 1
191 194 1
191 197 1
191 199 1
191 200 1
193 196 1
193 197 1
195 196 1
195 199 1
195 200 1
197 199 1
199 200 1
