125 3891
1 2 1
1 3 1
1 4 1
1 5 1
1 6 1
1 10 1
1 11 1
1 12 1
1 13 1
1 15 1
1 16 1
1 17 1
1 18 1
1 21 1
1 22 1
1 25 1
1 26 1
1 27 1
1 28 1
1 29 1
1 30 1
1 32 1
1 33 1
1 36 1
1 37 1
1 38 1
1 40 1
1 45 1
1 46 1
1 47 1
1 49 1
1 54 1
1 56 1
1 57 1
1 58 1
1 59 1
1 60 1
1 61 1
1 62 1
1 67 1
1 69 1
1 71 1
1 80 1
1 81 1
1 82 1
1 83 1
1 84 1
1 91 1
1 92 1
1 93 1
1 94 1
1 95 1
1 96 1
1 97 1
1 98 1
1 99 1
1 100 1
1 101 1
1 103 1
1 104 1
1 105 1
1 106 1
1 107 1
1 108 1
1 114 1
1 116 1
1 117 1
1 120 1
1 121 1
1 122 1
1 123 1
1 124 1
2 4 1
2 5 1
2 6 1
2 7 1
2 10 1
2 11 1
2 13 1
2 14 1
2 15 1
2 18 1
2 21 1
2 23 1
2 26 1
2 27 1
2 28 1
2 30 1
2 31 1
2 32 1
2 33 1
2 34 1
2 35 1
2 37 1
2 39 1
2 40 1
2 42 1
2 44 1
2 46 1
2 49 1
2 50 1
2 54 1
2 55 1
2 56 1
2 57 1
2 58 1
2 59 1
2 60 1
2 61 1
2 62 1
2 64 1
2 66 1
2 67 1
2 68 1
2 70 1
2 72 1
2 73 1
2 74 1
2 75 1
2 76 1
2 78 1
2 79 1
2 82 1
2 89 1
2 91 1
2 94 1
2 98 1
2 100 1
2 102 1
2 104 1
2 105 1
2 111 1
2 113 1
2 114 1
2 115 1
2 116 1
2 118 1
2 123 1
2 124 1
3 4 1
3 5 1
3 6 1
3 7 1
3 8 1
3 10 1
3 13 1
3 14 1
3 17 1
3 18 1
3 24 1
3 25 1
3 28 1
3 30 1
3 32 1
3 33 1
3 34 1
3 36 1
3 37 1
3 40 1
3 41 1
3 42 1
3 43 1
3 44 1
3 45 1
3 49 1
3 50 1
3 54 1
3 57 1
3 59 1
3 60 1
3 61 1
3 64 1
3 65 1
3 66 1
3 69 1
3 71 1
3 74 1
3 78 1
3 79 1
3 80 1
3 81 1
3 82 1
3 83 1
3 84 1
3 85 1
3 87 1
3 89 1
3 91 1
3 94 1
3 97 1
3 101 1
3 105 1
3 106 1
3 107 1
3 108 1
3 110 1
3 111 1
3 112 1
3 113 1
3 114 1
3 118 1
3 119 1
3 120 1
3 121 1
3 122 1
3 124 1
4 6 1
4 10 1
4 12 1
4 14 1
4 16 1
4 17 1
4 18 1
4 21 1
4 23 1
4 24 1
4 25 1
4 27 1
4 29 1
4 30 1
4 32 1
4 34 1
4 35 1
4 39 1
4 40 1
4 41 1
4 43 1
4 45 1
4 46 1
4 47 1
4 51 1
4 52 1
4 55 1
4 56 1
4 58 1
4 60 1
4 61 1
4 63 1
4 66 1
4 67 1
4 68 1
4 71 1
4 73 1
4 76 1
4 77 1
4 79 1
4 81 1
4 85 1
4 87 1
4 90 1
4 92 1
4 93 1
4 94 1
4 96 1
4 101 1
4 103 1
4 104 1
4 105 1
4 112 1
4 113 1
4 114 1
4 115 1
4 116 1
4 117 1
4 118 1
4 121 1
4 124 1
4 125 1
5 8 1
5 9 1
5 11 1
5 12 1
5 13 1
5 15 1
5 16 1
5 17 1
5 20 1
5 24 1
5 30 1
5 31 1
5 35 1
5 41 1
5 44 1
5 47 1
5 48 1
5 51 1
5 54 1
5 55 1
5 59 1
5 61 1
5 62 1
5 65 1
5 66 1
5 67 1
5 71 1
5 76 1
5 77 1
5 78 1
5 79 1
5 84 1
5 86 1
5 87 1
5 88 1
5 91 1
5 92 1
5 93 1
5 96 1
5 98 1
5 100 1
5 101 1
5 102 1
5 103 1
5 104 1
5 106 1
5 107 1
5 109 1
5 111 1
5 112 1
5 120 1
5 125 1
6 7 1
6 10 1
6 11 1
6 17 1
6 18 1
6 19 1
6 21 1
6 23 1
6 26 1
6 28 1
6 29 1
6 34 1
6 36 1
6 37 1
6 38 1
6 42 1
6 44 1
6 46 1
6 47 1
6 48 1
6 49 1
6 51 1
6 52 1
6 53 1
6 54 1
6 55 1
6 56 1
6 58 1
6 59 1
6 60 1
6 61 1
6 65 1
6 66 1
6 67 1
6 72 1
6 75 1
6 80 1
6 81 1
6 82 1
6 84 1
6 85 1
6 89 1
6 90 1
6 91 1
6 92 1
6 95 1
6 96 1
6 98 1
6 99 1
6 100 1
6 101 1
6 103 1
6 106 1
6 110 1
6 111 1
6 112 1
6 114 1
6 116 1
6 119 1
6 120 1
6 121 1
6 123 1
6 125 1
7 10 1
7 12 1
7 14 1
7 18 1
7 19 1
7 20 1
7 21 1
7 24 1
7 25 1
7 26 1
7 31 1
7 32 1
7 35 1
7 36 1
7 37 1
7 38 1
7 39 1
7 40 1
7 43 1
7 44 1
7 45 1
7 46 1
7 47 1
7 50 1
7 51 1
7 52 1
7 57 1
7 58 1
7 59 1
7 61 1
7 63 1
7 65 1
7 67 1
7 68 1
7 72 1
7 78 1
7 79 1
7 81 1
7 82 1
7 83 1
7 86 1
7 87 1
7 92 1
7 93 1
7 94 1
7 95 1
7 96 1
7 99 1
7 100 1
7 106 1
7 110 1
7 111 1
7 113 1
7 115 1
7 118 1
7 120 1
7 121 1
7 122 1
8 10 1
8 11 1
8 12 1
8 13 1
8 14 1
8 15 1
8 16 1
8 17 1
8 18 1
8 21 1
8 24 1
8 26 1
8 29 1
8 33 1
8 35 1
8 36 1
8 38 1
8 43 1
8 45 1
8 48 1
8 50 1
8 54 1
8 56 1
8 58 1
8 59 1
8 61 1
8 64 1
8 69 1
8 72 1
8 73 1
8 74 1
8 75 1
8 76 1
8 77 1
8 78 1
8 80 1
8 82 1
8 83 1
8 84 1
8 85 1
8 86 1
8 90 1
8 95 1
8 96 1
8 99 1
8 100 1
8 101 1
8 104 1
8 105 1
8 107 1
8 109 1
8 114 1
8 116 1
8 117 1
8 118 1
8 122 1
8 125 1
9 11 1
9 12 1
9 13 1
9 16 1
9 17 1
9 21 1
9 22 1
9 23 1
9 24 1
9 25 1
9 27 1
9 32 1
9 34 1
9 35 1
9 37 1
9 38 1
9 40 1
9 46 1
9 47 1
9 49 1
9 50 1
9 51 1
9 52 1
9 54 1
9 55 1
9 56 1
9 57 1
9 59 1
9 64 1
9 65 1
9 66 1
9 67 1
9 69 1
9 71 1
9 72 1
9 73 1
9 74 1
9 75 1
9 77 1
9 78 1
9 81 1
9 82 1
9 83 1
9 84 1
9 85 1
9 86 1
9 87 1
9 88 1
9 90 1
9 96 1
9 100 1
9 106 1
9 107 1
9 108 1
9 111 1
9 117 1
9 118 1
9 119 1
9 122 1
9 123 1
10 14 1
10 15 1
10 16 1
10 17 1
10 19 1
10 21 1
10 25 1
10 26 1
10 27 1
10 28 1
10 29 1
10 30 1
10 31 1
10 33 1
10 36 1
10 37 1
10 38 1
10 40 1
10 41 1
10 44 1
10 45 1
10 48 1
10 50 1
10 58 1
10 60 1
10 64 1
10 66 1
10 67 1
10 68 1
10 71 1
10 72 1
10 74 1
10 79 1
10 81 1
10 84 1
10 85 1
10 87 1
10 88 1
10 89 1
10 91 1
10 92 1
10 94 1
10 95 1
10 96 1
10 97 1
10 101 1
10 102 1
10 103 1
10 105 1
10 108 1
10 109 1
10 110 1
10 116 1
10 117 1
10 118 1
10 119 1
10 120 1
10 121 1
10 123 1
10 125 1
11 12 1
11 13 1
11 20 1
11 22 1
11 23 1
11 25 1
11 28 1
11 30 1
11 31 1
11 32 1
11 34 1
11 37 1
11 40 1
11 41 1
11 43 1
11 45 1
11 46 1
11 48 1
11 49 1
11 52 1
11 54 1
11 55 1
11 57 1
11 58 1
11 59 1
11 61 1
11 62 1
11 67 1
11 68 1
11 71 1
11 73 1
11 75 1
11 79 1
11 82 1
11 83 1
11 85 1
11 86 1
11 87 1
11 88 1
11 89 1
11 90 1
11 91 1
11 93 1
11 99 1
11 102 1
11 103 1
11 104 1
11 105 1
11 108 1
11 112 1
11 113 1
11 114 1
11 119 1
11 122 1
11 123 1
12 13 1
12 15 1
12 17 1
12 18 1
12 20 1
12 21 1
12 24 1
12 26 1
12 30 1
12 32 1
12 33 1
12 34 1
12 36 1
12 39 1
12 41 1
12 43 1
12 45 1
12 46 1
12 48 1
12 50 1
12 51 1
12 53 1
12 54 1
12 57 1
12 59 1
12 62 1
12 63 1
12 64 1
12 65 1
12 72 1
12 74 1
12 75 1
12 76 1
12 77 1
12 79 1
12 81 1
12 85 1
12 87 1
12 89 1
12 90 1
12 92 1
12 97 1
12 98 1
12 103 1
12 104 1
12 105 1
12 108 1
12 109 1
12 112 1
12 113 1
12 116 1
12 119 1
12 121 1
12 122 1
12 123 1
12 125 1
13 15 1
13 16 1
13 17 1
13 18 1
13 20 1
13 21 1
13 22 1
13 24 1
13 25 1
13 29 1
13 33 1
13 35 1
13 36 1
13 39 1
13 41 1
13 43 1
13 47 1
13 48 1
13 50 1
13 54 1
13 59 1
13 60 1
13 63 1
13 64 1
13 65 1
13 69 1
13 70 1
13 74 1
13 75 1
13 76 1
13 78 1
13 81 1
13 83 1
13 84 1
13 85 1
13 87 1
13 88 1
13 89 1
13 93 1
13 94 1
13 98 1
13 99 1
13 100 1
13 102 1
13 103 1
13 107 1
13 108 1
13 110 1
13 112 1
13 113 1
13 115 1
13 116 1
13 117 1
13 120 1
13 121 1
13 123 1
14 20 1
14 24 1
14 29 1
14 31 1
14 35 1
14 37 1
14 38 1
14 39 1
14 40 1
14 42 1
14 43 1
14 44 1
14 46 1
14 47 1
14 48 1
14 50 1
14 51 1
14 55 1
14 57 1
14 61 1
14 64 1
14 65 1
14 66 1
14 67 1
14 70 1
14 71 1
14 72 1
14 74 1
14 75 1
14 77 1
14 78 1
14 79 1
14 84 1
14 89 1
14 90 1
14 91 1
14 93 1
14 94 1
14 95 1
14 97 1
14 98 1
14 100 1
14 104 1
14 105 1
14 109 1
14 112 1
14 114 1
14 118 1
14 119 1
14 120 1
14 121 1
14 123 1
14 124 1
14 125 1
15 17 1
15 18 1
15 19 1
15 21 1
15 22 1
15 26 1
15 29 1
15 30 1
15 31 1
15 33 1
15 36 1
15 37 1
15 41 1
15 43 1
15 47 1
15 51 1
15 52 1
15 54 1
15 55 1
15 57 1
15 59 1
15 63 1
15 65 1
15 66 1
15 67 1
15 70 1
15 74 1
15 75 1
15 77 1
15 78 1
15 81 1
15 82 1
15 83 1
15 86 1
15 89 1
15 92 1
15 93 1
15 94 1
15 98 1
15 100 1
15 103 1
15 104 1
15 105 1
15 106 1
15 109 1
15 110 1
15 114 1
15 115 1
15 117 1
15 120 1
15 122 1
15 124 1
15 125 1
16 17 1
16 19 1
16 21 1
16 22 1
16 23 1
16 24 1
16 25 1
16 26 1
16 27 1
16 29 1
16 30 1
16 31 1
16 33 1
16 34 1
16 36 1
16 37 1
16 38 1
16 39 1
16 42 1
16 45 1
16 48 1
16 51 1
16 53 1
16 54 1
16 55 1
16 57 1
16 58 1
16 59 1
16 60 1
16 65 1
16 69 1
16 73 1
16 76 1
16 80 1
16 81 1
16 83 1
16 84 1
16 85 1
16 86 1
16 87 1
16 89 1
16 91 1
16 96 1
16 99 1
16 100 1
16 101 1
16 102 1
16 105 1
16 112 1
16 115 1
16 118 1
16 119 1
16 120 1
16 122 1
16 123 1
17 20 1
17 22 1
17 23 1
17 25 1
17 26 1
17 27 1
17 29 1
17 30 1
17 32 1
17 34 1
17 35 1
17 36 1
17 39 1
17 43 1
17 47 1
17 50 1
17 56 1
17 57 1
17 58 1
17 61 1
17 62 1
17 64 1
17 65 1
17 67 1
17 68 1
17 69 1
17 73 1
17 74 1
17 75 1
17 76 1
17 77 1
17 78 1
17 79 1
17 82 1
17 84 1
17 85 1
17 90 1
17 91 1
17 93 1
17 97 1
17 98 1
17 100 1
17 102 1
17 103 1
17 104 1
17 105 1
17 106 1
17 108 1
17 109 1
17 110 1
17 111 1
17 112 1
17 114 1
17 115 1
17 116 1
17 117 1
17 118 1
17 120 1
17 124 1
18 19 1
18 20 1
18 21 1
18 22 1
18 23 1
18 25 1
18 26 1
18 27 1
18 28 1
18 30 1
18 31 1
18 32 1
18 35 1
18 36 1
18 39 1
18 43 1
18 45 1
18 46 1
18 48 1
18 50 1
18 51 1
18 54 1
18 55 1
18 57 1
18 59 1
18 60 1
18 62 1
18 64 1
18 67 1
18 72 1
18 73 1
18 74 1
18 76 1
18 77 1
18 79 1
18 81 1
18 84 1
18 85 1
18 86 1
18 87 1
18 88 1
18 89 1
18 91 1
18 92 1
18 93 1
18 94 1
18 97 1
18 99 1
18 100 1
18 101 1
18 103 1
18 104 1
18 105 1
18 106 1
18 107 1
18 112 1
18 114 1
18 116 1
18 117 1
18 119 1
18 120 1
18 121 1
18 125 1
19 20 1
19 22 1
19 23 1
19 24 1
19 26 1
19 27 1
19 31 1
19 33 1
19 34 1
19 35 1
19 37 1
19 38 1
19 39 1
19 40 1
19 41 1
19 45 1
19 49 1
19 52 1
19 53 1
19 56 1
19 59 1
19 60 1
19 61 1
19 64 1
19 65 1
19 66 1
19 69 1
19 72 1
19 73 1
19 74 1
19 79 1
19 80 1
19 81 1
19 82 1
19 83 1
19 84 1
19 87 1
19 88 1
19 90 1
19 92 1
19 93 1
19 97 1
19 98 1
19 100 1
19 101 1
19 102 1
19 103 1
19 104 1
19 107 1
19 108 1
19 112 1
19 115 1
19 116 1
19 117 1
19 119 1
19 120 1
19 121 1
19 124 1
19 125 1
20 23 1
20 24 1
20 25 1
20 26 1
20 27 1
20 30 1
20 31 1
20 34 1
20 41 1
20 42 1
20 43 1
20 44 1
20 45 1
20 47 1
20 50 1
20 51 1
20 52 1
20 56 1
20 60 1
20 62 1
20 66 1
20 67 1
20 68 1
20 69 1
20 70 1
20 75 1
20 76 1
20 79 1
20 82 1
20 83 1
20 84 1
20 87 1
20 90 1
20 92 1
20 95 1
20 100 1
20 101 1
20 102 1
20 108 1
20 110 1
20 114 1
20 115 1
20 116 1
20 117 1
20 118 1
20 120 1
20 121 1
20 124 1
20 125 1
21 22 1
21 24 1
21 26 1
21 27 1
21 29 1
21 31 1
21 33 1
21 37 1
21 38 1
21 40 1
21 41 1
21 44 1
21 45 1
21 46 1
21 47 1
21 48 1
21 51 1
21 52 1
21 53 1
21 54 1
21 55 1
21 58 1
21 60 1
21 61 1
21 62 1
21 63 1
21 64 1
21 65 1
21 66 1
21 71 1
21 74 1
21 75 1
21 78 1
21 79 1
21 81 1
21 83 1
21 85 1
21 87 1
21 88 1
21 91 1
21 93 1
21 98 1
21 100 1
21 104 1
21 110 1
21 113 1
21 114 1
21 116 1
21 118 1
21 120 1
21 122 1
21 123 1
22 23 1
22 24 1
22 25 1
22 28 1
22 29 1
22 33 1
22 34 1
22 36 1
22 37 1
22 38 1
22 41 1
22 45 1
22 47 1
22 49 1
22 50 1
22 55 1
22 56 1
22 57 1
22 58 1
22 60 1
22 61 1
22 62 1
22 63 1
22 64 1
22 65 1
22 69 1
22 73 1
22 74 1
22 76 1
22 79 1
22 85 1
22 87 1
22 90 1
22 91 1
22 95 1
22 96 1
22 97 1
22 98 1
22 99 1
22 100 1
22 102 1
22 103 1
22 104 1
22 105 1
22 108 1
22 110 1
22 111 1
22 115 1
22 116 1
22 120 1
23 24 1
23 25 1
23 26 1
23 27 1
23 28 1
23 29 1
23 30 1
23 31 1
23 35 1
23 38 1
23 43 1
23 44 1
23 45 1
23 46 1
23 47 1
23 49 1
23 51 1
23 54 1
23 55 1
23 56 1
23 58 1
23 59 1
23 61 1
23 65 1
23 66 1
23 67 1
23 68 1
23 70 1
23 71 1
23 72 1
23 73 1
23 76 1
23 78 1
23 80 1
23 82 1
23 87 1
23 88 1
23 94 1
23 96 1
23 97 1
23 98 1
23 99 1
23 103 1
23 105 1
23 106 1
23 107 1
23 110 1
23 111 1
23 113 1
23 115 1
23 116 1
23 119 1
23 122 1
23 123 1
23 125 1
24 25 1
24 26 1
24 28 1
24 29 1
24 33 1
24 34 1
24 35 1
24 38 1
24 41 1
24 42 1
24 43 1
24 44 1
24 45 1
24 47 1
24 48 1
24 49 1
24 50 1
24 51 1
24 54 1
24 55 1
24 56 1
24 58 1
24 62 1
24 63 1
24 66 1
24 67 1
24 68 1
24 69 1
24 70 1
24 72 1
24 74 1
24 76 1
24 78 1
24 79 1
24 80 1
24 82 1
24 87 1
24 88 1
24 91 1
24 93 1
24 95 1
24 96 1
24 98 1
24 99 1
24 100 1
24 101 1
24 102 1
24 104 1
24 105 1
24 106 1
24 109 1
24 110 1
24 111 1
24 113 1
24 114 1
24 116 1
24 118 1
24 119 1
24 123 1
24 125 1
25 26 1
25 27 1
25 29 1
25 30 1
25 31 1
25 32 1
25 34 1
25 35 1
25 37 1
25 39 1
25 40 1
25 42 1
25 43 1
25 44 1
25 46 1
25 48 1
25 49 1
25 52 1
25 53 1
25 55 1
25 60 1
25 61 1
25 64 1
25 65 1
25 67 1
25 73 1
25 79 1
25 81 1
25 84 1
25 85 1
25 86 1
25 89 1
25 93 1
25 95 1
25 99 1
25 103 1
25 104 1
25 105 1
25 106 1
25 108 1
25 110 1
25 118 1
25 119 1
25 121 1
25 124 1
25 125 1
26 28 1
26 30 1
26 33 1
26 34 1
26 36 1
26 38 1
26 40 1
26 41 1
26 42 1
26 43 1
26 44 1
26 45 1
26 46 1
26 47 1
26 48 1
26 50 1
26 52 1
26 53 1
26 54 1
26 55 1
26 57 1
26 58 1
26 59 1
26 60 1
26 61 1
26 62 1
26 63 1
26 64 1
26 66 1
26 68 1
26 69 1
26 70 1
26 76 1
26 78 1
26 83 1
26 85 1
26 86 1
26 87 1
26 88 1
26 90 1
26 94 1
26 95 1
26 97 1
26 99 1
26 100 1
26 101 1
26 103 1
26 105 1
26 108 1
26 109 1
26 113 1
26 114 1
26 119 1
26 121 1
26 122 1
26 123 1
26 125 1
27 29 1
27 30 1
27 33 1
27 35 1
27 39 1
27 40 1
27 45 1
27 47 1
27 51 1
27 52 1
27 54 1
27 59 1
27 63 1
27 66 1
27 69 1
27 71 1
27 72 1
27 73 1
27 75 1
27 76 1
27 78 1
27 79 1
27 80 1
27 83 1
27 84 1
27 87 1
27 89 1
27 92 1
27 95 1
27 96 1
27 98 1
27 99 1
27 103 1
27 104 1
27 107 1
27 109 1
27 113 1
27 114 1
27 115 1
27 116 1
27 118 1
27 121 1
27 122 1
28 29 1
28 30 1
28 32 1
28 33 1
28 34 1
28 36 1
28 38 1
28 39 1
28 42 1
28 44 1
28 45 1
28 47 1
28 50 1
28 52 1
28 54 1
28 55 1
28 56 1
28 57 1
28 58 1
28 59 1
28 65 1
28 66 1
28 67 1
28 69 1
28 70 1
28 71 1
28 72 1
28 74 1
28 75 1
28 79 1
28 81 1
28 83 1
28 86 1
28 87 1
28 88 1
28 89 1
28 90 1
28 92 1
28 94 1
28 95 1
28 97 1
28 98 1
28 101 1
28 102 1
28 104 1
28 105 1
28 106 1
28 112 1
28 114 1
28 115 1
28 117 1
28 118 1
28 119 1
28 120 1
28 121 1
28 123 1
28 125 1
29 31 1
29 32 1
29 33 1
29 38 1
29 40 1
29 44 1
29 46 1
29 47 1
29 52 1
29 55 1
29 57 1
29 58 1
29 59 1
29 60 1
29 62 1
29 63 1
29 66 1
29 69 1
29 70 1
29 74 1
29 76 1
29 78 1
29 79 1
29 84 1
29 88 1
29 91 1
29 92 1
29 93 1
29 94 1
29 95 1
29 96 1
29 99 1
29 101 1
29 114 1
29 115 1
29 116 1
29 118 1
29 119 1
29 122 1
29 124 1
30 35 1
30 36 1
30 37 1
30 38 1
30 41 1
30 45 1
30 46 1
30 49 1
30 52 1
30 53 1
30 58 1
30 62 1
30 63 1
30 65 1
30 68 1
30 70 1
30 71 1
30 73 1
30 74 1
30 75 1
30 76 1
30 77 1
30 79 1
30 85 1
30 87 1
30 88 1
30 93 1
30 95 1
30 96 1
30 97 1
30 98 1
30 99 1
30 102 1
30 104 1
30 105 1
30 107 1
30 108 1
30 109 1
30 110 1
30 111 1
30 112 1
30 113 1
30 114 1
30 117 1
30 118 1
30 124 1
31 36 1
31 37 1
31 38 1
31 41 1
31 43 1
31 45 1
31 46 1
31 48 1
31 50 1
31 54 1
31 58 1
31 59 1
31 61 1
31 62 1
31 63 1
31 64 1
31 65 1
31 66 1
31 68 1
31 70 1
31 73 1
31 74 1
31 77 1
31 79 1
31 81 1
31 83 1
31 84 1
31 86 1
31 87 1
31 88 1
31 94 1
31 98 1
31 100 1
31 101 1
31 102 1
31 104 1
31 106 1
31 112 1
31 113 1
31 115 1
31 120 1
31 121 1
32 33 1
32 35 1
32 36 1
32 37 1
32 38 1
32 43 1
32 47 1
32 48 1
32 52 1
32 53 1
32 55 1
32 59 1
32 62 1
32 63 1
32 64 1
32 66 1
32 67 1
32 68 1
32 71 1
32 72 1
32 75 1
32 78 1
32 83 1
32 84 1
32 93 1
32 94 1
32 98 1
32 99 1
32 101 1
32 105 1
32 106 1
32 107 1
32 108 1
32 109 1
32 110 1
32 112 1
32 113 1
32 114 1
32 115 1
32 118 1
32 119 1
32 121 1
32 123 1
33 34 1
33 36 1
33 37 1
33 40 1
33 41 1
33 42 1
33 43 1
33 45 1
33 46 1
33 47 1
33 48 1
33 49 1
33 51 1
33 52 1
33 54 1
33 58 1
33 61 1
33 62 1
33 65 1
33 66 1
33 68 1
33 72 1
33 77 1
33 78 1
33 79 1
33 80 1
33 82 1
33 83 1
33 84 1
33 85 1
33 86 1
33 88 1
33 89 1
33 90 1
33 92 1
33 95 1
33 96 1
33 97 1
33 98 1
33 99 1
33 100 1
33 102 1
33 103 1
33 105 1
33 106 1
33 108 1
33 109 1
33 110 1
33 111 1
33 114 1
33 115 1
33 117 1
33 118 1
33 119 1
33 124 1
34 35 1
34 36 1
34 42 1
34 44 1
34 46 1
34 47 1
34 48 1
34 49 1
34 50 1
34 52 1
34 53 1
34 55 1
34 56 1
34 57 1
34 58 1
34 59 1
34 62 1
34 67 1
34 70 1
34 72 1
34 73 1
34 76 1
34 84 1
34 85 1
34 86 1
34 87 1
34 90 1
34 91 1
34 92 1
34 93 1
34 95 1
34 96 1
34 99 1
34 100 1
34 102 1
34 108 1
34 110 1
34 111 1
34 114 1
34 115 1
34 116 1
34 119 1
34 120 1
34 123 1
34 125 1
35 38 1
35 39 1
35 41 1
35 44 1
35 45 1
35 46 1
35 53 1
35 55 1
35 56 1
35 58 1
35 60 1
35 62 1
35 63 1
35 67 1
35 69 1
35 71 1
35 72 1
35 73 1
35 76 1
35 77 1
35 78 1
35 79 1
35 80 1
35 83 1
35 84 1
35 85 1
35 86 1
35 87 1
35 92 1
35 95 1
35 96 1
35 97 1
35 98 1
35 99 1
35 100 1
35 103 1
35 104 1
35 106 1
35 112 1
35 113 1
35 115 1
35 116 1
35 121 1
35 125 1
36 37 1
36 42 1
36 44 1
36 47 1
36 48 1
36 49 1
36 50 1
36 53 1
36 55 1
36 56 1
36 57 1
36 58 1
36 63 1
36 66 1
36 67 1
36 68 1
36 69 1
36 72 1
36 73 1
36 74 1
36 75 1
36 80 1
36 81 1
36 82 1
36 85 1
36 88 1
36 93 1
36 96 1
36 97 1
36 99 1
36 101 1
36 102 1
36 103 1
36 104 1
36 105 1
36 107 1
36 108 1
36 110 1
36 112 1
36 113 1
36 114 1
36 115 1
36 116 1
36 121 1
36 122 1
37 40 1
37 43 1
37 45 1
37 46 1
37 48 1
37 54 1
37 56 1
37 58 1
37 63 1
37 65 1
37 67 1
37 68 1
37 71 1
37 72 1
37 74 1
37 75 1
37 78 1
37 80 1
37 82 1
37 83 1
37 85 1
37 88 1
37 93 1
37 96 1
37 97 1
37 99 1
37 100 1
37 102 1
37 103 1
37 108 1
37 109 1
37 110 1
37 113 1
37 116 1
37 118 1
37 119 1
37 120 1
37 121 1
37 122 1
37 123 1
38 40 1
38 42 1
38 43 1
38 44 1
38 45 1
38 49 1
38 51 1
38 52 1
38 54 1
38 55 1
38 57 1
38 59 1
38 60 1
38 62 1
38 63 1
38 64 1
38 66 1
38 68 1
38 69 1
38 70 1
38 71 1
38 76 1
38 77 1
38 78 1
38 84 1
38 86 1
38 87 1
38 89 1
38 91 1
38 92 1
38 94 1
38 95 1
38 100 1
38 101 1
38 102 1
38 105 1
38 106 1
38 111 1
38 113 1
38 114 1
38 118 1
38 120 1
38 123 1
38 125 1
39 43 1
39 44 1
39 45 1
39 48 1
39 51 1
39 52 1
39 54 1
39 56 1
39 57 1
39 58 1
39 60 1
39 62 1
39 63 1
39 65 1
39 66 1
39 67 1
39 68 1
39 69 1
39 72 1
39 73 1
39 75 1
39 77 1
39 78 1
39 86 1
39 89 1
39 98 1
39 99 1
39 100 1
39 101 1
39 103 1
39 104 1
39 106 1
39 110 1
39 111 1
39 113 1
39 114 1
39 117 1
39 119 1
39 120 1
39 124 1
40 41 1
40 42 1
40 44 1
40 45 1
40 48 1
40 49 1
40 51 1
40 52 1
40 53 1
40 56 1
40 58 1
40 59 1
40 60 1
40 62 1
40 63 1
40 64 1
40 67 1
40 68 1
40 70 1
40 71 1
40 73 1
40 76 1
40 77 1
40 78 1
40 79 1
40 83 1
40 84 1
40 86 1
40 87 1
40 88 1
40 89 1
40 90 1
40 91 1
40 92 1
40 93 1
40 94 1
40 95 1
40 96 1
40 100 1
40 101 1
40 106 1
40 110 1
40 111 1
40 115 1
40 116 1
40 117 1
40 118 1
40 121 1
40 123 1
40 124 1
41 44 1
41 45 1
41 50 1
41 53 1
41 57 1
41 58 1
41 59 1
41 61 1
41 63 1
41 74 1
41 75 1
41 76 1
41 82 1
41 86 1
41 87 1
41 90 1
41 93 1
41 95 1
41 98 1
41 100 1
41 105 1
41 107 1
41 109 1
41 111 1
41 112 1
41 113 1
41 115 1
41 116 1
41 118 1
41 119 1
41 120 1
41 121 1
41 122 1
41 123 1
41 125 1
42 44 1
42 47 1
42 49 1
42 50 1
42 51 1
42 52 1
42 53 1
42 55 1
42 56 1
42 57 1
42 60 1
42 62 1
42 63 1
42 64 1
42 66 1
42 67 1
42 70 1
42 72 1
42 75 1
42 76 1
42 77 1
42 79 1
42 81 1
42 82 1
42 83 1
42 84 1
42 86 1
42 87 1
42 91 1
42 95 1
42 97 1
42 98 1
42 99 1
42 102 1
42 106 1
42 110 1
42 115 1
42 117 1
42 122 1
42 123 1
42 125 1
43 44 1
43 45 1
43 50 1
43 53 1
43 56 1
43 57 1
43 58 1
43 60 1
43 65 1
43 66 1
43 68 1
43 75 1
43 76 1
43 78 1
43 79 1
43 83 1
43 84 1
43 88 1
43 91 1
43 97 1
43 99 1
43 102 1
43 104 1
43 106 1
43 107 1
43 108 1
43 109 1
43 110 1
43 112 1
43 114 1
43 116 1
43 119 1
43 121 1
43 124 1
43 125 1
44 45 1
44 50 1
44 51 1
44 52 1
44 53 1
44 56 1
44 57 1
44 58 1
44 60 1
44 61 1
44 64 1
44 65 1
44 69 1
44 70 1
44 71 1
44 72 1
44 78 1
44 80 1
44 82 1
44 83 1
44 87 1
44 91 1
44 92 1
44 93 1
44 94 1
44 98 1
44 100 1
44 101 1
44 104 1
44 107 1
44 110 1
44 111 1
44 112 1
44 113 1
44 115 1
44 117 1
44 121 1
44 122 1
44 123 1
45 48 1
45 51 1
45 54 1
45 56 1
45 59 1
45 61 1
45 62 1
45 63 1
45 66 1
45 67 1
45 68 1
45 70 1
45 71 1
45 72 1
45 73 1
45 74 1
45 78 1
45 80 1
45 81 1
45 82 1
45 83 1
45 84 1
45 92 1
45 93 1
45 94 1
45 96 1
45 103 1
45 111 1
45 112 1
45 114 1
45 117 1
45 118 1
45 119 1
45 122 1
46 47 1
46 48 1
46 51 1
46 52 1
46 53 1
46 54 1
46 56 1
46 58 1
46 59 1
46 60 1
46 61 1
46 64 1
46 65 1
46 68 1
46 71 1
46 73 1
46 74 1
46 78 1
46 79 1
46 80 1
46 82 1
46 84 1
46 85 1
46 86 1
46 90 1
46 91 1
46 94 1
46 95 1
46 100 1
46 105 1
46 106 1
46 107 1
46 108 1
46 110 1
46 111 1
46 112 1
46 113 1
46 114 1
46 115 1
46 117 1
46 118 1
46 120 1
46 123 1
46 125 1
47 49 1
47 51 1
47 52 1
47 53 1
47 54 1
47 55 1
47 57 1
47 59 1
47 61 1
47 62 1
47 63 1
47 64 1
47 67 1
47 69 1
47 70 1
47 73 1
47 77 1
47 78 1
47 79 1
47 81 1
47 82 1
47 85 1
47 87 1
47 89 1
47 91 1
47 94 1
47 96 1
47 97 1
47 98 1
47 100 1
47 102 1
47 103 1
47 104 1
47 105 1
47 106 1
47 108 1
47 113 1
47 115 1
47 118 1
47 120 1
47 123 1
47 124 1
48 49 1
48 50 1
48 51 1
48 52 1
48 54 1
48 56 1
48 57 1
48 58 1
48 60 1
48 63 1
48 64 1
48 65 1
48 66 1
48 67 1
48 68 1
48 69 1
48 70 1
48 71 1
48 74 1
48 77 1
48 78 1
48 79 1
48 82 1
48 83 1
48 84 1
48 88 1
48 90 1
48 91 1
48 92 1
48 94 1
48 95 1
48 96 1
48 97 1
48 99 1
48 102 1
48 105 1
48 107 1
48 108 1
48 111 1
48 113 1
48 114 1
48 115 1
48 118 1
48 121 1
48 123 1
48 125 1
49 50 1
49 52 1
49 53 1
49 54 1
49 57 1
49 59 1
49 61 1
49 62 1
49 63 1
49 67 1
49 68 1
49 71 1
49 72 1
49 74 1
49 77 1
49 78 1
49 79 1
49 80 1
49 82 1
49 83 1
49 85 1
49 87 1
49 89 1
49 92 1
49 93 1
49 96 1
49 97 1
49 98 1
49 102 1
49 103 1
49 106 1
49 107 1
49 108 1
49 109 1
49 112 1
49 115 1
49 116 1
49 122 1
49 123 1
49 124 1
49 125 1
50 51 1
50 53 1
50 54 1
50 55 1
50 57 1
50 59 1
50 60 1
50 61 1
50 63 1
50 65 1
50 67 1
50 73 1
50 74 1
50 75 1
50 79 1
50 80 1
50 83 1
50 85 1
50 89 1
50 91 1
50 92 1
50 94 1
50 99 1
50 100 1
50 104 1
50 107 1
50 109 1
50 113 1
50 114 1
50 116 1
50 117 1
50 118 1
50 119 1
50 122 1
50 123 1
51 55 1
51 56 1
51 58 1
51 59 1
51 61 1
51 62 1
51 63 1
51 64 1
51 65 1
51 66 1
51 67 1
51 70 1
51 73 1
51 74 1
51 75 1
51 77 1
51 79 1
51 80 1
51 81 1
51 82 1
51 84 1
51 85 1
51 89 1
51 91 1
51 93 1
51 95 1
51 96 1
51 99 1
51 100 1
51 101 1
51 102 1
51 108 1
51 109 1
51 110 1
51 113 1
51 114 1
51 115 1
51 117 1
51 119 1
51 122 1
52 53 1
52 56 1
52 57 1
52 64 1
52 65 1
52 71 1
52 72 1
52 73 1
52 74 1
52 77 1
52 78 1
52 81 1
52 85 1
52 88 1
52 90 1
52 91 1
52 95 1
52 97 1
52 98 1
52 99 1
52 101 1
52 106 1
52 109 1
52 110 1
52 111 1
52 112 1
52 113 1
52 114 1
52 115 1
52 120 1
52 122 1
52 124 1
52 125 1
53 56 1
53 58 1
53 59 1
53 60 1
53 64 1
53 66 1
53 68 1
53 70 1
53 71 1
53 74 1
53 79 1
53 81 1
53 82 1
53 86 1
53 87 1
53 88 1
53 89 1
53 93 1
53 94 1
53 97 1
53 99 1
53 101 1
53 103 1
53 105 1
53 108 1
53 109 1
53 111 1
53 112 1
53 115 1
53 116 1
53 119 1
53 120 1
53 121 1
53 122 1
53 123 1
53 124 1
54 55 1
54 56 1
54 57 1
54 59 1
54 60 1
54 61 1
54 62 1
54 65 1
54 69 1
54 70 1
54 71 1
54 72 1
54 74 1
54 76 1
54 79 1
54 80 1
54 81 1
54 82 1
54 83 1
54 84 1
54 85 1
54 89 1
54 90 1
54 92 1
54 94 1
54 95 1
54 96 1
54 97 1
54 98 1
54 99 1
54 102 1
54 103 1
54 105 1
54 108 1
54 110 1
54 114 1
54 117 1
54 120 1
54 121 1
54 122 1
54 123 1
54 124 1
54 125 1
55 57 1
55 61 1
55 62 1
55 65 1
55 66 1
55 70 1
55 72 1
55 73 1
55 74 1
55 77 1
55 80 1
55 82 1
55 85 1
55 86 1
55 87 1
55 90 1
55 93 1
55 94 1
55 97 1
55 100 1
55 101 1
55 102 1
55 106 1
55 107 1
55 110 1
55 111 1
55 114 1
55 115 1
55 118 1
55 121 1
55 125 1
56 57 1
56 58 1
56 60 1
56 61 1
56 62 1
56 64 1
56 65 1
56 66 1
56 68 1
56 71 1
56 75 1
56 76 1
56 80 1
56 81 1
56 83 1
56 84 1
56 87 1
56 90 1
56 93 1
56 95 1
56 96 1
56 99 1
56 100 1
56 104 1
56 106 1
56 107 1
56 110 1
56 111 1
56 112 1
56 114 1
56 116 1
56 117 1
56 118 1
56 119 1
56 120 1
56 121 1
56 123 1
56 125 1
57 61 1
57 62 1
57 64 1
57 65 1
57 70 1
57 72 1
57 73 1
57 76 1
57 77 1
57 78 1
57 81 1
57 83 1
57 89 1
57 90 1
57 92 1
57 93 1
57 94 1
57 96 1
57 99 1
57 100 1
57 101 1
57 103 1
57 104 1
57 105 1
57 106 1
57 109 1
57 111 1
57 112 1
57 114 1
57 118 1
57 119 1
57 120 1
57 121 1
57 123 1
57 124 1
58 60 1
58 64 1
58 66 1
58 67 1
58 68 1
58 69 1
58 71 1
58 74 1
58 76 1
58 78 1
58 79 1
58 80 1
58 82 1
58 85 1
58 86 1
58 87 1
58 89 1
58 95 1
58 96 1
58 97 1
58 98 1
58 100 1
58 103 1
58 104 1
58 105 1
58 107 1
58 108 1
58 109 1
58 112 1
58 114 1
58 116 1
58 121 1
58 122 1
58 124 1
58 125 1
59 61 1
59 64 1
59 65 1
59 69 1
59 70 1
59 71 1
59 74 1
59 75 1
59 79 1
59 80 1
59 81 1
59 82 1
59 83 1
59 87 1
59 88 1
59 89 1
59 90 1
59 91 1
59 93 1
59 94 1
59 97 1
59 98 1
59 99 1
59 100 1
59 103 1
59 106 1
59 108 1
59 110 1
59 112 1
59 114 1
59 117 1
59 118 1
59 121 1
59 122 1
59 125 1
60 61 1
60 63 1
60 65 1
60 69 1
60 75 1
60 76 1
60 77 1
60 78 1
60 79 1
60 80 1
60 81 1
60 82 1
60 85 1
60 89 1
60 91 1
60 93 1
60 94 1
60 96 1
60 97 1
60 98 1
60 99 1
60 100 1
60 101 1
60 102 1
60 103 1
60 104 1
60 109 1
60 111 1
60 115 1
60 117 1
60 122 1
60 123 1
60 124 1
60 125 1
61 65 1
61 67 1
61 68 1
61 73 1
61 76 1
61 82 1
61 84 1
61 85 1
61 87 1
61 89 1
61 91 1
61 95 1
61 97 1
61 98 1
61 102 1
61 106 1
61 107 1
61 109 1
61 110 1
61 112 1
61 113 1
61 114 1
61 115 1
61 117 1
61 119 1
61 122 1
61 123 1
61 125 1
62 65 1
62 73 1
62 74 1
62 75 1
62 77 1
62 78 1
62 82 1
62 83 1
62 86 1
62 87 1
62 90 1
62 91 1
62 92 1
62 93 1
62 96 1
62 101 1
62 108 1
62 109 1
62 110 1
62 114 1
62 116 1
62 117 1
62 118 1
62 120 1
62 121 1
62 122 1
62 123 1
62 124 1
62 125 1
63 64 1
63 65 1
63 67 1
63 70 1
63 77 1
63 78 1
63 79 1
63 80 1
63 81 1
63 85 1
63 90 1
63 91 1
63 92 1
63 94 1
63 95 1
63 97 1
63 99 1
63 100 1
63 102 1
63 105 1
63 108 1
63 109 1
63 110 1
63 111 1
63 114 1
63 115 1
63 124 1
63 125 1
64 65 1
64 69 1
64 72 1
64 75 1
64 76 1
64 79 1
64 80 1
64 82 1
64 83 1
64 84 1
64 85 1
64 86 1
64 93 1
64 96 1
64 100 1
64 101 1
64 104 1
64 105 1
64 107 1
64 109 1
64 111 1
64 112 1
64 114 1
64 117 1
64 119 1
64 120 1
64 121 1
64 122 1
64 123 1
65 66 1
65 69 1
65 73 1
65 78 1
65 79 1
65 81 1
65 83 1
65 86 1
65 87 1
65 91 1
65 93 1
65 96 1
65 98 1
65 102 1
65 104 1
65 106 1
65 107 1
65 108 1
65 109 1
65 111 1
65 112 1
65 114 1
65 117 1
65 119 1
65 120 1
65 122 1
65 123 1
65 124 1
66 69 1
66 70 1
66 71 1
66 72 1
66 74 1
66 77 1
66 78 1
66 82 1
66 85 1
66 88 1
66 89 1
66 90 1
66 91 1
66 94 1
66 96 1
66 97 1
66 98 1
66 99 1
66 102 1
66 104 1
66 106 1
66 107 1
66 108 1
66 111 1
66 112 1
66 113 1
66 114 1
66 115 1
66 116 1
66 117 1
66 118 1
66 119 1
66 121 1
66 125 1
67 72 1
67 73 1
67 74 1
67 79 1
67 82 1
67 85 1
67 88 1
67 92 1
67 95 1
67 97 1
67 98 1
67 99 1
67 101 1
67 102 1
67 103 1
67 105 1
67 106 1
67 107 1
67 109 1
67 115 1
67 116 1
67 122 1
67 123 1
67 125 1
68 69 1
68 73 1
68 74 1
68 75 1
68 76 1
68 78 1
68 79 1
68 80 1
68 82 1
68 84 1
68 86 1
68 88 1
68 90 1
68 91 1
68 92 1
68 93 1
68 94 1
68 98 1
68 99 1
68 101 1
68 104 1
68 105 1
68 107 1
68 108 1
68 109 1
68 110 1
68 112 1
68 113 1
68 114 1
68 116 1
68 119 1
68 120 1
68 123 1
68 124 1
69 71 1
69 78 1
69 80 1
69 83 1
69 87 1
69 88 1
69 90 1
69 91 1
69 93 1
69 94 1
69 95 1
69 97 1
69 98 1
69 99 1
69 100 1
69 101 1
69 102 1
69 103 1
69 104 1
69 106 1
69 109 1
69 112 1
69 113 1
69 118 1
69 123 1
70 77 1
70 78 1
70 81 1
70 84 1
70 85 1
70 86 1
70 87 1
70 88 1
70 90 1
70 91 1
70 92 1
70 93 1
70 94 1
70 96 1
70 98 1
70 99 1
70 100 1
70 102 1
70 105 1
70 108 1
70 113 1
70 114 1
70 115 1
70 118 1
70 120 1
70 122 1
71 72 1
71 75 1
71 77 1
71 81 1
71 82 1
71 84 1
71 85 1
71 86 1
71 88 1
71 89 1
71 92 1
71 94 1
71 96 1
71 98 1
71 100 1
71 102 1
71 103 1
71 107 1
71 109 1
71 112 1
71 113 1
71 114 1
71 120 1
71 121 1
71 125 1
72 75 1
72 77 1
72 80 1
72 82 1
72 83 1
72 84 1
72 86 1
72 89 1
72 91 1
72 94 1
72 95 1
72 99 1
72 103 1
72 104 1
72 105 1
72 110 1
72 111 1
72 112 1
72 116 1
72 117 1
72 118 1
72 120 1
72 122 1
72 123 1
72 124 1
72 125 1
73 74 1
73 75 1
73 85 1
73 86 1
73 88 1
73 91 1
73 95 1
73 99 1
73 101 1
73 103 1
73 105 1
73 107 1
73 108 1
73 109 1
73 110 1
73 111 1
73 112 1
73 113 1
73 114 1
73 115 1
73 116 1
73 117 1
73 120 1
73 122 1
73 125 1
74 77 1
74 78 1
74 80 1
74 82 1
74 83 1
74 85 1
74 91 1
74 95 1
74 100 1
74 102 1
74 103 1
74 104 1
74 105 1
74 108 1
74 109 1
74 110 1
74 113 1
74 115 1
74 122 1
75 76 1
75 77 1
75 79 1
75 82 1
75 83 1
75 84 1
75 86 1
75 91 1
75 92 1
75 95 1
75 103 1
75 105 1
75 106 1
75 110 1
75 111 1
75 113 1
75 114 1
75 117 1
75 119 1
75 122 1
75 123 1
75 124 1
76 77 1
76 79 1
76 80 1
76 81 1
76 89 1
76 92 1
76 93 1
76 95 1
76 97 1
76 101 1
76 102 1
76 103 1
76 106 1
76 108 1
76 112 1
76 118 1
76 119 1
76 125 1
77 78 1
77 79 1
77 82 1
77 84 1
77 85 1
77 89 1
77 91 1
77 93 1
77 94 1
77 100 1
77 103 1
77 104 1
77 108 1
77 109 1
77 112 1
77 113 1
77 115 1
77 117 1
77 118 1
77 120 1
77 122 1
77 124 1
78 80 1
78 81 1
78 84 1
78 85 1
78 89 1
78 90 1
78 92 1
78 93 1
78 98 1
78 100 1
78 105 1
78 106 1
78 107 1
78 110 1
78 111 1
78 113 1
78 119 1
78 121 1
78 122 1
78 123 1
78 125 1
79 80 1
79 85 1
79 86 1
79 88 1
79 89 1
79 90 1
79 91 1
79 92 1
79 93 1
79 94 1
79 95 1
79 97 1
79 98 1
79 99 1
79 103 1
79 107 1
79 109 1
79 110 1
79 112 1
79 113 1
79 120 1
79 122 1
79 125 1
80 81 1
80 84 1
80 85 1
80 86 1
80 87 1
80 88 1
80 89 1
80 91 1
80 93 1
80 94 1
80 96 1
80 98 1
80 100 1
80 101 1
80 103 1
80 104 1
80 108 1
80 109 1
80 110 1
80 111 1
80 112 1
80 114 1
80 115 1
80 116 1
80 117 1
80 118 1
80 119 1
80 122 1
80 123 1
81 83 1
81 84 1
81 85 1
81 88 1
81 89 1
81 90 1
81 94 1
81 96 1
81 98 1
81 100 1
81 101 1
81 102 1
81 106 1
81 107 1
81 108 1
81 109 1
81 110 1
81 111 1
81 112 1
81 114 1
81 115 1
81 122 1
81 125 1
82 83 1
82 84 1
82 86 1
82 88 1
82 89 1
82 90 1
82 92 1
82 95 1
82 101 1
82 102 1
82 105 1
82 107 1
82 109 1
82 110 1
82 112 1
82 121 1
82 123 1
82 124 1
83 84 1
83 85 1
83 87 1
83 90 1
83 91 1
83 92 1
83 93 1
83 95 1
83 96 1
83 98 1
83 100 1
83 101 1
83 102 1
83 104 1
83 106 1
83 107 1
83 109 1
83 112 1
83 114 1
83 119 1
83 124 1
84 85 1
84 87 1
84 89 1
84 91 1
84 92 1
84 93 1
84 95 1
84 97 1
84 98 1
84 99 1
84 100 1
84 102 1
84 104 1
84 106 1
84 107 1
84 109 1
84 112 1
84 117 1
84 118 1
84 120 1
84 121 1
84 123 1
85 86 1
85 87 1
85 89 1
85 93 1
85 95 1
85 97 1
85 98 1
85 99 1
85 101 1
85 103 1
85 105 1
85 107 1
85 109 1
85 112 1
85 113 1
85 115 1
85 119 1
85 123 1
85 125 1
86 87 1
86 91 1
86 92 1
86 94 1
86 95 1
86 97 1
86 99 1
86 100 1
86 101 1
86 102 1
86 103 1
86 104 1
86 108 1
86 111 1
86 112 1
86 114 1
86 115 1
86 116 1
86 118 1
86 125 1
87 93 1
87 94 1
87 95 1
87 96 1
87 99 1
87 100 1
87 102 1
87 104 1
87 106 1
87 108 1
87 110 1
87 112 1
87 114 1
87 116 1
87 118 1
87 120 1
87 121 1
87 125 1
88 90 1
88 91 1
88 92 1
88 94 1
88 95 1
88 98 1
88 101 1
88 102 1
88 103 1
88 105 1
88 106 1
88 108 1
88 109 1
88 112 1
88 116 1
88 118 1
88 122 1
88 124 1
89 91 1
89 100 1
89 101 1
89 102 1
89 104 1
89 106 1
89 108 1
89 112 1
89 113 1
89 116 1
89 117 1
89 119 1
89 123 1
89 125 1
90 91 1
90 93 1
90 94 1
90 96 1
90 99 1
90 104 1
90 106 1
90 108 1
90 111 1
90 114 1
90 116 1
90 117 1
90 119 1
90 120 1
90 121 1
90 122 1
90 123 1
90 124 1
90 125 1
91 93 1
91 94 1
91 96 1
91 100 1
91 101 1
91 104 1
91 105 1
91 107 1
91 110 1
91 111 1
91 115 1
91 117 1
91 118 1
91 122 1
91 123 1
91 124 1
92 93 1
92 94 1
92 96 1
92 98 1
92 100 1
92 101 1
92 102 1
92 103 1
92 104 1
92 105 1
92 109 1
92 111 1
92 113 1
92 118 1
92 119 1
92 121 1
92 122 1
92 123 1
92 124 1
93 95 1
93 96 1
93 97 1
93 98 1
93 100 1
93 102 1
93 103 1
93 105 1
93 106 1
93 109 1
93 110 1
93 113 1
93 115 1
93 116 1
93 118 1
93 120 1
93 122 1
93 123 1
93 125 1
94 95 1
94 97 1
94 101 1
94 102 1
94 103 1
94 104 1
94 106 1
94 107 1
94 108 1
94 111 1
94 113 1
94 116 1
94 117 1
94 121 1
94 123 1
94 124 1
95 102 1
95 107 1
95 109 1
95 114 1
95 115 1
95 116 1
95 118 1
95 120 1
95 121 1
95 122 1
95 124 1
95 125 1
96 98 1
96 100 1
96 102 1
96 103 1
96 106 1
96 107 1
96 108 1
96 110 1
96 111 1
96 113 1
96 119 1
96 120 1
96 121 1
96 124 1
97 99 1
97 101 1
97 102 1
97 103 1
97 106 1
97 110 1
97 112 1
97 113 1
97 115 1
97 117 1
97 121 1
97 123 1
98 100 1
98 103 1
98 104 1
98 106 1
98 108 1
98 109 1
98 110 1
98 111 1
98 115 1
98 116 1
98 118 1
98 121 1
98 122 1
98 123 1
98 124 1
99 103 1
99 105 1
99 107 1
99 109 1
99 117 1
99 118 1
99 121 1
99 122 1
99 124 1
99 125 1
100 101 1
100 102 1
100 103 1
100 106 1
100 108 1
100 110 1
100 111 1
100 113 1
100 115 1
100 118 1
100 119 1
100 120 1
100 123 1
101 103 1
101 105 1
101 106 1
101 108 1
101 110 1
101 111 1
101 112 1
101 113 1
101 114 1
101 117 1
101 119 1
101 121 1
101 125 1
102 103 1
102 104 1
102 106 1
102 109 1
102 110 1
102 113 1
102 114 1
102 119 1
102 120 1
102 122 1
102 123 1
103 104 1
103 106 1
103 107 1
103 108 1
103 109 1
103 110 1
103 112 1
103 114 1
103 115 1
103 118 1
103 119 1
103 120 1
103 122 1
103 123 1
104 105 1
104 106 1
104 107 1
104 111 1
104 112 1
104 113 1
104 116 1
104 118 1
104 119 1
104 121 1
104 123 1
104 124 1
105 106 1
105 107 1
105 109 1
105 110 1
105 113 1
105 120 1
105 124 1
106 108 1
106 111 1
106 112 1
106 114 1
106 115 1
106 116 1
106 119 1
106 121 1
106 122 1
106 123 1
106 124 1
106 125 1
107 108 1
107 109 1
107 110 1
107 115 1
107 118 1
107 124 1
107 125 1
108 110 1
108 111 1
108 112 1
108 116 1
108 118 1
108 119 1
108 121 1
108 123 1
108 124 1
108 125 1
109 111 1
109 114 1
109 115 1
109 116 1
109 121 1
109 122 1
109 123 1
109 124 1
110 111 1
110 113 1
110 114 1
110 115 1
110 120 1
110 123 1
111 114 1
111 115 1
111 116 1
111 120 1
111 124 1
111 125 1
112 116 1
112 117 1
112 120 1
112 122 1
113 115 1
113 116 1
113 118 1
113 119 1
113 120 1
113 122 1
113 124 1
113 125 1
114 118 1
114 120 1
114 121 1
114 122 1
114 123 1
114 124 1
114 125 1
115 116 1
115 117 1
115 120 1
115 122 1
115 123 1
115 124 1
116 119 1
116 121 1
116 123 1
116 124 1
117 119 1
117 121 1
117 122 1
117 123 1
117 125 1
118 120 1
118 122 1
118 123 1
118 124 1
118 125 1
119 124 1
119 125 1
120 121 1
120 123 1
120 124 1
121 122 1
121 123 1
122 124 1
122 125 1
123 124 1
