171 5100
1 2 1
1 3 1
1 4 1
1 5 1
1 6 1
1 7 1
1 9 1
1 10 1
1 11 1
1 18 1
1 28 1
1 29 1
1 31 1
1 32 1
1 33 1
1 35 1
1 36 1
1 38 1
1 39 1
1 40 1
1 42 1
1 43 1
1 45 1
1 46 1
1 47 1
1 65 1
1 66 1
1 68 1
1 69 1
1 70 1
1 77 1
1 135 1
1 136 1
1 138 1
1 139 1
1 140 1
1 142 1
1 143 1
1 145 1
1 146 1
1 147 1
1 165 1
1 166 1
1 168 1
1 169 1
1 170 1
2 3 1
2 4 1
2 5 1
2 7 1
2 8 1
2 9 1
2 10 1
2 12 1
2 21 1
2 29 1
2 30 1
2 31 1
2 32 1
2 34 1
2 36 1
2 37 1
2 38 1
2 39 1
2 41 1
2 43 1
2 44 1
2 45 1
2 46 1
2 48 1
2 66 1
2 67 1
2 68 1
2 69 1
2 71 1
2 80 1
2 136 1
2 137 1
2 138 1
2 139 1
2 141 1
2 143 1
2 144 1
2 145 1
2 146 1
2 148 1
2 166 1
2 167 1
2 168 1
2 169 1
2 171 1
3 4 1
3 5 1
3 7 1
3 9 1
3 10 1
3 11 1
3 12 1
3 22 1
3 29 1
3 31 1
3 32 1
3 33 1
3 34 1
3 36 1
3 38 1
3 39 1
3 40 1
3 41 1
3 43 1
3 45 1
3 46 1
3 47 1
3 48 1
3 66 1
3 68 1
3 69 1
3 70 1
3 71 1
3 81 1
3 136 1
3 138 1
3 139 1
3 140 1
3 141 1
3 143 1
3 145 1
3 146 1
3 147 1
3 148 1
3 166 1
3 168 1
3 169 1
3 170 1
3 171 1
4 5 1
4 7 1
4 8 1
4 10 1
4 11 1
4 12 1
4 23 1
4 29 1
4 30 1
4 32 1
4 33 1
4 34 1
4 36 1
4 37 1
4 39 1
4 40 1
4 41 1
4 43 1
4 44 1
4 46 1
4 47 1
4 48 1
4 66 1
4 67 1
4 69 1
4 70 1
4 71 1
4 82 1
4 136 1
4 137 1
4 139 1
4 140 1
4 141 1
4 143 1
4 144 1
4 146 1
4 147 1
4 148 1
4 166 1
4 167 1
4 169 1
4 170 1
4 171 1
5 6 1
5 9 1
5 10 1
5 11 1
5 12 1
5 26 1
5 28 1
5 31 1
5 32 1
5 33 1
5 34 1
5 35 1
5 38 1
5 39 1
5 40 1
5 41 1
5 42 1
5 45 1
5 46 1
5 47 1
5 48 1
5 65 1
5 68 1
5 69 1
5 70 1
5 71 1
5 85 1
5 135 1
5 138 1
5 139 1
5 140 1
5 141 1
5 142 1
5 145 1
5 146 1
5 147 1
5 148 1
5 165 1
5 168 1
5 169 1
5 170 1
5 171 1
6 7 1
6 10 1
6 12 1
6 13 1
6 14 1
6 15 1
6 17 1
6 18 1
6 19 1
6 25 1
6 26 1
6 27 1
6 28 1
6 35 1
6 36 1
6 41 1
6 42 1
6 43 1
6 48 1
6 50 1
6 51 1
6 52 1
6 54 1
6 55 1
6 56 1
6 62 1
6 63 1
6 64 1
6 89 1
6 135 1
6 136 1
6 141 1
6 142 1
6 143 1
6 148 1
6 150 1
6 151 1
6 152 1
6 154 1
6 155 1
6 156 1
6 162 1
6 163 1
6 164 1
7 9 1
7 10 1
7 11 1
7 12 1
7 13 1
7 14 1
7 15 1
7 17 1
7 18 1
7 19 1
7 21 1
7 22 1
7 23 1
7 29 1
7 35 1
7 36 1
7 38 1
7 39 1
7 40 1
7 42 1
7 43 1
7 45 1
7 46 1
7 47 1
7 50 1
7 51 1
7 52 1
7 54 1
7 55 1
7 56 1
7 58 1
7 59 1
7 60 1
7 93 1
7 135 1
7 136 1
7 138 1
7 139 1
7 140 1
7 142 1
7 143 1
7 145 1
7 146 1
7 147 1
7 150 1
7 151 1
7 152 1
7 154 1
7 155 1
7 156 1
7 158 1
7 159 1
7 160 1
8 9 1
8 10 1
8 11 1
8 16 1
8 17 1
8 19 1
8 20 1
8 21 1
8 23 1
8 24 1
8 25 1
8 27 1
8 30 1
8 37 1
8 38 1
8 40 1
8 44 1
8 45 1
8 47 1
8 53 1
8 54 1
8 56 1
8 57 1
8 58 1
8 60 1
8 61 1
8 62 1
8 64 1
8 95 1
8 137 1
8 138 1
8 140 1
8 144 1
8 145 1
8 147 1
8 153 1
8 154 1
8 156 1
8 157 1
8 158 1
8 160 1
8 161 1
8 162 1
8 164 1
9 10 1
9 11 1
9 12 1
9 16 1
9 17 1
9 18 1
9 20 1
9 21 1
9 22 1
9 24 1
9 25 1
9 26 1
9 31 1
9 36 1
9 37 1
9 38 1
9 39 1
9 41 1
9 43 1
9 44 1
9 45 1
9 46 1
9 48 1
9 53 1
9 54 1
9 55 1
9 57 1
9 58 1
9 59 1
9 61 1
9 62 1
9 63 1
9 96 1
9 136 1
9 137 1
9 138 1
9 139 1
9 141 1
9 143 1
9 144 1
9 145 1
9 146 1
9 148 1
9 153 1
9 154 1
9 155 1
9 157 1
9 158 1
9 159 1
9 161 1
9 162 1
9 163 1
10 11 1
10 12 1
10 17 1
10 18 1
10 19 1
10 21 1
10 22 1
10 23 1
10 25 1
10 26 1
10 27 1
10 32 1
10 36 1
10 38 1
10 39 1
10 40 1
10 41 1
10 43 1
10 45 1
10 46 1
10 47 1
10 48 1
10 54 1
10 55 1
10 56 1
10 58 1
10 59 1
10 60 1
10 62 1
10 63 1
10 64 1
10 97 1
10 136 1
10 138 1
10 139 1
10 140 1
10 141 1
10 143 1
10 145 1
10 146 1
10 147 1
10 148 1
10 154 1
10 155 1
10 156 1
10 158 1
10 159 1
10 160 1
10 162 1
10 163 1
10 164 1
11 12 1
11 16 1
11 18 1
11 19 1
11 20 1
11 22 1
11 23 1
11 24 1
11 26 1
11 27 1
11 33 1
11 36 1
11 37 1
11 39 1
11 40 1
11 41 1
11 43 1
11 44 1
11 46 1
11 47 1
11 48 1
11 53 1
11 55 1
11 56 1
11 57 1
11 59 1
11 60 1
11 61 1
11 63 1
11 64 1
11 98 1
11 136 1
11 137 1
11 139 1
11 140 1
11 141 1
11 143 1
11 144 1
11 146 1
11 147 1
11 148 1
11 153 1
11 155 1
11 156 1
11 157 1
11 159 1
11 160 1
11 161 1
11 163 1
11 164 1
12 13 1
12 14 1
12 15 1
12 21 1
12 22 1
12 23 1
12 25 1
12 26 1
12 27 1
12 34 1
12 35 1
12 38 1
12 39 1
12 40 1
12 41 1
12 42 1
12 45 1
12 46 1
12 47 1
12 48 1
12 50 1
12 51 1
12 52 1
12 58 1
12 59 1
12 60 1
12 62 1
12 63 1
12 64 1
12 101 1
12 135 1
12 138 1
12 139 1
12 140 1
12 141 1
12 142 1
12 145 1
12 146 1
12 147 1
12 148 1
12 150 1
12 151 1
12 152 1
12 158 1
12 159 1
12 160 1
12 162 1
12 163 1
12 164 1
13 14 1
13 15 1
13 16 1
13 17 1
13 18 1
13 21 1
13 24 1
13 25 1
13 26 1
13 28 1
13 29 1
13 34 1
13 42 1
13 43 1
13 48 1
13 49 1
13 50 1
13 51 1
13 53 1
13 54 1
13 55 1
13 61 1
13 62 1
13 63 1
13 65 1
13 66 1
13 71 1
13 104 1
13 142 1
13 143 1
13 148 1
13 149 1
13 150 1
13 151 1
13 153 1
13 154 1
13 155 1
13 161 1
13 162 1
13 163 1
13 165 1
13 166 1
13 171 1
14 15 1
14 17 1
14 18 1
14 19 1
14 22 1
14 25 1
14 26 1
14 27 1
14 28 1
14 29 1
14 34 1
14 42 1
14 43 1
14 48 1
14 50 1
14 51 1
14 52 1
14 54 1
14 55 1
14 56 1
14 62 1
14 63 1
14 64 1
14 65 1
14 66 1
14 71 1
14 105 1
14 142 1
14 143 1
14 148 1
14 150 1
14 151 1
14 152 1
14 154 1
14 155 1
14 156 1
14 162 1
14 163 1
14 164 1
14 165 1
14 166 1
14 171 1
15 16 1
15 18 1
15 19 1
15 23 1
15 24 1
15 26 1
15 27 1
15 28 1
15 29 1
15 34 1
15 42 1
15 43 1
15 48 1
15 49 1
15 51 1
15 52 1
15 53 1
15 55 1
15 56 1
15 61 1
15 63 1
15 64 1
15 65 1
15 66 1
15 71 1
15 106 1
15 142 1
15 143 1
15 148 1
15 149 1
15 151 1
15 152 1
15 153 1
15 155 1
15 156 1
15 161 1
15 163 1
15 164 1
15 165 1
15 166 1
15 171 1
16 17 1
16 18 1
16 19 1
16 20 1
16 21 1
16 23 1
16 24 1
16 30 1
16 31 1
16 33 1
16 44 1
16 45 1
16 47 1
16 49 1
16 50 1
16 52 1
16 53 1
16 54 1
16 56 1
16 57 1
16 58 1
16 60 1
16 67 1
16 68 1
16 70 1
16 107 1
16 144 1
16 145 1
16 147 1
16 149 1
16 150 1
16 152 1
16 153 1
16 154 1
16 156 1
16 157 1
16 158 1
16 160 1
16 167 1
16 168 1
16 170 1
17 18 1
17 19 1
17 20 1
17 21 1
17 22 1
17 25 1
17 28 1
17 29 1
17 30 1
17 31 1
17 32 1
17 42 1
17 43 1
17 44 1
17 45 1
17 46 1
17 49 1
17 50 1
17 51 1
17 53 1
17 54 1
17 55 1
17 57 1
17 58 1
17 59 1
17 65 1
17 66 1
17 67 1
17 68 1
17 69 1
17 108 1
17 142 1
17 143 1
17 144 1
17 145 1
17 146 1
17 149 1
17 150 1
17 151 1
17 153 1
17 154 1
17 155 1
17 157 1
17 158 1
17 159 1
17 165 1
17 166 1
17 167 1
17 168 1
17 169 1
18 19 1
18 21 1
18 22 1
18 23 1
18 26 1
18 28 1
18 29 1
18 31 1
18 32 1
18 33 1
18 42 1
18 43 1
18 45 1
18 46 1
18 47 1
18 50 1
18 51 1
18 52 1
18 54 1
18 55 1
18 56 1
18 58 1
18 59 1
18 60 1
18 65 1
18 66 1
18 68 1
18 69 1
18 70 1
18 109 1
18 142 1
18 143 1
18 145 1
18 146 1
18 147 1
18 150 1
18 151 1
18 152 1
18 154 1
18 155 1
18 156 1
18 158 1
18 159 1
18 160 1
18 165 1
18 166 1
18 168 1
18 169 1
18 170 1
19 20 1
19 22 1
19 23 1
19 27 1
19 28 1
19 29 1
19 30 1
19 32 1
19 33 1
19 42 1
19 43 1
19 44 1
19 46 1
19 47 1
19 49 1
19 51 1
19 52 1
19 53 1
19 55 1
19 56 1
19 57 1
19 59 1
19 60 1
19 65 1
19 66 1
19 67 1
19 69 1
19 70 1
19 110 1
19 142 1
19 143 1
19 144 1
19 146 1
19 147 1
19 149 1
19 151 1
19 152 1
19 153 1
19 155 1
19 156 1
19 157 1
19 159 1
19 160 1
19 165 1
19 166 1
19 167 1
19 169 1
19 170 1
20 21 1
20 22 1
20 23 1
20 24 1
20 25 1
20 27 1
20 30 1
20 31 1
20 33 1
20 44 1
20 45 1
20 47 1
20 53 1
20 54 1
20 56 1
20 57 1
20 58 1
20 60 1
20 61 1
20 62 1
20 64 1
20 67 1
20 68 1
20 70 1
20 111 1
20 144 1
20 145 1
20 147 1
20 153 1
20 154 1
20 156 1
20 157 1
20 158 1
20 160 1
20 161 1
20 162 1
20 164 1
20 167 1
20 168 1
20 170 1
21 22 1
21 23 1
21 24 1
21 25 1
21 26 1
21 29 1
21 30 1
21 31 1
21 32 1
21 34 1
21 43 1
21 44 1
21 45 1
21 46 1
21 48 1
21 53 1
21 54 1
21 55 1
21 57 1
21 58 1
21 59 1
21 61 1
21 62 1
21 63 1
21 66 1
21 67 1
21 68 1
21 69 1
21 71 1
21 112 1
21 143 1
21 144 1
21 145 1
21 146 1
21 148 1
21 153 1
21 154 1
21 155 1
21 157 1
21 158 1
21 159 1
21 161 1
21 162 1
21 163 1
21 166 1
21 167 1
21 168 1
21 169 1
21 171 1
22 23 1
22 25 1
22 26 1
22 27 1
22 29 1
22 31 1
22 32 1
22 33 1
22 34 1
22 43 1
22 45 1
22 46 1
22 47 1
22 48 1
22 54 1
22 55 1
22 56 1
22 58 1
22 59 1
22 60 1
22 62 1
22 63 1
22 64 1
22 66 1
22 68 1
22 69 1
22 70 1
22 71 1
22 113 1
22 143 1
22 145 1
22 146 1
22 147 1
22 148 1
22 154 1
22 155 1
22 156 1
22 158 1
22 159 1
22 160 1
22 162 1
22 163 1
22 164 1
22 166 1
22 168 1
22 169 1
22 170 1
22 171 1
23 24 1
23 26 1
23 27 1
23 29 1
23 30 1
23 32 1
23 33 1
23 34 1
23 43 1
23 44 1
23 46 1
23 47 1
23 48 1
23 53 1
23 55 1
23 56 1
23 57 1
23 59 1
23 60 1
23 61 1
23 63 1
23 64 1
23 66 1
23 67 1
23 69 1
23 70 1
23 71 1
23 114 1
23 143 1
23 144 1
23 146 1
23 147 1
23 148 1
23 153 1
23 155 1
23 156 1
23 157 1
23 159 1
23 160 1
23 161 1
23 163 1
23 164 1
23 166 1
23 167 1
23 169 1
23 170 1
23 171 1
24 25 1
24 26 1
24 27 1
24 30 1
24 31 1
24 33 1
24 44 1
24 45 1
24 47 1
24 49 1
24 50 1
24 52 1
24 57 1
24 58 1
24 60 1
24 61 1
24 62 1
24 64 1
24 67 1
24 68 1
24 70 1
24 115 1
24 144 1
24 145 1
24 147 1
24 149 1
24 150 1
24 152 1
24 157 1
24 158 1
24 160 1
24 161 1
24 162 1
24 164 1
24 167 1
24 168 1
24 170 1
25 26 1
25 27 1
25 28 1
25 30 1
25 31 1
25 32 1
25 34 1
25 42 1
25 44 1
25 45 1
25 46 1
25 48 1
25 49 1
25 50 1
25 51 1
25 57 1
25 58 1
25 59 1
25 61 1
25 62 1
25 63 1
25 65 1
25 67 1
25 68 1
25 69 1
25 71 1
25 116 1
25 142 1
25 144 1
25 145 1
25 146 1
25 148 1
25 149 1
25 150 1
25 151 1
25 157 1
25 158 1
25 159 1
25 161 1
25 162 1
25 163 1
25 165 1
25 167 1
25 168 1
25 169 1
25 171 1
26 27 1
26 28 1
26 31 1
26 32 1
26 33 1
26 34 1
26 42 1
26 45 1
26 46 1
26 47 1
26 48 1
26 50 1
26 51 1
26 52 1
26 58 1
26 59 1
26 60 1
26 62 1
26 63 1
26 64 1
26 65 1
26 68 1
26 69 1
26 70 1
26 71 1
26 117 1
26 142 1
26 145 1
26 146 1
26 147 1
26 148 1
26 150 1
26 151 1
26 152 1
26 158 1
26 159 1
26 160 1
26 162 1
26 163 1
26 164 1
26 165 1
26 168 1
26 169 1
26 170 1
26 171 1
27 28 1
27 30 1
27 32 1
27 33 1
27 34 1
27 42 1
27 44 1
27 46 1
27 47 1
27 48 1
27 49 1
27 51 1
27 52 1
27 57 1
27 59 1
27 60 1
27 61 1
27 63 1
27 64 1
27 65 1
27 67 1
27 69 1
27 70 1
27 71 1
27 118 1
27 142 1
27 144 1
27 146 1
27 147 1
27 148 1
27 149 1
27 151 1
27 152 1
27 157 1
27 159 1
27 160 1
27 161 1
27 163 1
27 164 1
27 165 1
27 167 1
27 169 1
27 170 1
27 171 1
28 29 1
28 32 1
28 34 1
28 35 1
28 36 1
28 41 1
28 50 1
28 51 1
28 52 1
28 54 1
28 55 1
28 56 1
28 62 1
28 63 1
28 64 1
28 65 1
28 66 1
28 71 1
28 121 1
28 135 1
28 136 1
28 141 1
28 150 1
28 151 1
28 152 1
28 154 1
28 155 1
28 156 1
28 162 1
28 163 1
28 164 1
28 165 1
28 166 1
28 171 1
29 31 1
29 32 1
29 33 1
29 34 1
29 35 1
29 36 1
29 38 1
29 39 1
29 40 1
29 50 1
29 51 1
29 52 1
29 54 1
29 55 1
29 56 1
29 58 1
29 59 1
29 60 1
29 65 1
29 66 1
29 68 1
29 69 1
29 70 1
29 125 1
29 135 1
29 136 1
29 138 1
29 139 1
29 140 1
29 150 1
29 151 1
29 152 1
29 154 1
29 155 1
29 156 1
29 158 1
29 159 1
29 160 1
29 165 1
29 166 1
29 168 1
29 169 1
29 170 1
30 31 1
30 32 1
30 33 1
30 37 1
30 38 1
30 40 1
30 53 1
30 54 1
30 56 1
30 57 1
30 58 1
30 60 1
30 61 1
30 62 1
30 64 1
30 67 1
30 68 1
30 70 1
30 127 1
30 137 1
30 138 1
30 140 1
30 153 1
30 154 1
30 156 1
30 157 1
30 158 1
30 160 1
30 161 1
30 162 1
30 164 1
30 167 1
30 168 1
30 170 1
31 32 1
31 33 1
31 34 1
31 36 1
31 37 1
31 38 1
31 39 1
31 41 1
31 53 1
31 54 1
31 55 1
31 57 1
31 58 1
31 59 1
31 61 1
31 62 1
31 63 1
31 66 1
31 67 1
31 68 1
31 69 1
31 71 1
31 128 1
31 136 1
31 137 1
31 138 1
31 139 1
31 141 1
31 153 1
31 154 1
31 155 1
31 157 1
31 158 1
31 159 1
31 161 1
31 162 1
31 163 1
31 166 1
31 167 1
31 168 1
31 169 1
31 171 1
32 33 1
32 34 1
32 36 1
32 38 1
32 39 1
32 40 1
32 41 1
32 54 1
32 55 1
32 56 1
32 58 1
32 59 1
32 60 1
32 62 1
32 63 1
32 64 1
32 66 1
32 68 1
32 69 1
32 70 1
32 71 1
32 129 1
32 136 1
32 138 1
32 139 1
32 140 1
32 141 1
32 154 1
32 155 1
32 156 1
32 158 1
32 159 1
32 160 1
32 162 1
32 163 1
32 164 1
32 166 1
32 168 1
32 169 1
32 170 1
32 171 1
33 34 1
33 36 1
33 37 1
33 39 1
33 40 1
33 41 1
33 53 1
33 55 1
33 56 1
33 57 1
33 59 1
33 60 1
33 61 1
33 63 1
33 64 1
33 66 1
33 67 1
33 69 1
33 70 1
33 71 1
33 130 1
33 136 1
33 137 1
33 139 1
33 140 1
33 141 1
33 153 1
33 155 1
33 156 1
33 157 1
33 159 1
33 160 1
33 161 1
33 163 1
33 164 1
33 166 1
33 167 1
33 169 1
33 170 1
33 171 1
34 35 1
34 38 1
34 39 1
34 40 1
34 41 1
34 50 1
34 51 1
34 52 1
34 58 1
34 59 1
34 60 1
34 62 1
34 63 1
34 64 1
34 65 1
34 68 1
34 69 1
34 70 1
34 71 1
34 133 1
34 135 1
34 138 1
34 139 1
34 140 1
34 141 1
34 150 1
34 151 1
34 152 1
34 158 1
34 159 1
34 160 1
34 162 1
34 163 1
34 164 1
34 165 1
34 168 1
34 169 1
34 170 1
34 171 1
35 36 1
35 39 1
35 41 1
35 42 1
35 43 1
35 48 1
35 51 1
35 65 1
35 66 1
35 71 1
35 72 1
35 73 1
35 74 1
35 76 1
35 77 1
35 78 1
35 84 1
35 85 1
35 86 1
35 88 1
35 89 1
35 90 1
35 92 1
35 93 1
35 94 1
35 100 1
35 101 1
35 102 1
35 120 1
35 121 1
35 122 1
35 124 1
35 125 1
35 126 1
35 132 1
35 133 1
35 134 1
35 135 1
36 38 1
36 39 1
36 40 1
36 41 1
36 42 1
36 43 1
36 45 1
36 46 1
36 47 1
36 55 1
36 65 1
36 66 1
36 68 1
36 69 1
36 70 1
36 72 1
36 73 1
36 74 1
36 76 1
36 77 1
36 78 1
36 80 1
36 81 1
36 82 1
36 88 1
36 89 1
36 90 1
36 92 1
36 93 1
36 94 1
36 96 1
36 97 1
36 98 1
36 120 1
36 121 1
36 122 1
36 124 1
36 125 1
36 126 1
36 128 1
36 129 1
36 130 1
36 136 1
37 38 1
37 39 1
37 40 1
37 44 1
37 45 1
37 47 1
37 57 1
37 67 1
37 68 1
37 70 1
37 75 1
37 76 1
37 78 1
37 79 1
37 80 1
37 82 1
37 83 1
37 84 1
37 86 1
37 91 1
37 92 1
37 94 1
37 95 1
37 96 1
37 98 1
37 99 1
37 100 1
37 102 1
37 123 1
37 124 1
37 126 1
37 127 1
37 128 1
37 130 1
37 131 1
37 132 1
37 134 1
37 137 1
38 39 1
38 40 1
38 41 1
38 43 1
38 44 1
38 45 1
38 46 1
38 48 1
38 58 1
38 66 1
38 67 1
38 68 1
38 69 1
38 71 1
38 75 1
38 76 1
38 77 1
38 79 1
38 80 1
38 81 1
38 83 1
38 84 1
38 85 1
38 91 1
38 92 1
38 93 1
38 95 1
38 96 1
38 97 1
38 99 1
38 100 1
38 101 1
38 123 1
38 124 1
38 125 1
38 127 1
38 128 1
38 129 1
38 131 1
38 132 1
38 133 1
38 138 1
39 40 1
39 41 1
39 43 1
39 45 1
39 46 1
39 47 1
39 48 1
39 59 1
39 66 1
39 68 1
39 69 1
39 70 1
39 71 1
39 76 1
39 77 1
39 78 1
39 80 1
39 81 1
39 82 1
39 84 1
39 85 1
39 86 1
39 92 1
39 93 1
39 94 1
39 96 1
39 97 1
39 98 1
39 100 1
39 101 1
39 102 1
39 124 1
39 125 1
39 126 1
39 128 1
39 129 1
39 130 1
39 132 1
39 133 1
39 134 1
39 139 1
40 41 1
40 43 1
40 44 1
40 46 1
40 47 1
40 48 1
40 60 1
40 66 1
40 67 1
40 69 1
40 70 1
40 71 1
40 75 1
40 77 1
40 78 1
40 79 1
40 81 1
40 82 1
40 83 1
40 85 1
40 86 1
40 91 1
40 93 1
40 94 1
40 95 1
40 97 1
40 98 1
40 99 1
40 101 1
40 102 1
40 123 1
40 125 1
40 126 1
40 127 1
40 129 1
40 130 1
40 131 1
40 133 1
40 134 1
40 140 1
41 42 1
41 45 1
41 46 1
41 47 1
41 48 1
41 63 1
41 65 1
41 68 1
41 69 1
41 70 1
41 71 1
41 72 1
41 73 1
41 74 1
41 80 1
41 81 1
41 82 1
41 84 1
41 85 1
41 86 1
41 88 1
41 89 1
41 90 1
41 96 1
41 97 1
41 98 1
41 100 1
41 101 1
41 102 1
41 120 1
41 121 1
41 122 1
41 128 1
41 129 1
41 130 1
41 132 1
41 133 1
41 134 1
41 141 1
42 43 1
42 46 1
42 48 1
42 50 1
42 51 1
42 52 1
42 54 1
42 55 1
42 56 1
42 62 1
42 63 1
42 64 1
42 65 1
42 72 1
42 73 1
42 74 1
42 76 1
42 77 1
42 78 1
42 84 1
42 85 1
42 86 1
42 88 1
42 89 1
42 90 1
42 92 1
42 93 1
42 94 1
42 100 1
42 101 1
42 102 1
42 104 1
42 105 1
42 106 1
42 108 1
42 109 1
42 110 1
42 116 1
42 117 1
42 118 1
42 142 1
43 45 1
43 46 1
43 47 1
43 48 1
43 50 1
43 51 1
43 52 1
43 54 1
43 55 1
43 56 1
43 58 1
43 59 1
43 60 1
43 66 1
43 72 1
43 73 1
43 74 1
43 76 1
43 77 1
43 78 1
43 80 1
43 81 1
43 82 1
43 88 1
43 89 1
43 90 1
43 92 1
43 93 1
43 94 1
43 96 1
43 97 1
43 98 1
43 104 1
43 105 1
43 106 1
43 108 1
43 109 1
43 110 1
43 112 1
43 113 1
43 114 1
43 143 1
44 45 1
44 46 1
44 47 1
44 53 1
44 54 1
44 56 1
44 57 1
44 58 1
44 60 1
44 61 1
44 62 1
44 64 1
44 67 1
44 75 1
44 76 1
44 78 1
44 79 1
44 80 1
44 82 1
44 83 1
44 84 1
44 86 1
44 91 1
44 92 1
44 94 1
44 95 1
44 96 1
44 98 1
44 99 1
44 100 1
44 102 1
44 107 1
44 108 1
44 110 1
44 111 1
44 112 1
44 114 1
44 115 1
44 116 1
44 118 1
44 144 1
45 46 1
45 47 1
45 48 1
45 53 1
45 54 1
45 55 1
45 57 1
45 58 1
45 59 1
45 61 1
45 62 1
45 63 1
45 68 1
45 75 1
45 76 1
45 77 1
45 79 1
45 80 1
45 81 1
45 83 1
45 84 1
45 85 1
45 91 1
45 92 1
45 93 1
45 95 1
45 96 1
45 97 1
45 99 1
45 100 1
45 101 1
45 107 1
45 108 1
45 109 1
45 111 1
45 112 1
45 113 1
45 115 1
45 116 1
45 117 1
45 145 1
46 47 1
46 48 1
46 54 1
46 55 1
46 56 1
46 58 1
46 59 1
46 60 1
46 62 1
46 63 1
46 64 1
46 69 1
46 76 1
46 77 1
46 78 1
46 80 1
46 81 1
46 82 1
46 84 1
46 85 1
46 86 1
46 92 1
46 93 1
46 94 1
46 96 1
46 97 1
46 98 1
46 100 1
46 101 1
46 102 1
46 108 1
46 109 1
46 110 1
46 112 1
46 113 1
46 114 1
46 116 1
46 117 1
46 118 1
46 146 1
47 48 1
47 53 1
47 55 1
47 56 1
47 57 1
47 59 1
47 60 1
47 61 1
47 63 1
47 64 1
47 70 1
47 75 1
47 77 1
47 78 1
47 79 1
47 81 1
47 82 1
47 83 1
47 85 1
47 86 1
47 91 1
47 93 1
47 94 1
47 95 1
47 97 1
47 98 1
47 99 1
47 101 1
47 102 1
47 107 1
47 109 1
47 110 1
47 111 1
47 113 1
47 114 1
47 115 1
47 117 1
47 118 1
47 147 1
48 50 1
48 51 1
48 52 1
48 58 1
48 59 1
48 60 1
48 62 1
48 63 1
48 64 1
48 71 1
48 72 1
48 73 1
48 74 1
48 80 1
48 81 1
48 82 1
48 84 1
48 85 1
48 86 1
48 88 1
48 89 1
48 90 1
48 96 1
48 97 1
48 98 1
48 100 1
48 101 1
48 102 1
48 104 1
48 105 1
48 106 1
48 112 1
48 113 1
48 114 1
48 116 1
48 117 1
48 118 1
48 148 1
49 50 1
49 51 1
49 52 1
49 53 1
49 54 1
49 56 1
49 57 1
49 61 1
49 62 1
49 64 1
49 87 1
49 88 1
49 90 1
49 91 1
49 92 1
49 94 1
49 99 1
49 100 1
49 102 1
49 103 1
49 104 1
49 106 1
49 107 1
49 108 1
49 110 1
49 115 1
49 116 1
49 118 1
49 119 1
49 120 1
49 122 1
49 123 1
49 124 1
49 126 1
49 131 1
49 132 1
49 134 1
49 149 1
50 51 1
50 52 1
50 53 1
50 54 1
50 55 1
50 58 1
50 61 1
50 62 1
50 63 1
50 65 1
50 66 1
50 71 1
50 87 1
50 88 1
50 89 1
50 91 1
50 92 1
50 93 1
50 99 1
50 100 1
50 101 1
50 103 1
50 104 1
50 105 1
50 107 1
50 108 1
50 109 1
50 115 1
50 116 1
50 117 1
50 119 1
50 120 1
50 121 1
50 123 1
50 124 1
50 125 1
50 131 1
50 132 1
50 133 1
50 150 1
51 52 1
51 54 1
51 55 1
51 56 1
51 59 1
51 62 1
51 63 1
51 64 1
51 65 1
51 66 1
51 71 1
51 88 1
51 89 1
51 90 1
51 92 1
51 93 1
51 94 1
51 100 1
51 101 1
51 102 1
51 104 1
51 105 1
51 106 1
51 108 1
51 109 1
51 110 1
51 116 1
51 117 1
51 118 1
51 120 1
51 121 1
51 122 1
51 124 1
51 125 1
51 126 1
51 132 1
51 133 1
51 134 1
51 151 1
52 53 1
52 55 1
52 56 1
52 60 1
52 61 1
52 63 1
52 64 1
52 65 1
52 66 1
52 71 1
52 87 1
52 89 1
52 90 1
52 91 1
52 93 1
52 94 1
52 99 1
52 101 1
52 102 1
52 103 1
52 105 1
52 106 1
52 107 1
52 109 1
52 110 1
52 115 1
52 117 1
52 118 1
52 119 1
52 121 1
52 122 1
52 123 1
52 125 1
52 126 1
52 131 1
52 133 1
52 134 1
52 152 1
53 54 1
53 55 1
53 56 1
53 57 1
53 58 1
53 60 1
53 61 1
53 67 1
53 68 1
53 70 1
53 87 1
53 88 1
53 90 1
53 91 1
53 92 1
53 94 1
53 95 1
53 96 1
53 98 1
53 103 1
53 104 1
53 106 1
53 107 1
53 108 1
53 110 1
53 111 1
53 112 1
53 114 1
53 119 1
53 120 1
53 122 1
53 123 1
53 124 1
53 126 1
53 127 1
53 128 1
53 130 1
53 153 1
54 55 1
54 56 1
54 57 1
54 58 1
54 59 1
54 62 1
54 65 1
54 66 1
54 67 1
54 68 1
54 69 1
54 87 1
54 88 1
54 89 1
54 91 1
54 92 1
54 93 1
54 95 1
54 96 1
54 97 1
54 103 1
54 104 1
54 105 1
54 107 1
54 108 1
54 109 1
54 111 1
54 112 1
54 113 1
54 119 1
54 120 1
54 121 1
54 123 1
54 124 1
54 125 1
54 127 1
54 128 1
54 129 1
54 154 1
55 56 1
55 58 1
55 59 1
55 60 1
55 63 1
55 65 1
55 66 1
55 68 1
55 69 1
55 70 1
55 88 1
55 89 1
55 90 1
55 92 1
55 93 1
55 94 1
55 96 1
55 97 1
55 98 1
55 104 1
55 105 1
55 106 1
55 108 1
55 109 1
55 110 1
55 112 1
55 113 1
55 114 1
55 120 1
55 121 1
55 122 1
55 124 1
55 125 1
55 126 1
55 128 1
55 129 1
55 130 1
55 155 1
56 57 1
56 59 1
56 60 1
56 64 1
56 65 1
56 66 1
56 67 1
56 69 1
56 70 1
56 87 1
56 89 1
56 90 1
56 91 1
56 93 1
56 94 1
56 95 1
56 97 1
56 98 1
56 103 1
56 105 1
56 106 1
56 107 1
56 109 1
56 110 1
56 111 1
56 113 1
56 114 1
56 119 1
56 121 1
56 122 1
56 123 1
56 125 1
56 126 1
56 127 1
56 129 1
56 130 1
56 156 1
57 58 1
57 59 1
57 60 1
57 61 1
57 62 1
57 64 1
57 67 1
57 68 1
57 70 1
57 91 1
57 92 1
57 94 1
57 95 1
57 96 1
57 98 1
57 99 1
57 100 1
57 102 1
57 107 1
57 108 1
57 110 1
57 111 1
57 112 1
57 114 1
57 115 1
57 116 1
57 118 1
57 123 1
57 124 1
57 126 1
57 127 1
57 128 1
57 130 1
57 131 1
57 132 1
57 134 1
57 157 1
58 59 1
58 60 1
58 61 1
58 62 1
58 63 1
58 66 1
58 67 1
58 68 1
58 69 1
58 71 1
58 91 1
58 92 1
58 93 1
58 95 1
58 96 1
58 97 1
58 99 1
58 100 1
58 101 1
58 107 1
58 108 1
58 109 1
58 111 1
58 112 1
58 113 1
58 115 1
58 116 1
58 117 1
58 123 1
58 124 1
58 125 1
58 127 1
58 128 1
58 129 1
58 131 1
58 132 1
58 133 1
58 158 1
59 60 1
59 62 1
59 63 1
59 64 1
59 66 1
59 68 1
59 69 1
59 70 1
59 71 1
59 92 1
59 93 1
59 94 1
59 96 1
59 97 1
59 98 1
59 100 1
59 101 1
59 102 1
59 108 1
59 109 1
59 110 1
59 112 1
59 113 1
59 114 1
59 116 1
59 117 1
59 118 1
59 124 1
59 125 1
59 126 1
59 128 1
59 129 1
59 130 1
59 132 1
59 133 1
59 134 1
59 159 1
60 61 1
60 63 1
60 64 1
60 66 1
60 67 1
60 69 1
60 70 1
60 71 1
60 91 1
60 93 1
60 94 1
60 95 1
60 97 1
60 98 1
60 99 1
60 101 1
60 102 1
60 107 1
60 109 1
60 110 1
60 111 1
60 113 1
60 114 1
60 115 1
60 117 1
60 118 1
60 123 1
60 125 1
60 126 1
60 127 1
60 129 1
60 130 1
60 131 1
60 133 1
60 134 1
60 160 1
61 62 1
61 63 1
61 64 1
61 67 1
61 68 1
61 70 1
61 87 1
61 88 1
61 90 1
61 95 1
61 96 1
61 98 1
61 99 1
61 100 1
61 102 1
61 103 1
61 104 1
61 106 1
61 111 1
61 112 1
61 114 1
61 115 1
61 116 1
61 118 1
61 119 1
61 120 1
61 122 1
61 127 1
61 128 1
61 130 1
61 131 1
61 132 1
61 134 1
61 161 1
62 63 1
62 64 1
62 65 1
62 67 1
62 68 1
62 69 1
62 71 1
62 87 1
62 88 1
62 89 1
62 95 1
62 96 1
62 97 1
62 99 1
62 100 1
62 101 1
62 103 1
62 104 1
62 105 1
62 111 1
62 112 1
62 113 1
62 115 1
62 116 1
62 117 1
62 119 1
62 120 1
62 121 1
62 127 1
62 128 1
62 129 1
62 131 1
62 132 1
62 133 1
62 162 1
63 64 1
63 65 1
63 68 1
63 69 1
63 70 1
63 71 1
63 88 1
63 89 1
63 90 1
63 96 1
63 97 1
63 98 1
63 100 1
63 101 1
63 102 1
63 104 1
63 105 1
63 106 1
63 112 1
63 113 1
63 114 1
63 116 1
63 117 1
63 118 1
63 120 1
63 121 1
63 122 1
63 128 1
63 129 1
63 130 1
63 132 1
63 133 1
63 134 1
63 163 1
64 65 1
64 67 1
64 69 1
64 70 1
64 71 1
64 87 1
64 89 1
64 90 1
64 95 1
64 97 1
64 98 1
64 99 1
64 101 1
64 102 1
64 103 1
64 105 1
64 106 1
64 111 1
64 113 1
64 114 1
64 115 1
64 117 1
64 118 1
64 119 1
64 121 1
64 122 1
64 127 1
64 129 1
64 130 1
64 131 1
64 133 1
64 134 1
64 164 1
65 66 1
65 69 1
65 71 1
65 72 1
65 73 1
65 74 1
65 76 1
65 77 1
65 78 1
65 84 1
65 85 1
65 86 1
65 104 1
65 105 1
65 106 1
65 108 1
65 109 1
65 110 1
65 116 1
65 117 1
65 118 1
65 120 1
65 121 1
65 122 1
65 124 1
65 125 1
65 126 1
65 132 1
65 133 1
65 134 1
65 165 1
66 68 1
66 69 1
66 70 1
66 71 1
66 72 1
66 73 1
66 74 1
66 76 1
66 77 1
66 78 1
66 80 1
66 81 1
66 82 1
66 104 1
66 105 1
66 106 1
66 108 1
66 109 1
66 110 1
66 112 1
66 113 1
66 114 1
66 120 1
66 121 1
66 122 1
66 124 1
66 125 1
66 126 1
66 128 1
66 129 1
66 130 1
66 166 1
67 68 1
67 69 1
67 70 1
67 75 1
67 76 1
67 78 1
67 79 1
67 80 1
67 82 1
67 83 1
67 84 1
67 86 1
67 107 1
67 108 1
67 110 1
67 111 1
67 112 1
67 114 1
67 115 1
67 116 1
67 118 1
67 123 1
67 124 1
67 126 1
67 127 1
67 128 1
67 130 1
67 131 1
67 132 1
67 134 1
67 167 1
68 69 1
68 70 1
68 71 1
68 75 1
68 76 1
68 77 1
68 79 1
68 80 1
68 81 1
68 83 1
68 84 1
68 85 1
68 107 1
68 108 1
68 109 1
68 111 1
68 112 1
68 113 1
68 115 1
68 116 1
68 117 1
68 123 1
68 124 1
68 125 1
68 127 1
68 128 1
68 129 1
68 131 1
68 132 1
68 133 1
68 168 1
69 70 1
69 71 1
69 76 1
69 77 1
69 78 1
69 80 1
69 81 1
69 82 1
69 84 1
69 85 1
69 86 1
69 108 1
69 109 1
69 110 1
69 112 1
69 113 1
69 114 1
69 116 1
69 117 1
69 118 1
69 124 1
69 125 1
69 126 1
69 128 1
69 129 1
69 130 1
69 132 1
69 133 1
69 134 1
69 169 1
70 71 1
70 75 1
70 77 1
70 78 1
70 79 1
70 81 1
70 82 1
70 83 1
70 85 1
70 86 1
70 107 1
70 109 1
70 110 1
70 111 1
70 113 1
70 114 1
70 115 1
70 117 1
70 118 1
70 123 1
70 125 1
70 126 1
70 127 1
70 129 1
70 130 1
70 131 1
70 133 1
70 134 1
70 170 1
71 72 1
71 73 1
71 74 1
71 80 1
71 81 1
71 82 1
71 84 1
71 85 1
71 86 1
71 104 1
71 105 1
71 106 1
71 112 1
71 113 1
71 114 1
71 116 1
71 117 1
71 118 1
71 120 1
71 121 1
71 122 1
71 128 1
71 129 1
71 130 1
71 132 1
71 133 1
71 134 1
71 171 1
72 73 1
72 74 1
72 75 1
72 76 1
72 77 1
72 80 1
72 83 1
72 84 1
72 85 1
72 87 1
72 88 1
72 89 1
72 91 1
72 92 1
72 93 1
72 99 1
72 100 1
72 101 1
72 104 1
72 119 1
72 120 1
72 121 1
72 123 1
72 124 1
72 125 1
72 131 1
72 132 1
72 133 1
72 135 1
72 136 1
72 141 1
72 142 1
72 143 1
72 148 1
72 165 1
72 166 1
72 171 1
73 74 1
73 76 1
73 77 1
73 78 1
73 81 1
73 84 1
73 85 1
73 86 1
73 88 1
73 89 1
73 90 1
73 92 1
73 93 1
73 94 1
73 100 1
73 101 1
73 102 1
73 105 1
73 120 1
73 121 1
73 122 1
73 124 1
73 125 1
73 126 1
73 132 1
73 133 1
73 134 1
73 135 1
73 136 1
73 141 1
73 142 1
73 143 1
73 148 1
73 165 1
73 166 1
73 171 1
74 75 1
74 77 1
74 78 1
74 82 1
74 83 1
74 85 1
74 86 1
74 87 1
74 89 1
74 90 1
74 91 1
74 93 1
74 94 1
74 99 1
74 101 1
74 102 1
74 106 1
74 119 1
74 121 1
74 122 1
74 123 1
74 125 1
74 126 1
74 131 1
74 133 1
74 134 1
74 135 1
74 136 1
74 141 1
74 142 1
74 143 1
74 148 1
74 165 1
74 166 1
74 171 1
75 76 1
75 77 1
75 78 1
75 79 1
75 80 1
75 82 1
75 83 1
75 87 1
75 88 1
75 90 1
75 91 1
75 92 1
75 94 1
75 95 1
75 96 1
75 98 1
75 107 1
75 119 1
75 120 1
75 122 1
75 123 1
75 124 1
75 126 1
75 127 1
75 128 1
75 130 1
75 137 1
75 138 1
75 140 1
75 144 1
75 145 1
75 147 1
75 167 1
75 168 1
75 170 1
76 77 1
76 78 1
76 79 1
76 80 1
76 81 1
76 84 1
76 87 1
76 88 1
76 89 1
76 91 1
76 92 1
76 93 1
76 95 1
76 96 1
76 97 1
76 108 1
76 119 1
76 120 1
76 121 1
76 123 1
76 124 1
76 125 1
76 127 1
76 128 1
76 129 1
76 135 1
76 136 1
76 137 1
76 138 1
76 139 1
76 142 1
76 143 1
76 144 1
76 145 1
76 146 1
76 165 1
76 166 1
76 167 1
76 168 1
76 169 1
77 78 1
77 80 1
77 81 1
77 82 1
77 85 1
77 88 1
77 89 1
77 90 1
77 92 1
77 93 1
77 94 1
77 96 1
77 97 1
77 98 1
77 109 1
77 120 1
77 121 1
77 122 1
77 124 1
77 125 1
77 126 1
77 128 1
77 129 1
77 130 1
77 135 1
77 136 1
77 138 1
77 139 1
77 140 1
77 142 1
77 143 1
77 145 1
77 146 1
77 147 1
77 165 1
77 166 1
77 168 1
77 169 1
77 170 1
78 79 1
78 81 1
78 82 1
78 86 1
78 87 1
78 89 1
78 90 1
78 91 1
78 93 1
78 94 1
78 95 1
78 97 1
78 98 1
78 110 1
78 119 1
78 121 1
78 122 1
78 123 1
78 125 1
78 126 1
78 127 1
78 129 1
78 130 1
78 135 1
78 136 1
78 137 1
78 139 1
78 140 1
78 142 1
78 143 1
78 144 1
78 146 1
78 147 1
78 165 1
78 166 1
78 167 1
78 169 1
78 170 1
79 80 1
79 81 1
79 82 1
79 83 1
79 84 1
79 86 1
79 91 1
79 92 1
79 94 1
79 95 1
79 96 1
79 98 1
79 99 1
79 100 1
79 102 1
79 111 1
79 123 1
79 124 1
79 126 1
79 127 1
79 128 1
79 130 1
79 131 1
79 132 1
79 134 1
79 137 1
79 138 1
79 140 1
79 144 1
79 145 1
79 147 1
79 167 1
79 168 1
79 170 1
80 81 1
80 82 1
80 83 1
80 84 1
80 85 1
80 91 1
80 92 1
80 93 1
80 95 1
80 96 1
80 97 1
80 99 1
80 100 1
80 101 1
80 112 1
80 123 1
80 124 1
80 125 1
80 127 1
80 128 1
80 129 1
80 131 1
80 132 1
80 133 1
80 136 1
80 137 1
80 138 1
80 139 1
80 141 1
80 143 1
80 144 1
80 145 1
80 146 1
80 148 1
80 166 1
80 167 1
80 168 1
80 169 1
80 171 1
81 82 1
81 84 1
81 85 1
81 86 1
81 92 1
81 93 1
81 94 1
81 96 1
81 97 1
81 98 1
81 100 1
81 101 1
81 102 1
81 113 1
81 124 1
81 125 1
81 126 1
81 128 1
81 129 1
81 130 1
81 132 1
81 133 1
81 134 1
81 136 1
81 138 1
81 139 1
81 140 1
81 141 1
81 143 1
81 145 1
81 146 1
81 147 1
81 148 1
81 166 1
81 168 1
81 169 1
81 170 1
81 171 1
82 83 1
82 85 1
82 86 1
82 91 1
82 93 1
82 94 1
82 95 1
82 97 1
82 98 1
82 99 1
82 101 1
82 102 1
82 114 1
82 123 1
82 125 1
82 126 1
82 127 1
82 129 1
82 130 1
82 131 1
82 133 1
82 134 1
82 136 1
82 137 1
82 139 1
82 140 1
82 141 1
82 143 1
82 144 1
82 146 1
82 147 1
82 148 1
82 166 1
82 167 1
82 169 1
82 170 1
82 171 1
83 84 1
83 85 1
83 86 1
83 87 1
83 88 1
83 90 1
83 95 1
83 96 1
83 98 1
83 99 1
83 100 1
83 102 1
83 115 1
83 119 1
83 120 1
83 122 1
83 127 1
83 128 1
83 130 1
83 131 1
83 132 1
83 134 1
83 137 1
83 138 1
83 140 1
83 144 1
83 145 1
83 147 1
83 167 1
83 168 1
83 170 1
84 85 1
84 86 1
84 87 1
84 88 1
84 89 1
84 95 1
84 96 1
84 97 1
84 99 1
84 100 1
84 101 1
84 116 1
84 119 1
84 120 1
84 121 1
84 127 1
84 128 1
84 129 1
84 131 1
84 132 1
84 133 1
84 135 1
84 137 1
84 138 1
84 139 1
84 141 1
84 142 1
84 144 1
84 145 1
84 146 1
84 148 1
84 165 1
84 167 1
84 168 1
84 169 1
84 171 1
85 86 1
85 88 1
85 89 1
85 90 1
85 96 1
85 97 1
85 98 1
85 100 1
85 101 1
85 102 1
85 117 1
85 120 1
85 121 1
85 122 1
85 128 1
85 129 1
85 130 1
85 132 1
85 133 1
85 134 1
85 135 1
85 138 1
85 139 1
85 140 1
85 141 1
85 142 1
85 145 1
85 146 1
85 147 1
85 148 1
85 165 1
85 168 1
85 169 1
85 170 1
85 171 1
86 87 1
86 89 1
86 90 1
86 95 1
86 97 1
86 98 1
86 99 1
86 101 1
86 102 1
86 118 1
86 119 1
86 121 1
86 122 1
86 127 1
86 129 1
86 130 1
86 131 1
86 133 1
86 134 1
86 135 1
86 137 1
86 139 1
86 140 1
86 141 1
86 142 1
86 144 1
86 146 1
86 147 1
86 148 1
86 165 1
86 167 1
86 169 1
86 170 1
86 171 1
87 88 1
87 89 1
87 90 1
87 91 1
87 92 1
87 94 1
87 95 1
87 99 1
87 100 1
87 102 1
87 103 1
87 104 1
87 106 1
87 107 1
87 108 1
87 110 1
87 115 1
87 116 1
87 118 1
87 119 1
87 149 1
87 150 1
87 152 1
87 153 1
87 154 1
87 156 1
87 161 1
87 162 1
87 164 1
88 89 1
88 90 1
88 91 1
88 92 1
88 93 1
88 96 1
88 99 1
88 100 1
88 101 1
88 103 1
88 104 1
88 105 1
88 107 1
88 108 1
88 109 1
88 115 1
88 116 1
88 117 1
88 120 1
88 135 1
88 136 1
88 141 1
88 142 1
88 143 1
88 148 1
88 149 1
88 150 1
88 151 1
88 153 1
88 154 1
88 155 1
88 161 1
88 162 1
88 163 1
89 90 1
89 92 1
89 93 1
89 94 1
89 97 1
89 100 1
89 101 1
89 102 1
89 104 1
89 105 1
89 106 1
89 108 1
89 109 1
89 110 1
89 116 1
89 117 1
89 118 1
89 121 1
89 135 1
89 136 1
89 141 1
89 142 1
89 143 1
89 148 1
89 150 1
89 151 1
89 152 1
89 154 1
89 155 1
89 156 1
89 162 1
89 163 1
89 164 1
90 91 1
90 93 1
90 94 1
90 98 1
90 99 1
90 101 1
90 102 1
90 103 1
90 105 1
90 106 1
90 107 1
90 109 1
90 110 1
90 115 1
90 117 1
90 118 1
90 122 1
90 135 1
90 136 1
90 141 1
90 142 1
90 143 1
90 148 1
90 149 1
90 151 1
90 152 1
90 153 1
90 155 1
90 156 1
90 161 1
90 163 1
90 164 1
91 92 1
91 93 1
91 94 1
91 95 1
91 96 1
91 98 1
91 99 1
91 103 1
91 104 1
91 106 1
91 107 1
91 108 1
91 110 1
91 111 1
91 112 1
91 114 1
91 123 1
91 137 1
91 138 1
91 140 1
91 144 1
91 145 1
91 147 1
91 149 1
91 150 1
91 152 1
91 153 1
91 154 1
91 156 1
91 157 1
91 158 1
91 160 1
92 93 1
92 94 1
92 95 1
92 96 1
92 97 1
92 100 1
92 103 1
92 104 1
92 105 1
92 107 1
92 108 1
92 109 1
92 111 1
92 112 1
92 113 1
92 124 1
92 135 1
92 136 1
92 137 1
92 138 1
92 139 1
92 142 1
92 143 1
92 144 1
92 145 1
92 146 1
92 149 1
92 150 1
92 151 1
92 153 1
92 154 1
92 155 1
92 157 1
92 158 1
92 159 1
93 94 1
93 96 1
93 97 1
93 98 1
93 101 1
93 104 1
93 105 1
93 106 1
93 108 1
93 109 1
93 110 1
93 112 1
93 113 1
93 114 1
93 125 1
93 135 1
93 136 1
93 138 1
93 139 1
93 140 1
93 142 1
93 143 1
93 145 1
93 146 1
93 147 1
93 150 1
93 151 1
93 152 1
93 154 1
93 155 1
93 156 1
93 158 1
93 159 1
93 160 1
94 95 1
94 97 1
94 98 1
94 102 1
94 103 1
94 105 1
94 106 1
94 107 1
94 109 1
94 110 1
94 111 1
94 113 1
94 114 1
94 126 1
94 135 1
94 136 1
94 137 1
94 139 1
94 140 1
94 142 1
94 143 1
94 144 1
94 146 1
94 147 1
94 149 1
94 151 1
94 152 1
94 153 1
94 155 1
94 156 1
94 157 1
94 159 1
94 160 1
95 96 1
95 97 1
95 98 1
95 99 1
95 100 1
95 102 1
95 107 1
95 108 1
95 110 1
95 111 1
95 112 1
95 114 1
95 115 1
95 116 1
95 118 1
95 127 1
95 137 1
95 138 1
95 140 1
95 144 1
95 145 1
95 147 1
95 153 1
95 154 1
95 156 1
95 157 1
95 158 1
95 160 1
95 161 1
95 162 1
95 164 1
96 97 1
96 98 1
96 99 1
96 100 1
96 101 1
96 107 1
96 108 1
96 109 1
96 111 1
96 112 1
96 113 1
96 115 1
96 116 1
96 117 1
96 128 1
96 136 1
96 137 1
96 138 1
96 139 1
96 141 1
96 143 1
96 144 1
96 145 1
96 146 1
96 148 1
96 153 1
96 154 1
96 155 1
96 157 1
96 158 1
96 159 1
96 161 1
96 162 1
96 163 1
97 98 1
97 100 1
97 101 1
97 102 1
97 108 1
97 109 1
97 110 1
97 112 1
97 113 1
97 114 1
97 116 1
97 117 1
97 118 1
97 129 1
97 136 1
97 138 1
97 139 1
97 140 1
97 141 1
97 143 1
97 145 1
97 146 1
97 147 1
97 148 1
97 154 1
97 155 1
97 156 1
97 158 1
97 159 1
97 160 1
97 162 1
97 163 1
97 164 1
98 99 1
98 101 1
98 102 1
98 107 1
98 109 1
98 110 1
98 111 1
98 113 1
98 114 1
98 115 1
98 117 1
98 118 1
98 130 1
98 136 1
98 137 1
98 139 1
98 140 1
98 141 1
98 143 1
98 144 1
98 146 1
98 147 1
98 148 1
98 153 1
98 155 1
98 156 1
98 157 1
98 159 1
98 160 1
98 161 1
98 163 1
98 164 1
99 100 1
99 101 1
99 102 1
99 103 1
99 104 1
99 106 1
99 111 1
99 112 1
99 114 1
99 115 1
99 116 1
99 118 1
99 131 1
99 137 1
99 138 1
99 140 1
99 144 1
99 145 1
99 147 1
99 149 1
99 150 1
99 152 1
99 157 1
99 158 1
99 160 1
99 161 1
99 162 1
99 164 1
100 101 1
100 102 1
100 103 1
100 104 1
100 105 1
100 111 1
100 112 1
100 113 1
100 115 1
100 116 1
100 117 1
100 132 1
100 135 1
100 137 1
100 138 1
100 139 1
100 141 1
100 142 1
100 144 1
100 145 1
100 146 1
100 148 1
100 149 1
100 150 1
100 151 1
100 157 1
100 158 1
100 159 1
100 161 1
100 162 1
100 163 1
101 102 1
101 104 1
101 105 1
101 106 1
101 112 1
101 113 1
101 114 1
101 116 1
101 117 1
101 118 1
101 133 1
101 135 1
101 138 1
101 139 1
101 140 1
101 141 1
101 142 1
101 145 1
101 146 1
101 147 1
101 148 1
101 150 1
101 151 1
101 152 1
101 158 1
101 159 1
101 160 1
101 162 1
101 163 1
101 164 1
102 103 1
102 105 1
102 106 1
102 111 1
102 113 1
102 114 1
102 115 1
102 117 1
102 118 1
102 134 1
102 135 1
102 137 1
102 139 1
102 140 1
102 141 1
102 142 1
102 144 1
102 146 1
102 147 1
102 148 1
102 149 1
102 151 1
102 152 1
102 157 1
102 159 1
102 160 1
102 161 1
102 163 1
102 164 1
103 104 1
103 105 1
103 106 1
103 107 1
103 108 1
103 110 1
103 111 1
103 115 1
103 116 1
103 118 1
103 119 1
103 120 1
103 122 1
103 123 1
103 124 1
103 126 1
103 131 1
103 132 1
103 134 1
103 149 1
103 150 1
103 152 1
103 153 1
103 154 1
103 156 1
103 161 1
103 162 1
103 164 1
104 105 1
104 106 1
104 107 1
104 108 1
104 109 1
104 112 1
104 115 1
104 116 1
104 117 1
104 119 1
104 120 1
104 121 1
104 123 1
104 124 1
104 125 1
104 131 1
104 132 1
104 133 1
104 142 1
104 143 1
104 148 1
104 149 1
104 150 1
104 151 1
104 153 1
104 154 1
104 155 1
104 161 1
104 162 1
104 163 1
104 165 1
104 166 1
104 171 1
105 106 1
105 108 1
105 109 1
105 110 1
105 113 1
105 116 1
105 117 1
105 118 1
105 120 1
105 121 1
105 122 1
105 124 1
105 125 1
105 126 1
105 132 1
105 133 1
105 134 1
105 142 1
105 143 1
105 148 1
105 150 1
105 151 1
105 152 1
105 154 1
105 155 1
105 156 1
105 162 1
105 163 1
105 164 1
105 165 1
105 166 1
105 171 1
106 107 1
106 109 1
106 110 1
106 114 1
106 115 1
106 117 1
106 118 1
106 119 1
106 121 1
106 122 1
106 123 1
106 125 1
106 126 1
106 131 1
106 133 1
106 134 1
106 142 1
106 143 1
106 148 1
106 149 1
106 151 1
106 152 1
106 153 1
106 155 1
106 156 1
106 161 1
106 163 1
106 164 1
106 165 1
106 166 1
106 171 1
107 108 1
107 109 1
107 110 1
107 111 1
107 112 1
107 114 1
107 115 1
107 119 1
107 120 1
107 122 1
107 123 1
107 124 1
107 126 1
107 127 1
107 128 1
107 130 1
107 144 1
107 145 1
107 147 1
107 149 1
107 150 1
107 152 1
107 153 1
107 154 1
107 156 1
107 157 1
107 158 1
107 160 1
107 167 1
107 168 1
107 170 1
108 109 1
108 110 1
108 111 1
108 112 1
108 113 1
108 116 1
108 119 1
108 120 1
108 121 1
108 123 1
108 124 1
108 125 1
108 127 1
108 128 1
108 129 1
108 142 1
108 143 1
108 144 1
108 145 1
108 146 1
108 149 1
108 150 1
108 151 1
108 153 1
108 154 1
108 155 1
108 157 1
108 158 1
108 159 1
108 165 1
108 166 1
108 167 1
108 168 1
108 169 1
109 110 1
109 112 1
109 113 1
109 114 1
109 117 1
109 120 1
109 121 1
109 122 1
109 124 1
109 125 1
109 126 1
109 128 1
109 129 1
109 130 1
109 142 1
109 143 1
109 145 1
109 146 1
109 147 1
109 150 1
109 151 1
109 152 1
109 154 1
109 155 1
109 156 1
109 158 1
109 159 1
109 160 1
109 165 1
109 166 1
109 168 1
109 169 1
109 170 1
110 111 1
110 113 1
110 114 1
110 118 1
110 119 1
110 121 1
110 122 1
110 123 1
110 125 1
110 126 1
110 127 1
110 129 1
110 130 1
110 142 1
110 143 1
110 144 1
110 146 1
110 147 1
110 149 1
110 151 1
110 152 1
110 153 1
110 155 1
110 156 1
110 157 1
110 159 1
110 160 1
110 165 1
110 166 1
110 167 1
110 169 1
110 170 1
111 112 1
111 113 1
111 114 1
111 115 1
111 116 1
111 118 1
111 123 1
111 124 1
111 126 1
111 127 1
111 128 1
111 130 1
111 131 1
111 132 1
111 134 1
111 144 1
111 145 1
111 147 1
111 153 1
111 154 1
111 156 1
111 157 1
111 158 1
111 160 1
111 161 1
111 162 1
111 164 1
111 167 1
111 168 1
111 170 1
112 113 1
112 114 1
112 115 1
112 116 1
112 117 1
112 123 1
112 124 1
112 125 1
112 127 1
112 128 1
112 129 1
112 131 1
112 132 1
112 133 1
112 143 1
112 144 1
112 145 1
112 146 1
112 148 1
112 153 1
112 154 1
112 155 1
112 157 1
112 158 1
112 159 1
112 161 1
112 162 1
112 163 1
112 166 1
112 167 1
112 168 1
112 169 1
112 171 1
113 114 1
113 116 1
113 117 1
113 118 1
113 124 1
113 125 1
113 126 1
113 128 1
113 129 1
113 130 1
113 132 1
113 133 1
113 134 1
113 143 1
113 145 1
113 146 1
113 147 1
113 148 1
113 154 1
113 155 1
113 156 1
113 158 1
113 159 1
113 160 1
113 162 1
113 163 1
113 164 1
113 166 1
113 168 1
113 169 1
113 170 1
113 171 1
114 115 1
114 117 1
114 118 1
114 123 1
114 125 1
114 126 1
114 127 1
114 129 1
114 130 1
114 131 1
114 133 1
114 134 1
114 143 1
114 144 1
114 146 1
114 147 1
114 148 1
114 153 1
114 155 1
114 156 1
114 157 1
114 159 1
114 160 1
114 161 1
114 163 1
114 164 1
114 166 1
114 167 1
114 169 1
114 170 1
114 171 1
115 116 1
115 117 1
115 118 1
115 119 1
115 120 1
115 122 1
115 127 1
115 128 1
115 130 1
115 131 1
115 132 1
115 134 1
115 144 1
115 145 1
115 147 1
115 149 1
115 150 1
115 152 1
115 157 1
115 158 1
115 160 1
115 161 1
115 162 1
115 164 1
115 167 1
115 168 1
115 170 1
116 117 1
116 118 1
116 119 1
116 120 1
116 121 1
116 127 1
116 128 1
116 129 1
116 131 1
116 132 1
116 133 1
116 142 1
116 144 1
116 145 1
116 146 1
116 148 1
116 149 1
116 150 1
116 151 1
116 157 1
116 158 1
116 159 1
116 161 1
116 162 1
116 163 1
116 165 1
116 167 1
116 168 1
116 169 1
116 171 1
117 118 1
117 120 1
117 121 1
117 122 1
117 128 1
117 129 1
117 130 1
117 132 1
117 133 1
117 134 1
117 142 1
117 145 1
117 146 1
117 147 1
117 148 1
117 150 1
117 151 1
117 152 1
117 158 1
117 159 1
117 160 1
117 162 1
117 163 1
117 164 1
117 165 1
117 168 1
117 169 1
117 170 1
117 171 1
118 119 1
118 121 1
118 122 1
118 127 1
118 129 1
118 130 1
118 131 1
118 133 1
118 134 1
118 142 1
118 144 1
118 146 1
118 147 1
118 148 1
118 149 1
118 151 1
118 152 1
118 157 1
118 159 1
118 160 1
118 161 1
118 163 1
118 164 1
118 165 1
118 167 1
118 169 1
118 170 1
118 171 1
119 120 1
119 121 1
119 122 1
119 123 1
119 124 1
119 126 1
119 127 1
119 131 1
119 132 1
119 134 1
119 149 1
119 150 1
119 152 1
119 153 1
119 154 1
119 156 1
119 161 1
119 162 1
119 164 1
120 121 1
120 122 1
120 123 1
120 124 1
120 125 1
120 128 1
120 131 1
120 132 1
120 133 1
120 135 1
120 136 1
120 141 1
120 149 1
120 150 1
120 151 1
120 153 1
120 154 1
120 155 1
120 161 1
120 162 1
120 163 1
120 165 1
120 166 1
120 171 1
121 122 1
121 124 1
121 125 1
121 126 1
121 129 1
121 132 1
121 133 1
121 134 1
121 135 1
121 136 1
121 141 1
121 150 1
121 151 1
121 152 1
121 154 1
121 155 1
121 156 1
121 162 1
121 163 1
121 164 1
121 165 1
121 166 1
121 171 1
122 123 1
122 125 1
122 126 1
122 130 1
122 131 1
122 133 1
122 134 1
122 135 1
122 136 1
122 141 1
122 149 1
122 151 1
122 152 1
122 153 1
122 155 1
122 156 1
122 161 1
122 163 1
122 164 1
122 165 1
122 166 1
122 171 1
123 124 1
123 125 1
123 126 1
123 127 1
123 128 1
123 130 1
123 131 1
123 137 1
123 138 1
123 140 1
123 149 1
123 150 1
123 152 1
123 153 1
123 154 1
123 156 1
123 157 1
123 158 1
123 160 1
123 167 1
123 168 1
123 170 1
124 125 1
124 126 1
124 127 1
124 128 1
124 129 1
124 132 1
124 135 1
124 136 1
124 137 1
124 138 1
124 139 1
124 149 1
124 150 1
124 151 1
124 153 1
124 154 1
124 155 1
124 157 1
124 158 1
124 159 1
124 165 1
124 166 1
124 167 1
124 168 1
124 169 1
125 126 1
125 128 1
125 129 1
125 130 1
125 133 1
125 135 1
125 136 1
125 138 1
125 139 1
125 140 1
125 150 1
125 151 1
125 152 1
125 154 1
125 155 1
125 156 1
125 158 1
125 159 1
125 160 1
125 165 1
125 166 1
125 168 1
125 169 1
125 170 1
126 127 1
126 129 1
126 130 1
126 134 1
126 135 1
126 136 1
126 137 1
126 139 1
126 140 1
126 149 1
126 151 1
126 152 1
126 153 1
126 155 1
126 156 1
126 157 1
126 159 1
126 160 1
126 165 1
126 166 1
126 167 1
126 169 1
126 170 1
127 128 1
127 129 1
127 130 1
127 131 1
127 132 1
127 134 1
127 137 1
127 138 1
127 140 1
127 153 1
127 154 1
127 156 1
127 157 1
127 158 1
127 160 1
127 161 1
127 162 1
127 164 1
127 167 1
127 168 1
127 170 1
128 129 1
128 130 1
128 131 1
128 132 1
128 133 1
128 136 1
128 137 1
128 138 1
128 139 1
128 141 1
128 153 1
128 154 1
128 155 1
128 157 1
128 158 1
128 159 1
128 161 1
128 162 1
128 163 1
128 166 1
128 167 1
128 168 1
128 169 1
128 171 1
129 130 1
129 132 1
129 133 1
129 134 1
129 136 1
129 138 1
129 139 1
129 140 1
129 141 1
129 154 1
129 155 1
129 156 1
129 158 1
129 159 1
129 160 1
129 162 1
129 163 1
129 164 1
129 166 1
129 168 1
129 169 1
129 170 1
129 171 1
130 131 1
130 133 1
130 134 1
130 136 1
130 137 1
130 139 1
130 140 1
130 141 1
130 153 1
130 155 1
130 156 1
130 157 1
130 159 1
130 160 1
130 161 1
130 163 1
130 164 1
130 166 1
130 167 1
130 169 1
130 170 1
130 171 1
131 132 1
131 133 1
131 134 1
131 137 1
131 138 1
131 140 1
131 149 1
131 150 1
131 152 1
131 157 1
131 158 1
131 160 1
131 161 1
131 162 1
131 164 1
131 167 1
131 168 1
131 170 1
132 133 1
132 134 1
132 135 1
132 137 1
132 138 1
132 139 1
132 141 1
132 149 1
132 150 1
132 151 1
132 157 1
132 158 1
132 159 1
132 161 1
132 162 1
132 163 1
132 165 1
132 167 1
132 168 1
132 169 1
132 171 1
133 134 1
133 135 1
133 138 1
133 139 1
133 140 1
133 141 1
133 150 1
133 151 1
133 152 1
133 158 1
133 159 1
133 160 1
133 162 1
133 163 1
133 164 1
133 165 1
133 168 1
133 169 1
133 170 1
133 171 1
134 135 1
134 137 1
134 139 1
134 140 1
134 141 1
134 149 1
134 151 1
134 152 1
134 157 1
134 159 1
134 160 1
134 161 1
134 163 1
134 164 1
134 165 1
134 167 1
134 169 1
134 170 1
134 171 1
135 136 1
135 139 1
135 141 1
135 142 1
135 143 1
135 148 1
135 151 1
135 165 1
135 166 1
135 171 1
136 138 1
136 139 1
136 140 1
136 141 1
136 142 1
136 143 1
136 145 1
136 146 1
136 147 1
136 155 1
136 165 1
136 166 1
136 168 1
136 169 1
136 170 1
137 138 1
137 139 1
137 140 1
137 144 1
137 145 1
137 147 1
137 157 1
137 167 1
137 168 1
137 170 1
138 139 1
138 140 1
138 141 1
138 143 1
138 144 1
138 145 1
138 146 1
138 148 1
138 158 1
138 166 1
138 167 1
138 168 1
138 169 1
138 171 1
139 140 1
139 141 1
139 143 1
139 145 1
139 146 1
139 147 1
139 148 1
139 159 1
139 166 1
139 168 1
139 169 1
139 170 1
139 171 1
140 141 1
140 143 1
140 144 1
140 146 1
140 147 1
140 148 1
140 160 1
140 166 1
140 167 1
140 169 1
140 170 1
140 171 1
141 142 1
141 145 1
141 146 1
141 147 1
141 148 1
141 163 1
141 165 1
141 168 1
141 169 1
141 170 1
141 171 1
142 143 1
142 146 1
142 148 1
142 150 1
142 151 1
142 152 1
142 154 1
142 155 1
142 156 1
142 162 1
142 163 1
142 164 1
142 165 1
143 145 1
143 146 1
143 147 1
143 148 1
143 150 1
143 151 1
143 152 1
143 154 1
143 155 1
143 156 1
143 158 1
143 159 1
143 160 1
143 166 1
144 145 1
144 146 1
144 147 1
144 153 1
144 154 1
144 156 1
144 157 1
144 158 1
144 160 1
144 161 1
144 162 1
144 164 1
144 167 1
145 146 1
145 147 1
145 148 1
145 153 1
145 154 1
145 155 1
145 157 1
145 158 1
145 159 1
145 161 1
145 162 1
145 163 1
145 168 1
146 147 1
146 148 1
146 154 1
146 155 1
146 156 1
146 158 1
146 159 1
146 160 1
146 162 1
146 163 1
146 164 1
146 169 1
147 148 1
147 153 1
147 155 1
147 156 1
147 157 1
147 159 1
147 160 1
147 161 1
147 163 1
147 164 1
147 170 1
148 150 1
148 151 1
148 152 1
148 158 1
148 159 1
148 160 1
148 162 1
148 163 1
148 164 1
148 171 1
149 150 1
149 151 1
149 152 1
149 153 1
149 154 1
149 156 1
149 157 1
149 161 1
149 162 1
149 164 1
150 151 1
150 152 1
150 153 1
150 154 1
150 155 1
150 158 1
150 161 1
150 162 1
150 163 1
150 165 1
150 166 1
150 171 1
151 152 1
151 154 1
151 155 1
151 156 1
151 159 1
151 162 1
151 163 1
151 164 1
151 165 1
151 166 1
151 171 1
152 153 1
152 155 1
152 156 1
152 160 1
152 161 1
152 163 1
152 164 1
152 165 1
152 166 1
152 171 1
153 154 1
153 155 1
153 156 1
153 157 1
153 158 1
153 160 1
153 161 1
153 167 1
153 168 1
153 170 1
154 155 1
154 156 1
154 157 1
154 158 1
154 159 1
154 162 1
154 165 1
154 166 1
154 167 1
154 168 1
154 169 1
155 156 1
155 158 1
155 159 1
155 160 1
155 163 1
155 165 1
155 166 1
155 168 1
155 169 1
155 170 1
156 157 1
156 159 1
156 160 1
156 164 1
156 165 1
156 166 1
156 167 1
156 169 1
156 170 1
157 158 1
157 159 1
157 160 1
157 161 1
157 162 1
157 164 1
157 167 1
157 168 1
157 170 1
158 159 1
158 160 1
158 161 1
158 162 1
158 163 1
158 166 1
158 167 1
158 168 1
158 169 1
158 171 1
159 160 1
159 162 1
159 163 1
159 164 1
159 166 1
159 168 1
159 169 1
159 170 1
159 171 1
160 161 1
160 163 1
160 164 1
160 166 1
160 167 1
160 169 1
160 170 1
160 171 1
161 162 1
161 163 1
161 164 1
161 167 1
161 168 1
161 170 1
162 163 1
162 164 1
162 165 1
162 167 1
162 168 1
162 169 1
162 171 1
163 164 1
163 165 1
163 168 1
163 169 1
163 170 1
163 171 1
164 165 1
164 167 1
164 169 1
164 170 1
164 171 1
165 166 1
165 169 1
165 171 1
166 168 1
166 169 1
166 170 1
166 171 1
167 168 1
167 169 1
167 170 1
168 169 1
168 170 1
168 171 1
169 170 1
169 171 1
170 171 1
