200 10024
1 2 1
1 4 1
1 6 1
1 12 1
1 13 1
1 16 1
1 17 1
1 18 1
1 19 1
1 20 1
1 23 1
1 25 1
1 27 1
1 31 1
1 32 1
1 34 1
1 35 1
1 36 1
1 37 1
1 41 1
1 42 1
1 45 1
1 46 1
1 47 1
1 52 1
1 54 1
1 56 1
1 57 1
1 58 1
1 59 1
1 60 1
1 63 1
1 65 1
1 66 1
1 69 1
1 70 1
1 73 1
1 76 1
1 77 1
1 78 1
1 80 1
1 81 1
1 82 1
1 84 1
1 85 1
1 86 1
1 87 1
1 88 1
1 95 1
1 96 1
1 97 1
1 101 1
1 109 1
1 110 1
1 112 1
1 113 1
1 114 1
1 116 1
1 117 1
1 118 1
1 119 1
1 121 1
1 123 1
1 124 1
1 125 1
1 128 1
1 129 1
1 130 1
1 131 1
1 132 1
1 133 1
1 134 1
1 136 1
1 137 1
1 138 1
1 139 1
1 145 1
1 147 1
1 148 1
1 150 1
1 152 1
1 153 1
1 155 1
1 156 1
1 157 1
1 158 1
1 164 1
1 165 1
1 166 1
1 168 1
1 170 1
1 174 1
1 175 1
1 176 1
1 177 1
1 178 1
1 179 1
1 180 1
1 181 1
1 183 1
1 184 1
1 192 1
1 194 1
1 195 1
1 196 1
1 197 1
1 199 1
1 200 1
2 5 1
2 6 1
2 8 1
2 9 1
2 10 1
2 12 1
2 15 1
2 16 1
2 18 1
2 19 1
2 20 1
2 24 1
2 25 1
2 26 1
2 31 1
2 32 1
2 34 1
2 37 1
2 38 1
2 39 1
2 40 1
2 41 1
2 42 1
2 43 1
2 44 1
2 50 1
2 51 1
2 52 1
2 55 1
2 57 1
2 58 1
2 62 1
2 64 1
2 68 1
2 70 1
2 71 1
2 73 1
2 74 1
2 75 1
2 76 1
2 78 1
2 79 1
2 81 1
2 82 1
2 87 1
2 88 1
2 90 1
2 92 1
2 93 1
2 94 1
2 95 1
2 96 1
2 98 1
2 100 1
2 104 1
2 108 1
2 109 1
2 111 1
2 112 1
2 114 1
2 116 1
2 123 1
2 125 1
2 127 1
2 128 1
2 131 1
2 135 1
2 136 1
2 137 1
2 138 1
2 139 1
2 140 1
2 141 1
2 142 1
2 144 1
2 145 1
2 148 1
2 151 1
2 152 1
2 153 1
2 155 1
2 157 1
2 158 1
2 159 1
2 160 1
2 163 1
2 164 1
2 165 1
2 169 1
2 170 1
2 172 1
2 174 1
2 175 1
2 176 1
2 181 1
2 183 1
2 184 1
2 188 1
2 189 1
2 192 1
2 193 1
2 196 1
2 197 1
2 200 1
3 4 1
3 5 1
3 7 1
3 10 1
3 11 1
3 12 1
3 14 1
3 15 1
3 17 1
3 18 1
3 21 1
3 23 1
3 24 1
3 26 1
3 30 1
3 31 1
3 33 1
3 35 1
3 37 1
3 38 1
3 39 1
3 41 1
3 42 1
3 44 1
3 45 1
3 48 1
3 53 1
3 54 1
3 56 1
3 59 1
3 60 1
3 61 1
3 62 1
3 64 1
3 65 1
3 68 1
3 69 1
3 70 1
3 71 1
3 72 1
3 73 1
3 75 1
3 76 1
3 79 1
3 80 1
3 84 1
3 85 1
3 86 1
3 89 1
3 90 1
3 93 1
3 95 1
3 97 1
3 98 1
3 99 1
3 100 1
3 101 1
3 104 1
3 105 1
3 107 1
3 109 1
3 111 1
3 112 1
3 113 1
3 114 1
3 117 1
3 122 1
3 127 1
3 129 1
3 130 1
3 131 1
3 132 1
3 138 1
3 144 1
3 145 1
3 146 1
3 148 1
3 149 1
3 150 1
3 153 1
3 154 1
3 156 1
3 157 1
3 158 1
3 159 1
3 162 1
3 165 1
3 167 1
3 168 1
3 170 1
3 171 1
3 173 1
3 174 1
3 175 1
3 177 1
3 178 1
3 181 1
3 183 1
3 185 1
3 186 1
3 187 1
3 188 1
3 192 1
3 193 1
3 194 1
3 195 1
3 198 1
3 199 1
3 200 1
4 7 1
4 8 1
4 9 1
4 11 1
4 12 1
4 13 1
4 17 1
4 18 1
4 20 1
4 22 1
4 23 1
4 25 1
4 27 1
4 28 1
4 29 1
4 31 1
4 34 1
4 35 1
4 36 1
4 38 1
4 42 1
4 49 1
4 54 1
4 55 1
4 58 1
4 59 1
4 60 1
4 61 1
4 66 1
4 68 1
4 72 1
4 74 1
4 76 1
4 77 1
4 78 1
4 80 1
4 83 1
4 84 1
4 85 1
4 89 1
4 90 1
4 91 1
4 93 1
4 96 1
4 99 1
4 100 1
4 101 1
4 102 1
4 103 1
4 105 1
4 106 1
4 107 1
4 109 1
4 112 1
4 116 1
4 119 1
4 123 1
4 126 1
4 129 1
4 130 1
4 131 1
4 136 1
4 137 1
4 138 1
4 139 1
4 142 1
4 145 1
4 146 1
4 147 1
4 149 1
4 151 1
4 154 1
4 156 1
4 157 1
4 161 1
4 162 1
4 163 1
4 167 1
4 168 1
4 170 1
4 171 1
4 172 1
4 178 1
4 182 1
4 183 1
4 185 1
4 186 1
4 188 1
4 191 1
4 192 1
4 194 1
4 195 1
4 197 1
4 198 1
4 199 1
4 200 1
5 8 1
5 9 1
5 10 1
5 12 1
5 14 1
5 15 1
5 18 1
5 20 1
5 21 1
5 23 1
5 24 1
5 28 1
5 31 1
5 32 1
5 34 1
5 35 1
5 38 1
5 43 1
5 44 1
5 45 1
5 46 1
5 48 1
5 51 1
5 52 1
5 55 1
5 56 1
5 59 1
5 60 1
5 61 1
5 63 1
5 64 1
5 65 1
5 67 1
5 68 1
5 69 1
5 70 1
5 71 1
5 72 1
5 75 1
5 76 1
5 78 1
5 79 1
5 81 1
5 82 1
5 83 1
5 84 1
5 86 1
5 92 1
5 93 1
5 94 1
5 97 1
5 98 1
5 99 1
5 100 1
5 102 1
5 103 1
5 106 1
5 107 1
5 108 1
5 109 1
5 110 1
5 111 1
5 117 1
5 120 1
5 121 1
5 122 1
5 125 1
5 126 1
5 128 1
5 130 1
5 132 1
5 133 1
5 134 1
5 135 1
5 136 1
5 139 1
5 140 1
5 151 1
5 153 1
5 154 1
5 155 1
5 157 1
5 159 1
5 160 1
5 162 1
5 164 1
5 165 1
5 169 1
5 175 1
5 176 1
5 177 1
5 178 1
5 180 1
5 181 1
5 182 1
5 185 1
5 186 1
5 190 1
5 191 1
5 192 1
5 194 1
5 195 1
5 196 1
5 197 1
5 199 1
5 200 1
6 7 1
6 9 1
6 12 1
6 13 1
6 16 1
6 19 1
6 20 1
6 23 1
6 29 1
6 30 1
6 31 1
6 32 1
6 35 1
6 36 1
6 41 1
6 46 1
6 49 1
6 53 1
6 55 1
6 56 1
6 59 1
6 62 1
6 64 1
6 66 1
6 68 1
6 69 1
6 70 1
6 72 1
6 73 1
6 74 1
6 76 1
6 77 1
6 84 1
6 85 1
6 86 1
6 89 1
6 93 1
6 95 1
6 98 1
6 99 1
6 101 1
6 102 1
6 103 1
6 104 1
6 105 1
6 106 1
6 107 1
6 108 1
6 111 1
6 113 1
6 116 1
6 117 1
6 121 1
6 123 1
6 125 1
6 126 1
6 128 1
6 129 1
6 135 1
6 140 1
6 141 1
6 142 1
6 144 1
6 149 1
6 150 1
6 151 1
6 152 1
6 154 1
6 155 1
6 158 1
6 159 1
6 163 1
6 164 1
6 165 1
6 166 1
6 167 1
6 172 1
6 174 1
6 175 1
6 178 1
6 179 1
6 182 1
6 185 1
6 186 1
6 189 1
6 195 1
6 196 1
6 198 1
6 200 1
7 9 1
7 14 1
7 15 1
7 17 1
7 21 1
7 22 1
7 23 1
7 26 1
7 27 1
7 28 1
7 32 1
7 35 1
7 36 1
7 37 1
7 39 1
7 43 1
7 44 1
7 50 1
7 51 1
7 52 1
7 54 1
7 55 1
7 56 1
7 58 1
7 60 1
7 62 1
7 63 1
7 65 1
7 67 1
7 68 1
7 71 1
7 72 1
7 73 1
7 74 1
7 75 1
7 77 1
7 79 1
7 80 1
7 84 1
7 88 1
7 91 1
7 92 1
7 93 1
7 96 1
7 98 1
7 99 1
7 100 1
7 102 1
7 104 1
7 110 1
7 111 1
7 112 1
7 117 1
7 121 1
7 122 1
7 123 1
7 124 1
7 125 1
7 126 1
7 133 1
7 135 1
7 140 1
7 141 1
7 142 1
7 143 1
7 144 1
7 146 1
7 149 1
7 150 1
7 152 1
7 154 1
7 155 1
7 158 1
7 161 1
7 162 1
7 167 1
7 168 1
7 171 1
7 173 1
7 175 1
7 177 1
7 178 1
7 180 1
7 182 1
7 185 1
7 186 1
7 187 1
7 188 1
7 189 1
7 191 1
7 192 1
7 193 1
7 194 1
7 196 1
7 197 1
7 198 1
7 199 1
8 9 1
8 12 1
8 15 1
8 16 1
8 18 1
8 19 1
8 24 1
8 25 1
8 26 1
8 29 1
8 32 1
8 33 1
8 34 1
8 39 1
8 41 1
8 43 1
8 44 1
8 45 1
8 47 1
8 50 1
8 51 1
8 53 1
8 54 1
8 55 1
8 57 1
8 65 1
8 66 1
8 67 1
8 68 1
8 69 1
8 70 1
8 72 1
8 75 1
8 80 1
8 84 1
8 89 1
8 93 1
8 96 1
8 97 1
8 98 1
8 103 1
8 106 1
8 111 1
8 112 1
8 113 1
8 114 1
8 115 1
8 116 1
8 117 1
8 118 1
8 121 1
8 122 1
8 123 1
8 124 1
8 125 1
8 126 1
8 130 1
8 133 1
8 134 1
8 136 1
8 138 1
8 142 1
8 143 1
8 144 1
8 146 1
8 147 1
8 149 1
8 151 1
8 156 1
8 157 1
8 158 1
8 162 1
8 164 1
8 170 1
8 172 1
8 176 1
8 177 1
8 179 1
8 180 1
8 182 1
8 183 1
8 184 1
8 185 1
8 186 1
8 187 1
8 188 1
8 189 1
8 190 1
8 193 1
8 194 1
8 195 1
8 197 1
8 198 1
8 200 1
9 10 1
9 11 1
9 17 1
9 18 1
9 19 1
9 20 1
9 24 1
9 25 1
9 31 1
9 33 1
9 36 1
9 38 1
9 39 1
9 40 1
9 42 1
9 44 1
9 45 1
9 47 1
9 48 1
9 49 1
9 50 1
9 51 1
9 52 1
9 53 1
9 55 1
9 58 1
9 59 1
9 62 1
9 64 1
9 68 1
9 71 1
9 72 1
9 73 1
9 74 1
9 77 1
9 78 1
9 81 1
9 82 1
9 85 1
9 87 1
9 90 1
9 94 1
9 95 1
9 96 1
9 98 1
9 100 1
9 101 1
9 102 1
9 104 1
9 105 1
9 106 1
9 109 1
9 110 1
9 113 1
9 115 1
9 116 1
9 117 1
9 119 1
9 120 1
9 122 1
9 129 1
9 132 1
9 135 1
9 139 1
9 142 1
9 147 1
9 149 1
9 150 1
9 153 1
9 154 1
9 155 1
9 161 1
9 166 1
9 168 1
9 169 1
9 172 1
9 174 1
9 176 1
9 180 1
9 181 1
9 182 1
9 183 1
9 184 1
9 186 1
9 187 1
9 188 1
9 195 1
9 197 1
10 11 1
10 12 1
10 13 1
10 15 1
10 16 1
10 17 1
10 18 1
10 19 1
10 20 1
10 21 1
10 23 1
10 25 1
10 26 1
10 27 1
10 28 1
10 29 1
10 30 1
10 33 1
10 34 1
10 42 1
10 44 1
10 53 1
10 56 1
10 57 1
10 58 1
10 59 1
10 62 1
10 64 1
10 65 1
10 72 1
10 74 1
10 75 1
10 77 1
10 80 1
10 82 1
10 84 1
10 85 1
10 87 1
10 93 1
10 96 1
10 97 1
10 98 1
10 102 1
10 105 1
10 110 1
10 113 1
10 114 1
10 116 1
10 117 1
10 119 1
10 121 1
10 122 1
10 123 1
10 127 1
10 129 1
10 130 1
10 132 1
10 138 1
10 140 1
10 143 1
10 145 1
10 147 1
10 149 1
10 150 1
10 154 1
10 162 1
10 163 1
10 164 1
10 165 1
10 171 1
10 172 1
10 178 1
10 183 1
10 184 1
10 189 1
10 190 1
10 192 1
10 193 1
10 194 1
10 195 1
10 196 1
10 199 1
11 12 1
11 13 1
11 14 1
11 16 1
11 17 1
11 19 1
11 20 1
11 22 1
11 26 1
11 27 1
11 29 1
11 30 1
11 33 1
11 34 1
11 37 1
11 38 1
11 41 1
11 42 1
11 43 1
11 45 1
11 46 1
11 47 1
11 48 1
11 49 1
11 57 1
11 59 1
11 61 1
11 63 1
11 64 1
11 65 1
11 73 1
11 75 1
11 78 1
11 79 1
11 80 1
11 82 1
11 83 1
11 85 1
11 88 1
11 89 1
11 92 1
11 94 1
11 95 1
11 96 1
11 98 1
11 99 1
11 100 1
11 101 1
11 103 1
11 104 1
11 107 1
11 108 1
11 110 1
11 111 1
11 115 1
11 117 1
11 118 1
11 119 1
11 120 1
11 121 1
11 122 1
11 123 1
11 124 1
11 125 1
11 126 1
11 130 1
11 133 1
11 136 1
11 139 1
11 140 1
11 145 1
11 147 1
11 151 1
11 152 1
11 153 1
11 156 1
11 157 1
11 159 1
11 160 1
11 166 1
11 168 1
11 170 1
11 175 1
11 176 1
11 179 1
11 180 1
11 181 1
11 183 1
11 186 1
11 187 1
11 188 1
11 189 1
11 190 1
11 191 1
11 194 1
11 195 1
11 197 1
11 198 1
12 14 1
12 15 1
12 18 1
12 20 1
12 21 1
12 22 1
12 23 1
12 24 1
12 25 1
12 27 1
12 31 1
12 33 1
12 34 1
12 35 1
12 38 1
12 41 1
12 42 1
12 43 1
12 45 1
12 46 1
12 48 1
12 50 1
12 60 1
12 62 1
12 65 1
12 66 1
12 68 1
12 70 1
12 72 1
12 75 1
12 76 1
12 82 1
12 86 1
12 87 1
12 88 1
12 89 1
12 90 1
12 93 1
12 94 1
12 96 1
12 98 1
12 100 1
12 102 1
12 108 1
12 110 1
12 111 1
12 119 1
12 122 1
12 123 1
12 124 1
12 125 1
12 126 1
12 128 1
12 132 1
12 133 1
12 134 1
12 135 1
12 136 1
12 137 1
12 138 1
12 140 1
12 141 1
12 143 1
12 144 1
12 147 1
12 148 1
12 149 1
12 150 1
12 153 1
12 154 1
12 155 1
12 156 1
12 158 1
12 159 1
12 162 1
12 165 1
12 167 1
12 169 1
12 173 1
12 178 1
12 183 1
12 185 1
12 186 1
12 188 1
12 191 1
12 192 1
12 194 1
12 195 1
12 196 1
12 197 1
12 198 1
12 199 1
12 200 1
13 15 1
13 17 1
13 19 1
13 20 1
13 23 1
13 24 1
13 25 1
13 27 1
13 28 1
13 30 1
13 32 1
13 33 1
13 34 1
13 35 1
13 36 1
13 39 1
13 42 1
13 44 1
13 47 1
13 50 1
13 51 1
13 52 1
13 54 1
13 58 1
13 59 1
13 62 1
13 63 1
13 65 1
13 71 1
13 73 1
13 74 1
13 75 1
13 76 1
13 77 1
13 78 1
13 79 1
13 80 1
13 81 1
13 88 1
13 89 1
13 92 1
13 93 1
13 94 1
13 96 1
13 97 1
13 98 1
13 101 1
13 103 1
13 104 1
13 105 1
13 106 1
13 108 1
13 109 1
13 114 1
13 115 1
13 116 1
13 118 1
13 119 1
13 120 1
13 121 1
13 122 1
13 126 1
13 129 1
13 130 1
13 133 1
13 135 1
13 136 1
13 138 1
13 139 1
13 140 1
13 142 1
13 147 1
13 149 1
13 151 1
13 152 1
13 153 1
13 154 1
13 160 1
13 165 1
13 170 1
13 173 1
13 174 1
13 175 1
13 180 1
13 181 1
13 184 1
13 185 1
13 188 1
13 190 1
13 192 1
13 193 1
13 194 1
13 196 1
13 197 1
13 198 1
13 200 1
14 16 1
14 17 1
14 21 1
14 22 1
14 23 1
14 24 1
14 26 1
14 27 1
14 28 1
14 29 1
14 31 1
14 32 1
14 35 1
14 36 1
14 37 1
14 38 1
14 39 1
14 40 1
14 42 1
14 46 1
14 47 1
14 48 1
14 51 1
14 53 1
14 55 1
14 60 1
14 61 1
14 62 1
14 64 1
14 65 1
14 66 1
14 71 1
14 72 1
14 73 1
14 75 1
14 79 1
14 82 1
14 86 1
14 87 1
14 89 1
14 90 1
14 92 1
14 94 1
14 96 1
14 97 1
14 98 1
14 101 1
14 105 1
14 108 1
14 109 1
14 111 1
14 112 1
14 114 1
14 115 1
14 116 1
14 119 1
14 123 1
14 125 1
14 127 1
14 129 1
14 135 1
14 137 1
14 138 1
14 140 1
14 144 1
14 145 1
14 147 1
14 148 1
14 150 1
14 154 1
14 155 1
14 156 1
14 157 1
14 160 1
14 161 1
14 166 1
14 172 1
14 173 1
14 174 1
14 175 1
14 177 1
14 179 1
14 182 1
14 184 1
14 190 1
14 193 1
14 195 1
14 196 1
14 197 1
14 199 1
14 200 1
15 19 1
15 25 1
15 30 1
15 35 1
15 36 1
15 39 1
15 40 1
15 41 1
15 42 1
15 45 1
15 47 1
15 48 1
15 51 1
15 52 1
15 54 1
15 55 1
15 56 1
15 60 1
15 62 1
15 64 1
15 66 1
15 68 1
15 70 1
15 71 1
15 74 1
15 75 1
15 77 1
15 78 1
15 81 1
15 84 1
15 88 1
15 89 1
15 90 1
15 91 1
15 93 1
15 94 1
15 95 1
15 96 1
15 100 1
15 101 1
15 103 1
15 105 1
15 109 1
15 111 1
15 112 1
15 114 1
15 117 1
15 118 1
15 119 1
15 121 1
15 123 1
15 124 1
15 126 1
15 130 1
15 132 1
15 133 1
15 134 1
15 137 1
15 139 1
15 140 1
15 141 1
15 142 1
15 144 1
15 145 1
15 146 1
15 147 1
15 148 1
15 149 1
15 151 1
15 152 1
15 153 1
15 157 1
15 162 1
15 163 1
15 165 1
15 167 1
15 168 1
15 171 1
15 172 1
15 176 1
15 178 1
15 180 1
15 181 1
15 182 1
15 184 1
15 187 1
15 188 1
15 191 1
15 192 1
15 195 1
15 198 1
15 199 1
16 18 1
16 19 1
16 20 1
16 21 1
16 26 1
16 27 1
16 33 1
16 37 1
16 38 1
16 39 1
16 42 1
16 43 1
16 46 1
16 50 1
16 57 1
16 60 1
16 61 1
16 62 1
16 65 1
16 66 1
16 69 1
16 70 1
16 71 1
16 77 1
16 78 1
16 79 1
16 80 1
16 82 1
16 84 1
16 87 1
16 89 1
16 90 1
16 91 1
16 92 1
16 94 1
16 95 1
16 97 1
16 98 1
16 99 1
16 100 1
16 101 1
16 102 1
16 103 1
16 104 1
16 105 1
16 106 1
16 108 1
16 110 1
16 111 1
16 112 1
16 113 1
16 114 1
16 117 1
16 118 1
16 121 1
16 127 1
16 128 1
16 130 1
16 131 1
16 133 1
16 135 1
16 136 1
16 137 1
16 138 1
16 139 1
16 140 1
16 144 1
16 146 1
16 148 1
16 149 1
16 150 1
16 157 1
16 161 1
16 162 1
16 164 1
16 165 1
16 166 1
16 167 1
16 168 1
16 169 1
16 170 1
16 172 1
16 173 1
16 174 1
16 177 1
16 178 1
16 179 1
16 180 1
16 182 1
16 187 1
16 190 1
16 192 1
16 193 1
16 194 1
16 195 1
16 197 1
16 198 1
16 200 1
17 18 1
17 19 1
17 21 1
17 23 1
17 24 1
17 25 1
17 26 1
17 29 1
17 30 1
17 33 1
17 34 1
17 35 1
17 36 1
17 38 1
17 40 1
17 41 1
17 43 1
17 44 1
17 45 1
17 47 1
17 49 1
17 51 1
17 52 1
17 53 1
17 55 1
17 56 1
17 58 1
17 59 1
17 60 1
17 61 1
17 62 1
17 66 1
17 67 1
17 70 1
17 72 1
17 74 1
17 77 1
17 80 1
17 81 1
17 84 1
17 85 1
17 86 1
17 89 1
17 91 1
17 92 1
17 94 1
17 96 1
17 102 1
17 104 1
17 105 1
17 107 1
17 109 1
17 112 1
17 113 1
17 115 1
17 119 1
17 121 1
17 122 1
17 123 1
17 125 1
17 126 1
17 127 1
17 128 1
17 129 1
17 130 1
17 131 1
17 132 1
17 133 1
17 139 1
17 142 1
17 143 1
17 144 1
17 147 1
17 151 1
17 153 1
17 154 1
17 157 1
17 158 1
17 159 1
17 160 1
17 161 1
17 166 1
17 169 1
17 170 1
17 171 1
17 172 1
17 174 1
17 179 1
17 182 1
17 183 1
17 187 1
17 188 1
17 193 1
17 196 1
17 199 1
17 200 1
18 19 1
18 22 1
18 23 1
18 24 1
18 25 1
18 27 1
18 32 1
18 35 1
18 36 1
18 41 1
18 44 1
18 46 1
18 47 1
18 48 1
18 49 1
18 51 1
18 53 1
18 54 1
18 56 1
18 57 1
18 58 1
18 59 1
18 61 1
18 64 1
18 65 1
18 67 1
18 69 1
18 71 1
18 72 1
18 78 1
18 79 1
18 81 1
18 82 1
18 83 1
18 84 1
18 85 1
18 88 1
18 90 1
18 91 1
18 100 1
18 101 1
18 102 1
18 103 1
18 108 1
18 109 1
18 111 1
18 112 1
18 114 1
18 115 1
18 116 1
18 117 1
18 118 1
18 119 1
18 120 1
18 121 1
18 122 1
18 127 1
18 130 1
18 131 1
18 132 1
18 134 1
18 142 1
18 143 1
18 145 1
18 146 1
18 147 1
18 152 1
18 155 1
18 158 1
18 162 1
18 164 1
18 165 1
18 168 1
18 169 1
18 171 1
18 173 1
18 174 1
18 175 1
18 177 1
18 178 1
18 181 1
18 183 1
18 187 1
18 188 1
18 190 1
18 191 1
18 192 1
18 193 1
18 200 1
19 20 1
19 21 1
19 22 1
19 25 1
19 28 1
19 30 1
19 33 1
19 35 1
19 39 1
19 40 1
19 45 1
19 48 1
19 49 1
19 50 1
19 51 1
19 52 1
19 55 1
19 57 1
19 59 1
19 60 1
19 61 1
19 62 1
19 63 1
19 64 1
19 66 1
19 67 1
19 71 1
19 73 1
19 75 1
19 76 1
19 79 1
19 80 1
19 82 1
19 89 1
19 92 1
19 94 1
19 95 1
19 97 1
19 99 1
19 100 1
19 102 1
19 103 1
19 104 1
19 105 1
19 106 1
19 107 1
19 109 1
19 110 1
19 112 1
19 113 1
19 114 1
19 115 1
19 120 1
19 122 1
19 124 1
19 126 1
19 127 1
19 128 1
19 129 1
19 130 1
19 131 1
19 135 1
19 137 1
19 139 1
19 141 1
19 143 1
19 144 1
19 145 1
19 146 1
19 147 1
19 150 1
19 151 1
19 153 1
19 157 1
19 162 1
19 163 1
19 164 1
19 165 1
19 167 1
19 169 1
19 173 1
19 177 1
19 179 1
19 181 1
19 184 1
19 189 1
19 190 1
19 191 1
19 192 1
19 193 1
19 194 1
19 195 1
19 197 1
19 200 1
20 23 1
20 24 1
20 25 1
20 27 1
20 28 1
20 30 1
20 31 1
20 32 1
20 36 1
20 37 1
20 38 1
20 39 1
20 41 1
20 42 1
20 44 1
20 45 1
20 46 1
20 47 1
20 48 1
20 51 1
20 52 1
20 55 1
20 56 1
20 57 1
20 59 1
20 61 1
20 64 1
20 65 1
20 67 1
20 68 1
20 71 1
20 75 1
20 76 1
20 77 1
20 79 1
20 80 1
20 81 1
20 82 1
20 83 1
20 85 1
20 86 1
20 88 1
20 89 1
20 90 1
20 91 1
20 92 1
20 93 1
20 95 1
20 96 1
20 98 1
20 100 1
20 101 1
20 102 1
20 104 1
20 105 1
20 106 1
20 107 1
20 115 1
20 117 1
20 120 1
20 122 1
20 125 1
20 126 1
20 128 1
20 130 1
20 131 1
20 132 1
20 133 1
20 134 1
20 135 1
20 136 1
20 137 1
20 138 1
20 141 1
20 143 1
20 146 1
20 148 1
20 150 1
20 151 1
20 153 1
20 154 1
20 156 1
20 159 1
20 161 1
20 162 1
20 163 1
20 167 1
20 169 1
20 170 1
20 172 1
20 174 1
20 177 1
20 178 1
20 180 1
20 182 1
20 183 1
20 185 1
20 186 1
20 187 1
20 188 1
20 189 1
20 191 1
20 192 1
20 193 1
20 194 1
20 195 1
21 22 1
21 23 1
21 24 1
21 26 1
21 27 1
21 29 1
21 30 1
21 31 1
21 33 1
21 34 1
21 36 1
21 38 1
21 44 1
21 45 1
21 47 1
21 49 1
21 51 1
21 52 1
21 53 1
21 55 1
21 56 1
21 57 1
21 58 1
21 59 1
21 60 1
21 61 1
21 62 1
21 64 1
21 65 1
21 66 1
21 70 1
21 72 1
21 73 1
21 75 1
21 78 1
21 80 1
21 86 1
21 87 1
21 88 1
21 91 1
21 94 1
21 95 1
21 96 1
21 98 1
21 100 1
21 102 1
21 103 1
21 106 1
21 107 1
21 109 1
21 111 1
21 112 1
21 113 1
21 115 1
21 116 1
21 119 1
21 121 1
21 125 1
21 126 1
21 128 1
21 129 1
21 133 1
21 134 1
21 135 1
21 136 1
21 137 1
21 139 1
21 140 1
21 144 1
21 145 1
21 146 1
21 148 1
21 152 1
21 155 1
21 159 1
21 160 1
21 161 1
21 162 1
21 163 1
21 167 1
21 171 1
21 181 1
21 184 1
21 188 1
21 193 1
21 196 1
21 197 1
22 25 1
22 26 1
22 31 1
22 34 1
22 35 1
22 36 1
22 37 1
22 38 1
22 39 1
22 40 1
22 42 1
22 45 1
22 46 1
22 48 1
22 52 1
22 55 1
22 59 1
22 63 1
22 65 1
22 68 1
22 72 1
22 75 1
22 76 1
22 79 1
22 84 1
22 85 1
22 90 1
22 92 1
22 93 1
22 99 1
22 100 1
22 102 1
22 103 1
22 105 1
22 107 1
22 108 1
22 109 1
22 110 1
22 111 1
22 112 1
22 114 1
22 116 1
22 117 1
22 118 1
22 119 1
22 122 1
22 123 1
22 124 1
22 126 1
22 127 1
22 130 1
22 132 1
22 134 1
22 136 1
22 139 1
22 140 1
22 142 1
22 144 1
22 145 1
22 146 1
22 147 1
22 149 1
22 150 1
22 153 1
22 155 1
22 159 1
22 162 1
22 164 1
22 165 1
22 167 1
22 170 1
22 171 1
22 172 1
22 174 1
22 176 1
22 177 1
22 179 1
22 180 1
22 183 1
22 184 1
22 185 1
22 188 1
22 191 1
22 193 1
22 195 1
22 196 1
22 198 1
23 24 1
23 27 1
23 28 1
23 29 1
23 30 1
23 34 1
23 35 1
23 41 1
23 45 1
23 47 1
23 55 1
23 60 1
23 62 1
23 64 1
23 65 1
23 67 1
23 68 1
23 70 1
23 71 1
23 72 1
23 73 1
23 74 1
23 75 1
23 78 1
23 82 1
23 84 1
23 88 1
23 89 1
23 92 1
23 93 1
23 96 1
23 98 1
23 105 1
23 106 1
23 107 1
23 112 1
23 113 1
23 114 1
23 115 1
23 116 1
23 120 1
23 123 1
23 125 1
23 126 1
23 128 1
23 129 1
23 136 1
23 140 1
23 141 1
23 143 1
23 145 1
23 146 1
23 150 1
23 152 1
23 153 1
23 156 1
23 157 1
23 158 1
23 159 1
23 160 1
23 161 1
23 162 1
23 165 1
23 170 1
23 171 1
23 172 1
23 173 1
23 176 1
23 177 1
23 178 1
23 179 1
23 180 1
23 181 1
23 184 1
23 186 1
23 187 1
23 190 1
23 194 1
23 196 1
23 197 1
23 198 1
23 199 1
24 26 1
24 27 1
24 29 1
24 32 1
24 34 1
24 36 1
24 37 1
24 39 1
24 40 1
24 41 1
24 43 1
24 46 1
24 47 1
24 51 1
24 52 1
24 53 1
24 55 1
24 58 1
24 59 1
24 61 1
24 62 1
24 64 1
24 67 1
24 71 1
24 80 1
24 81 1
24 86 1
24 87 1
24 88 1
24 91 1
24 93 1
24 94 1
24 95 1
24 96 1
24 101 1
24 102 1
24 105 1
24 110 1
24 111 1
24 114 1
24 115 1
24 121 1
24 124 1
24 128 1
24 130 1
24 131 1
24 132 1
24 133 1
24 134 1
24 135 1
24 137 1
24 139 1
24 140 1
24 141 1
24 142 1
24 146 1
24 147 1
24 148 1
24 149 1
24 150 1
24 153 1
24 156 1
24 157 1
24 159 1
24 160 1
24 163 1
24 164 1
24 167 1
24 168 1
24 170 1
24 171 1
24 176 1
24 177 1
24 184 1
24 185 1
24 186 1
24 187 1
24 188 1
24 189 1
24 193 1
24 194 1
24 196 1
24 197 1
24 199 1
24 200 1
25 29 1
25 30 1
25 32 1
25 33 1
25 34 1
25 35 1
25 36 1
25 37 1
25 39 1
25 42 1
25 43 1
25 44 1
25 45 1
25 48 1
25 49 1
25 52 1
25 53 1
25 55 1
25 56 1
25 58 1
25 59 1
25 60 1
25 61 1
25 63 1
25 64 1
25 65 1
25 66 1
25 67 1
25 68 1
25 69 1
25 71 1
25 81 1
25 92 1
25 93 1
25 94 1
25 95 1
25 96 1
25 97 1
25 99 1
25 100 1
25 101 1
25 102 1
25 105 1
25 107 1
25 113 1
25 114 1
25 115 1
25 116 1
25 118 1
25 123 1
25 124 1
25 125 1
25 132 1
25 134 1
25 135 1
25 136 1
25 138 1
25 139 1
25 141 1
25 144 1
25 146 1
25 148 1
25 152 1
25 158 1
25 159 1
25 160 1
25 162 1
25 165 1
25 167 1
25 170 1
25 171 1
25 172 1
25 174 1
25 175 1
25 179 1
25 180 1
25 181 1
25 183 1
25 184 1
25 185 1
25 188 1
25 191 1
25 193 1
25 194 1
25 198 1
25 199 1
26 27 1
26 29 1
26 30 1
26 32 1
26 33 1
26 36 1
26 37 1
26 38 1
26 40 1
26 52 1
26 55 1
26 57 1
26 59 1
26 60 1
26 62 1
26 63 1
26 65 1
26 66 1
26 68 1
26 69 1
26 72 1
26 73 1
26 74 1
26 76 1
26 77 1
26 78 1
26 79 1
26 81 1
26 82 1
26 85 1
26 86 1
26 87 1
26 88 1
26 90 1
26 91 1
26 92 1
26 94 1
26 98 1
26 99 1
26 102 1
26 103 1
26 104 1
26 109 1
26 110 1
26 113 1
26 114 1
26 116 1
26 117 1
26 118 1
26 119 1
26 120 1
26 123 1
26 124 1
26 127 1
26 129 1
26 131 1
26 133 1
26 135 1
26 136 1
26 138 1
26 139 1
26 141 1
26 144 1
26 147 1
26 148 1
26 149 1
26 150 1
26 151 1
26 155 1
26 156 1
26 157 1
26 158 1
26 160 1
26 162 1
26 163 1
26 168 1
26 171 1
26 173 1
26 179 1
26 180 1
26 182 1
26 183 1
26 184 1
26 187 1
26 188 1
26 189 1
26 190 1
26 192 1
26 193 1
26 194 1
26 195 1
26 198 1
27 30 1
27 31 1
27 33 1
27 38 1
27 40 1
27 41 1
27 44 1
27 45 1
27 46 1
27 47 1
27 49 1
27 50 1
27 52 1
27 56 1
27 57 1
27 58 1
27 60 1
27 61 1
27 63 1
27 64 1
27 65 1
27 66 1
27 72 1
27 75 1
27 79 1
27 80 1
27 81 1
27 82 1
27 83 1
27 84 1
27 85 1
27 87 1
27 88 1
27 90 1
27 91 1
27 93 1
27 94 1
27 96 1
27 97 1
27 98 1
27 99 1
27 100 1
27 104 1
27 106 1
27 107 1
27 110 1
27 111 1
27 112 1
27 113 1
27 115 1
27 118 1
27 119 1
27 125 1
27 127 1
27 130 1
27 132 1
27 133 1
27 136 1
27 138 1
27 139 1
27 141 1
27 143 1
27 147 1
27 150 1
27 152 1
27 154 1
27 156 1
27 157 1
27 159 1
27 160 1
27 161 1
27 163 1
27 167 1
27 168 1
27 170 1
27 172 1
27 173 1
27 174 1
27 175 1
27 176 1
27 177 1
27 179 1
27 180 1
27 182 1
27 184 1
27 185 1
27 189 1
27 190 1
27 194 1
27 195 1
27 196 1
27 197 1
27 198 1
27 199 1
27 200 1
28 33 1
28 35 1
28 40 1
28 41 1
28 42 1
28 43 1
28 44 1
28 45 1
28 48 1
28 52 1
28 54 1
28 57 1
28 58 1
28 59 1
28 60 1
28 63 1
28 64 1
28 65 1
28 66 1
28 69 1
28 70 1
28 71 1
28 72 1
28 74 1
28 76 1
28 78 1
28 81 1
28 82 1
28 85 1
28 88 1
28 89 1
28 93 1
28 95 1
28 96 1
28 97 1
28 98 1
28 99 1
28 101 1
28 102 1
28 105 1
28 106 1
28 107 1
28 111 1
28 115 1
28 118 1
28 121 1
28 127 1
28 128 1
28 129 1
28 131 1
28 133 1
28 134 1
28 136 1
28 140 1
28 141 1
28 143 1
28 144 1
28 145 1
28 147 1
28 149 1
28 150 1
28 152 1
28 154 1
28 155 1
28 157 1
28 159 1
28 161 1
28 162 1
28 163 1
28 165 1
28 167 1
28 168 1
28 171 1
28 175 1
28 181 1
28 185 1
28 187 1
28 192 1
28 193 1
28 194 1
28 195 1
28 197 1
29 30 1
29 31 1
29 33 1
29 37 1
29 41 1
29 45 1
29 48 1
29 49 1
29 53 1
29 55 1
29 57 1
29 59 1
29 60 1
29 61 1
29 63 1
29 64 1
29 66 1
29 67 1
29 69 1
29 71 1
29 73 1
29 74 1
29 75 1
29 77 1
29 78 1
29 79 1
29 80 1
29 81 1
29 82 1
29 83 1
29 85 1
29 86 1
29 87 1
29 88 1
29 92 1
29 95 1
29 96 1
29 97 1
29 99 1
29 103 1
29 105 1
29 107 1
29 111 1
29 112 1
29 114 1
29 116 1
29 117 1
29 123 1
29 128 1
29 132 1
29 135 1
29 137 1
29 145 1
29 146 1
29 147 1
29 148 1
29 151 1
29 152 1
29 153 1
29 154 1
29 155 1
29 156 1
29 157 1
29 158 1
29 161 1
29 163 1
29 164 1
29 165 1
29 166 1
29 168 1
29 170 1
29 172 1
29 175 1
29 176 1
29 181 1
29 182 1
29 187 1
29 188 1
29 190 1
29 191 1
29 193 1
29 195 1
29 198 1
29 199 1
30 31 1
30 32 1
30 33 1
30 34 1
30 35 1
30 37 1
30 39 1
30 45 1
30 46 1
30 48 1
30 49 1
30 50 1
30 52 1
30 53 1
30 54 1
30 55 1
30 56 1
30 58 1
30 59 1
30 60 1
30 61 1
30 64 1
30 65 1
30 66 1
30 68 1
30 72 1
30 73 1
30 74 1
30 75 1
30 77 1
30 80 1
30 81 1
30 82 1
30 86 1
30 89 1
30 90 1
30 91 1
30 92 1
30 93 1
30 94 1
30 96 1
30 97 1
30 98 1
30 99 1
30 104 1
30 106 1
30 107 1
30 108 1
30 109 1
30 112 1
30 113 1
30 115 1
30 117 1
30 120 1
30 122 1
30 123 1
30 125 1
30 126 1
30 130 1
30 134 1
30 135 1
30 137 1
30 139 1
30 142 1
30 143 1
30 144 1
30 145 1
30 146 1
30 147 1
30 148 1
30 149 1
30 151 1
30 152 1
30 153 1
30 159 1
30 160 1
30 161 1
30 164 1
30 165 1
30 167 1
30 170 1
30 171 1
30 172 1
30 173 1
30 174 1
30 179 1
30 180 1
30 182 1
30 184 1
30 187 1
30 192 1
30 193 1
30 194 1
31 33 1
31 34 1
31 35 1
31 36 1
31 37 1
31 38 1
31 39 1
31 46 1
31 54 1
31 56 1
31 57 1
31 61 1
31 64 1
31 65 1
31 66 1
31 68 1
31 70 1
31 71 1
31 74 1
31 78 1
31 80 1
31 82 1
31 84 1
31 85 1
31 87 1
31 88 1
31 90 1
31 91 1
31 92 1
31 95 1
31 97 1
31 99 1
31 101 1
31 103 1
31 105 1
31 106 1
31 108 1
31 111 1
31 112 1
31 113 1
31 115 1
31 117 1
31 119 1
31 120 1
31 124 1
31 127 1
31 128 1
31 129 1
31 130 1
31 134 1
31 136 1
31 140 1
31 142 1
31 144 1
31 146 1
31 147 1
31 148 1
31 149 1
31 150 1
31 151 1
31 153 1
31 154 1
31 158 1
31 159 1
31 160 1
31 161 1
31 162 1
31 163 1
31 166 1
31 167 1
31 168 1
31 172 1
31 175 1
31 184 1
31 190 1
31 191 1
31 192 1
31 193 1
31 195 1
31 196 1
31 197 1
32 42 1
32 47 1
32 48 1
32 51 1
32 53 1
32 54 1
32 57 1
32 59 1
32 61 1
32 62 1
32 63 1
32 64 1
32 66 1
32 67 1
32 68 1
32 72 1
32 75 1
32 76 1
32 79 1
32 80 1
32 81 1
32 83 1
32 87 1
32 91 1
32 93 1
32 94 1
32 95 1
32 96 1
32 98 1
32 99 1
32 100 1
32 101 1
32 102 1
32 104 1
32 105 1
32 110 1
32 111 1
32 112 1
32 113 1
32 118 1
32 122 1
32 126 1
32 127 1
32 133 1
32 135 1
32 136 1
32 143 1
32 144 1
32 145 1
32 147 1
32 148 1
32 149 1
32 152 1
32 155 1
32 156 1
32 157 1
32 159 1
32 161 1
32 163 1
32 165 1
32 169 1
32 171 1
32 172 1
32 173 1
32 174 1
32 176 1
32 177 1
32 181 1
32 182 1
32 183 1
32 184 1
32 185 1
32 186 1
32 187 1
32 188 1
32 189 1
32 190 1
32 191 1
32 194 1
32 195 1
32 199 1
33 35 1
33 36 1
33 44 1
33 49 1
33 50 1
33 51 1
33 52 1
33 55 1
33 56 1
33 59 1
33 60 1
33 62 1
33 63 1
33 64 1
33 65 1
33 66 1
33 67 1
33 69 1
33 71 1
33 72 1
33 74 1
33 76 1
33 77 1
33 82 1
33 83 1
33 85 1
33 86 1
33 91 1
33 92 1
33 94 1
33 96 1
33 98 1
33 100 1
33 102 1
33 103 1
33 105 1
33 107 1
33 108 1
33 109 1
33 111 1
33 114 1
33 116 1
33 118 1
33 119 1
33 120 1
33 123 1
33 125 1
33 126 1
33 127 1
33 128 1
33 129 1
33 131 1
33 132 1
33 134 1
33 135 1
33 138 1
33 141 1
33 143 1
33 144 1
33 146 1
33 149 1
33 152 1
33 153 1
33 157 1
33 158 1
33 159 1
33 166 1
33 169 1
33 171 1
33 172 1
33 173 1
33 174 1
33 179 1
33 180 1
33 181 1
33 182 1
33 184 1
33 185 1
33 186 1
33 187 1
33 188 1
33 189 1
33 190 1
33 192 1
33 193 1
33 194 1
33 195 1
34 37 1
34 40 1
34 42 1
34 44 1
34 47 1
34 49 1
34 51 1
34 57 1
34 61 1
34 63 1
34 64 1
34 67 1
34 68 1
34 70 1
34 77 1
34 78 1
34 79 1
34 84 1
34 85 1
34 86 1
34 89 1
34 90 1
34 91 1
34 92 1
34 93 1
34 97 1
34 98 1
34 99 1
34 100 1
34 101 1
34 103 1
34 105 1
34 106 1
34 107 1
34 109 1
34 113 1
34 117 1
34 119 1
34 120 1
34 122 1
34 123 1
34 124 1
34 125 1
34 126 1
34 127 1
34 128 1
34 131 1
34 133 1
34 134 1
34 135 1
34 137 1
34 138 1
34 139 1
34 140 1
34 142 1
34 143 1
34 145 1
34 147 1
34 148 1
34 150 1
34 151 1
34 154 1
34 155 1
34 158 1
34 160 1
34 164 1
34 167 1
34 168 1
34 169 1
34 173 1
34 175 1
34 176 1
34 177 1
34 178 1
34 182 1
34 185 1
34 188 1
34 189 1
34 190 1
34 191 1
34 192 1
34 195 1
34 197 1
34 198 1
34 199 1
34 200 1
35 36 1
35 37 1
35 41 1
35 43 1
35 44 1
35 45 1
35 46 1
35 48 1
35 57 1
35 61 1
35 62 1
35 63 1
35 70 1
35 71 1
35 73 1
35 76 1
35 81 1
35 91 1
35 93 1
35 94 1
35 97 1
35 98 1
35 99 1
35 102 1
35 103 1
35 106 1
35 107 1
35 108 1
35 109 1
35 112 1
35 113 1
35 114 1
35 118 1
35 119 1
35 121 1
35 122 1
35 123 1
35 124 1
35 126 1
35 127 1
35 128 1
35 129 1
35 134 1
35 135 1
35 138 1
35 139 1
35 140 1
35 142 1
35 146 1
35 148 1
35 149 1
35 151 1
35 152 1
35 153 1
35 157 1
35 160 1
35 163 1
35 164 1
35 165 1
35 170 1
35 172 1
35 173 1
35 176 1
35 177 1
35 183 1
35 184 1
35 188 1
35 190 1
35 191 1
35 193 1
35 196 1
35 197 1
35 198 1
35 200 1
36 37 1
36 38 1
36 39 1
36 43 1
36 45 1
36 46 1
36 47 1
36 50 1
36 52 1
36 57 1
36 60 1
36 61 1
36 65 1
36 66 1
36 68 1
36 72 1
36 73 1
36 74 1
36 76 1
36 77 1
36 91 1
36 92 1
36 95 1
36 96 1
36 98 1
36 101 1
36 103 1
36 105 1
36 106 1
36 108 1
36 109 1
36 113 1
36 114 1
36 116 1
36 120 1
36 121 1
36 122 1
36 123 1
36 124 1
36 126 1
36 128 1
36 129 1
36 130 1
36 131 1
36 133 1
36 134 1
36 135 1
36 136 1
36 137 1
36 139 1
36 140 1
36 142 1
36 144 1
36 145 1
36 148 1
36 149 1
36 153 1
36 155 1
36 156 1
36 157 1
36 158 1
36 166 1
36 168 1
36 169 1
36 172 1
36 174 1
36 175 1
36 180 1
36 181 1
36 182 1
36 184 1
36 188 1
36 192 1
36 197 1
36 198 1
36 199 1
37 39 1
37 42 1
37 43 1
37 46 1
37 47 1
37 48 1
37 50 1
37 51 1
37 52 1
37 53 1
37 55 1
37 56 1
37 60 1
37 62 1
37 63 1
37 65 1
37 66 1
37 67 1
37 68 1
37 69 1
37 70 1
37 71 1
37 72 1
37 73 1
37 76 1
37 78 1
37 80 1
37 81 1
37 85 1
37 86 1
37 92 1
37 93 1
37 98 1
37 100 1
37 103 1
37 104 1
37 106 1
37 107 1
37 110 1
37 111 1
37 112 1
37 116 1
37 118 1
37 120 1
37 123 1
37 124 1
37 127 1
37 130 1
37 133 1
37 134 1
37 135 1
37 137 1
37 140 1
37 142 1
37 145 1
37 146 1
37 148 1
37 153 1
37 156 1
37 159 1
37 162 1
37 163 1
37 165 1
37 166 1
37 168 1
37 169 1
37 170 1
37 172 1
37 173 1
37 174 1
37 175 1
37 178 1
37 180 1
37 185 1
37 191 1
37 192 1
37 193 1
37 194 1
37 195 1
38 40 1
38 42 1
38 43 1
38 45 1
38 46 1
38 48 1
38 52 1
38 53 1
38 58 1
38 59 1
38 61 1
38 63 1
38 65 1
38 66 1
38 67 1
38 68 1
38 69 1
38 72 1
38 74 1
38 78 1
38 79 1
38 81 1
38 82 1
38 83 1
38 84 1
38 85 1
38 88 1
38 89 1
38 92 1
38 95 1
38 96 1
38 98 1
38 101 1
38 103 1
38 104 1
38 107 1
38 108 1
38 110 1
38 115 1
38 119 1
38 120 1
38 122 1
38 123 1
38 124 1
38 125 1
38 127 1
38 132 1
38 133 1
38 135 1
38 136 1
38 137 1
38 138 1
38 140 1
38 141 1
38 142 1
38 143 1
38 144 1
38 145 1
38 147 1
38 148 1
38 150 1
38 153 1
38 154 1
38 158 1
38 164 1
38 166 1
38 167 1
38 172 1
38 173 1
38 177 1
38 179 1
38 185 1
38 187 1
38 190 1
38 191 1
38 192 1
38 197 1
38 198 1
38 199 1
39 42 1
39 43 1
39 48 1
39 52 1
39 54 1
39 56 1
39 58 1
39 59 1
39 60 1
39 61 1
39 63 1
39 66 1
39 68 1
39 70 1
39 71 1
39 73 1
39 74 1
39 75 1
39 76 1
39 80 1
39 81 1
39 82 1
39 83 1
39 84 1
39 86 1
39 88 1
39 90 1
39 91 1
39 92 1
39 94 1
39 95 1
39 96 1
39 97 1
39 99 1
39 100 1
39 101 1
39 102 1
39 105 1
39 106 1
39 107 1
39 109 1
39 110 1
39 113 1
39 117 1
39 118 1
39 120 1
39 121 1
39 122 1
39 123 1
39 125 1
39 126 1
39 127 1
39 128 1
39 129 1
39 130 1
39 132 1
39 133 1
39 136 1
39 137 1
39 138 1
39 141 1
39 143 1
39 144 1
39 147 1
39 148 1
39 150 1
39 151 1
39 153 1
39 158 1
39 161 1
39 162 1
39 164 1
39 170 1
39 172 1
39 173 1
39 176 1
39 177 1
39 179 1
39 180 1
39 181 1
39 182 1
39 183 1
39 185 1
39 187 1
39 188 1
39 191 1
39 192 1
39 196 1
39 197 1
39 198 1
39 200 1
40 43 1
40 47 1
40 54 1
40 56 1
40 60 1
40 61 1
40 62 1
40 63 1
40 65 1
40 66 1
40 68 1
40 69 1
40 71 1
40 74 1
40 75 1
40 77 1
40 78 1
40 80 1
40 83 1
40 84 1
40 86 1
40 87 1
40 88 1
40 89 1
40 90 1
40 95 1
40 96 1
40 98 1
40 101 1
40 102 1
40 103 1
40 105 1
40 106 1
40 107 1
40 108 1
40 111 1
40 113 1
40 114 1
40 115 1
40 116 1
40 117 1
40 118 1
40 119 1
40 120 1
40 122 1
40 123 1
40 125 1
40 126 1
40 127 1
40 128 1
40 129 1
40 130 1
40 132 1
40 133 1
40 135 1
40 137 1
40 138 1
40 139 1
40 140 1
40 144 1
40 147 1
40 149 1
40 151 1
40 152 1
40 155 1
40 156 1
40 157 1
40 158 1
40 161 1
40 164 1
40 165 1
40 166 1
40 168 1
40 169 1
40 170 1
40 171 1
40 172 1
40 173 1
40 174 1
40 176 1
40 178 1
40 181 1
40 186 1
40 187 1
40 188 1
40 189 1
40 190 1
40 193 1
40 194 1
40 195 1
40 197 1
40 198 1
40 200 1
41 42 1
41 43 1
41 46 1
41 55 1
41 57 1
41 58 1
41 61 1
41 66 1
41 67 1
41 72 1
41 73 1
41 74 1
41 78 1
41 80 1
41 81 1
41 83 1
41 84 1
41 86 1
41 90 1
41 91 1
41 96 1
41 97 1
41 98 1
41 99 1
41 101 1
41 102 1
41 105 1
41 107 1
41 110 1
41 113 1
41 114 1
41 118 1
41 119 1
41 121 1
41 124 1
41 126 1
41 127 1
41 128 1
41 132 1
41 135 1
41 136 1
41 138 1
41 140 1
41 143 1
41 145 1
41 146 1
41 150 1
41 151 1
41 152 1
41 154 1
41 156 1
41 158 1
41 164 1
41 165 1
41 168 1
41 169 1
41 175 1
41 176 1
41 177 1
41 178 1
41 179 1
41 181 1
41 184 1
41 186 1
41 187 1
41 188 1
41 189 1
41 190 1
41 191 1
41 192 1
41 193 1
41 196 1
41 199 1
42 51 1
42 54 1
42 55 1
42 58 1
42 59 1
42 61 1
42 62 1
42 65 1
42 66 1
42 68 1
42 69 1
42 71 1
42 73 1
42 75 1
42 78 1
42 80 1
42 81 1
42 83 1
42 90 1
42 92 1
42 93 1
42 94 1
42 95 1
42 96 1
42 97 1
42 101 1
42 102 1
42 104 1
42 105 1
42 106 1
42 108 1
42 109 1
42 111 1
42 113 1
42 114 1
42 116 1
42 117 1
42 123 1
42 124 1
42 125 1
42 132 1
42 134 1
42 135 1
42 138 1
42 139 1
42 140 1
42 141 1
42 142 1
42 145 1
42 146 1
42 147 1
42 148 1
42 150 1
42 152 1
42 153 1
42 156 1
42 158 1
42 161 1
42 165 1
42 167 1
42 168 1
42 170 1
42 171 1
42 172 1
42 173 1
42 175 1
42 176 1
42 177 1
42 179 1
42 181 1
42 182 1
42 183 1
42 184 1
42 186 1
42 188 1
42 190 1
42 192 1
42 193 1
42 195 1
42 196 1
42 197 1
42 198 1
42 200 1
43 45 1
43 46 1
43 47 1
43 49 1
43 53 1
43 55 1
43 61 1
43 62 1
43 64 1
43 65 1
43 66 1
43 73 1
43 74 1
43 76 1
43 77 1
43 78 1
43 79 1
43 80 1
43 81 1
43 82 1
43 83 1
43 84 1
43 85 1
43 86 1
43 87 1
43 89 1
43 90 1
43 92 1
43 93 1
43 94 1
43 96 1
43 97 1
43 98 1
43 99 1
43 100 1
43 102 1
43 105 1
43 106 1
43 109 1
43 111 1
43 112 1
43 113 1
43 114 1
43 116 1
43 119 1
43 121 1
43 123 1
43 124 1
43 125 1
43 131 1
43 132 1
43 133 1
43 134 1
43 136 1
43 137 1
43 140 1
43 142 1
43 143 1
43 145 1
43 147 1
43 148 1
43 151 1
43 154 1
43 155 1
43 156 1
43 158 1
43 159 1
43 163 1
43 165 1
43 166 1
43 173 1
43 174 1
43 175 1
43 178 1
43 179 1
43 180 1
43 183 1
43 185 1
43 186 1
43 188 1
43 189 1
43 191 1
43 192 1
43 194 1
43 197 1
43 199 1
43 200 1
44 45 1
44 48 1
44 49 1
44 50 1
44 52 1
44 53 1
44 55 1
44 56 1
44 57 1
44 60 1
44 62 1
44 63 1
44 64 1
44 67 1
44 70 1
44 72 1
44 75 1
44 78 1
44 88 1
44 89 1
44 90 1
44 91 1
44 92 1
44 93 1
44 96 1
44 97 1
44 100 1
44 101 1
44 106 1
44 108 1
44 112 1
44 116 1
44 119 1
44 123 1
44 126 1
44 127 1
44 128 1
44 129 1
44 131 1
44 132 1
44 133 1
44 138 1
44 139 1
44 141 1
44 145 1
44 148 1
44 149 1
44 150 1
44 153 1
44 155 1
44 158 1
44 159 1
44 161 1
44 167 1
44 168 1
44 169 1
44 170 1
44 171 1
44 172 1
44 173 1
44 176 1
44 177 1
44 186 1
44 188 1
44 193 1
44 195 1
44 198 1
44 200 1
45 46 1
45 48 1
45 50 1
45 52 1
45 53 1
45 55 1
45 57 1
45 58 1
45 59 1
45 61 1
45 64 1
45 66 1
45 69 1
45 70 1
45 74 1
45 77 1
45 79 1
45 82 1
45 84 1
45 85 1
45 88 1
45 89 1
45 90 1
45 91 1
45 93 1
45 95 1
45 98 1
45 99 1
45 100 1
45 101 1
45 106 1
45 108 1
45 110 1
45 113 1
45 114 1
45 117 1
45 120 1
45 122 1
45 125 1
45 126 1
45 127 1
45 128 1
45 136 1
45 137 1
45 139 1
45 140 1
45 141 1
45 144 1
45 146 1
45 148 1
45 150 1
45 151 1
45 154 1
45 156 1
45 157 1
45 160 1
45 162 1
45 163 1
45 165 1
45 167 1
45 168 1
45 169 1
45 170 1
45 173 1
45 174 1
45 177 1
45 179 1
45 180 1
45 182 1
45 183 1
45 184 1
45 185 1
45 193 1
45 196 1
45 198 1
45 200 1
46 47 1
46 50 1
46 51 1
46 53 1
46 54 1
46 55 1
46 56 1
46 65 1
46 66 1
46 71 1
46 73 1
46 74 1
46 78 1
46 79 1
46 82 1
46 85 1
46 87 1
46 92 1
46 94 1
46 95 1
46 97 1
46 99 1
46 100 1
46 102 1
46 103 1
46 104 1
46 105 1
46 111 1
46 114 1
46 115 1
46 118 1
46 120 1
46 121 1
46 122 1
46 124 1
46 125 1
46 126 1
46 128 1
46 129 1
46 131 1
46 132 1
46 133 1
46 134 1
46 135 1
46 138 1
46 139 1
46 141 1
46 142 1
46 146 1
46 148 1
46 151 1
46 152 1
46 153 1
46 155 1
46 156 1
46 157 1
46 165 1
46 168 1
46 170 1
46 171 1
46 173 1
46 175 1
46 176 1
46 178 1
46 180 1
46 187 1
46 189 1
46 191 1
46 193 1
46 194 1
46 199 1
46 200 1
47 54 1
47 56 1
47 57 1
47 61 1
47 64 1
47 65 1
47 68 1
47 71 1
47 74 1
47 75 1
47 77 1
47 80 1
47 84 1
47 85 1
47 90 1
47 91 1
47 92 1
47 94 1
47 96 1
47 99 1
47 103 1
47 105 1
47 106 1
47 107 1
47 108 1
47 109 1
47 110 1
47 115 1
47 118 1
47 119 1
47 120 1
47 122 1
47 123 1
47 126 1
47 128 1
47 129 1
47 132 1
47 133 1
47 134 1
47 135 1
47 138 1
47 141 1
47 145 1
47 146 1
47 150 1
47 151 1
47 152 1
47 155 1
47 157 1
47 158 1
47 161 1
47 162 1
47 163 1
47 164 1
47 168 1
47 169 1
47 171 1
47 173 1
47 174 1
47 175 1
47 177 1
47 178 1
47 180 1
47 181 1
47 183 1
47 184 1
47 187 1
47 188 1
47 196 1
47 197 1
47 198 1
47 200 1
48 50 1
48 51 1
48 53 1
48 60 1
48 64 1
48 65 1
48 69 1
48 73 1
48 75 1
48 76 1
48 78 1
48 79 1
48 83 1
48 86 1
48 89 1
48 90 1
48 92 1
48 95 1
48 96 1
48 101 1
48 102 1
48 104 1
48 107 1
48 108 1
48 109 1
48 110 1
48 111 1
48 112 1
48 114 1
48 117 1
48 122 1
48 123 1
48 124 1
48 125 1
48 128 1
48 132 1
48 133 1
48 136 1
48 137 1
48 138 1
48 140 1
48 141 1
48 142 1
48 146 1
48 147 1
48 150 1
48 151 1
48 152 1
48 154 1
48 155 1
48 159 1
48 161 1
48 164 1
48 166 1
48 167 1
48 169 1
48 170 1
48 171 1
48 172 1
48 174 1
48 179 1
48 182 1
48 186 1
48 187 1
48 189 1
48 190 1
48 191 1
48 192 1
48 195 1
48 196 1
48 197 1
48 198 1
49 50 1
49 51 1
49 53 1
49 54 1
49 55 1
49 57 1
49 62 1
49 66 1
49 72 1
49 76 1
49 77 1
49 79 1
49 81 1
49 84 1
49 89 1
49 91 1
49 95 1
49 97 1
49 98 1
49 100 1
49 101 1
49 104 1
49 106 1
49 107 1
49 114 1
49 115 1
49 116 1
49 118 1
49 121 1
49 124 1
49 125 1
49 126 1
49 128 1
49 129 1
49 130 1
49 131 1
49 135 1
49 136 1
49 137 1
49 138 1
49 140 1
49 143 1
49 146 1
49 148 1
49 151 1
49 152 1
49 158 1
49 159 1
49 160 1
49 161 1
49 162 1
49 166 1
49 167 1
49 168 1
49 169 1
49 170 1
49 171 1
49 173 1
49 174 1
49 176 1
49 180 1
49 183 1
49 184 1
49 187 1
49 189 1
49 190 1
49 191 1
49 193 1
49 196 1
49 199 1
50 53 1
50 54 1
50 55 1
50 56 1
50 57 1
50 59 1
50 61 1
50 63 1
50 64 1
50 66 1
50 68 1
50 71 1
50 76 1
50 77 1
50 78 1
50 79 1
50 80 1
50 81 1
50 82 1
50 83 1
50 84 1
50 85 1
50 86 1
50 87 1
50 88 1
50 92 1
50 95 1
50 98 1
50 99 1
50 100 1
50 102 1
50 103 1
50 104 1
50 108 1
50 110 1
50 111 1
50 113 1
50 114 1
50 119 1
50 123 1
50 124 1
50 125 1
50 126 1
50 129 1
50 130 1
50 131 1
50 133 1
50 135 1
50 138 1
50 140 1
50 141 1
50 142 1
50 145 1
50 147 1
50 149 1
50 151 1
50 152 1
50 153 1
50 154 1
50 155 1
50 157 1
50 159 1
50 161 1
50 162 1
50 163 1
50 164 1
50 167 1
50 170 1
50 172 1
50 175 1
50 176 1
50 177 1
50 179 1
50 181 1
50 184 1
50 185 1
50 186 1
50 189 1
50 191 1
50 192 1
50 194 1
50 195 1
50 196 1
50 197 1
50 198 1
50 199 1
50 200 1
51 53 1
51 55 1
51 57 1
51 58 1
51 59 1
51 63 1
51 64 1
51 67 1
51 70 1
51 71 1
51 74 1
51 75 1
51 76 1
51 78 1
51 79 1
51 80 1
51 81 1
51 82 1
51 85 1
51 87 1
51 88 1
51 90 1
51 92 1
51 95 1
51 97 1
51 98 1
51 102 1
51 103 1
51 104 1
51 106 1
51 107 1
51 108 1
51 111 1
51 113 1
51 115 1
51 117 1
51 118 1
51 123 1
51 124 1
51 127 1
51 130 1
51 132 1
51 133 1
51 134 1
51 135 1
51 136 1
51 139 1
51 143 1
51 146 1
51 148 1
51 149 1
51 153 1
51 155 1
51 157 1
51 158 1
51 160 1
51 162 1
51 167 1
51 170 1
51 171 1
51 172 1
51 173 1
51 174 1
51 175 1
51 176 1
51 177 1
51 179 1
51 181 1
51 183 1
51 185 1
51 186 1
51 187 1
51 188 1
51 190 1
51 191 1
51 193 1
51 195 1
51 196 1
51 198 1
51 200 1
52 53 1
52 55 1
52 57 1
52 58 1
52 59 1
52 61 1
52 63 1
52 70 1
52 71 1
52 72 1
52 76 1
52 78 1
52 79 1
52 80 1
52 85 1
52 86 1
52 87 1
52 88 1
52 90 1
52 93 1
52 94 1
52 96 1
52 98 1
52 99 1
52 102 1
52 103 1
52 105 1
52 108 1
52 109 1
52 110 1
52 116 1
52 118 1
52 120 1
52 123 1
52 126 1
52 127 1
52 128 1
52 130 1
52 131 1
52 132 1
52 133 1
52 137 1
52 139 1
52 143 1
52 148 1
52 150 1
52 154 1
52 155 1
52 156 1
52 159 1
52 160 1
52 162 1
52 163 1
52 166 1
52 168 1
52 169 1
52 173 1
52 179 1
52 181 1
52 183 1
52 185 1
52 187 1
52 191 1
52 195 1
52 196 1
52 197 1
52 198 1
52 200 1
53 55 1
53 57 1
53 59 1
53 60 1
53 63 1
53 64 1
53 65 1
53 69 1
53 77 1
53 80 1
53 81 1
53 83 1
53 84 1
53 86 1
53 87 1
53 88 1
53 89 1
53 90 1
53 94 1
53 97 1
53 98 1
53 99 1
53 101 1
53 102 1
53 106 1
53 107 1
53 108 1
53 110 1
53 112 1
53 113 1
53 114 1
53 115 1
53 118 1
53 119 1
53 120 1
53 121 1
53 123 1
53 124 1
53 125 1
53 130 1
53 133 1
53 134 1
53 135 1
53 139 1
53 141 1
53 144 1
53 145 1
53 147 1
53 154 1
53 155 1
53 156 1
53 165 1
53 167 1
53 169 1
53 170 1
53 171 1
53 173 1
53 174 1
53 175 1
53 177 1
53 179 1
53 181 1
53 186 1
53 188 1
53 192 1
53 195 1
53 196 1
53 197 1
53 198 1
53 200 1
54 56 1
54 57 1
54 58 1
54 59 1
54 60 1
54 62 1
54 66 1
54 67 1
54 69 1
54 71 1
54 72 1
54 79 1
54 80 1
54 82 1
54 83 1
54 84 1
54 87 1
54 90 1
54 91 1
54 94 1
54 96 1
54 97 1
54 98 1
54 99 1
54 103 1
54 104 1
54 105 1
54 106 1
54 108 1
54 110 1
54 113 1
54 114 1
54 115 1
54 116 1
54 119 1
54 121 1
54 123 1
54 127 1
54 128 1
54 135 1
54 137 1
54 138 1
54 139 1
54 142 1
54 143 1
54 145 1
54 147 1
54 149 1
54 150 1
54 152 1
54 154 1
54 156 1
54 158 1
54 160 1
54 161 1
54 163 1
54 166 1
54 167 1
54 168 1
54 169 1
54 172 1
54 175 1
54 176 1
54 178 1
54 183 1
54 184 1
54 190 1
54 191 1
54 192 1
54 194 1
54 196 1
54 197 1
55 57 1
55 58 1
55 60 1
55 61 1
55 63 1
55 64 1
55 65 1
55 66 1
55 67 1
55 68 1
55 69 1
55 71 1
55 75 1
55 76 1
55 77 1
55 79 1
55 80 1
55 82 1
55 83 1
55 88 1
55 91 1
55 94 1
55 97 1
55 98 1
55 100 1
55 101 1
55 102 1
55 103 1
55 104 1
55 109 1
55 115 1
55 116 1
55 117 1
55 118 1
55 119 1
55 122 1
55 124 1
55 125 1
55 126 1
55 128 1
55 131 1
55 134 1
55 136 1
55 137 1
55 143 1
55 144 1
55 146 1
55 153 1
55 155 1
55 156 1
55 157 1
55 159 1
55 160 1
55 162 1
55 163 1
55 165 1
55 171 1
55 173 1
55 174 1
55 175 1
55 177 1
55 178 1
55 179 1
55 180 1
55 182 1
55 186 1
55 187 1
55 188 1
55 189 1
55 191 1
55 192 1
55 193 1
55 196 1
55 197 1
55 198 1
56 62 1
56 64 1
56 65 1
56 67 1
56 69 1
56 71 1
56 72 1
56 73 1
56 74 1
56 80 1
56 82 1
56 84 1
56 85 1
56 87 1
56 89 1
56 94 1
56 98 1
56 99 1
56 100 1
56 101 1
56 104 1
56 105 1
56 106 1
56 107 1
56 110 1
56 111 1
56 112 1
56 113 1
56 118 1
56 119 1
56 120 1
56 125 1
56 126 1
56 127 1
56 128 1
56 129 1
56 130 1
56 136 1
56 137 1
56 141 1
56 142 1
56 143 1
56 144 1
56 145 1
56 146 1
56 147 1
56 148 1
56 149 1
56 150 1
56 152 1
56 156 1
56 157 1
56 158 1
56 159 1
56 160 1
56 161 1
56 164 1
56 165 1
56 166 1
56 168 1
56 172 1
56 173 1
56 174 1
56 177 1
56 178 1
56 182 1
56 185 1
56 187 1
56 188 1
56 190 1
56 193 1
56 194 1
56 196 1
56 199 1
57 60 1
57 61 1
57 63 1
57 64 1
57 68 1
57 70 1
57 72 1
57 74 1
57 76 1
57 77 1
57 79 1
57 80 1
57 81 1
57 83 1
57 85 1
57 86 1
57 90 1
57 93 1
57 97 1
57 98 1
57 100 1
57 101 1
57 102 1
57 104 1
57 105 1
57 107 1
57 114 1
57 117 1
57 119 1
57 124 1
57 126 1
57 132 1
57 133 1
57 135 1
57 137 1
57 141 1
57 142 1
57 143 1
57 146 1
57 149 1
57 152 1
57 153 1
57 154 1
57 155 1
57 156 1
57 161 1
57 166 1
57 168 1
57 171 1
57 172 1
57 175 1
57 184 1
57 185 1
57 186 1
57 187 1
57 191 1
57 193 1
57 195 1
57 196 1
57 198 1
58 60 1
58 63 1
58 64 1
58 65 1
58 67 1
58 68 1
58 73 1
58 74 1
58 75 1
58 79 1
58 83 1
58 84 1
58 85 1
58 86 1
58 87 1
58 88 1
58 89 1
58 90 1
58 91 1
58 93 1
58 97 1
58 99 1
58 100 1
58 101 1
58 102 1
58 107 1
58 110 1
58 112 1
58 119 1
58 120 1
58 121 1
58 122 1
58 128 1
58 130 1
58 132 1
58 135 1
58 136 1
58 138 1
58 139 1
58 141 1
58 144 1
58 148 1
58 149 1
58 150 1
58 151 1
58 156 1
58 158 1
58 159 1
58 160 1
58 163 1
58 164 1
58 168 1
58 172 1
58 173 1
58 174 1
58 175 1
58 176 1
58 177 1
58 179 1
58 180 1
58 182 1
58 186 1
58 187 1
58 190 1
58 193 1
58 194 1
58 198 1
58 199 1
58 200 1
59 62 1
59 63 1
59 65 1
59 66 1
59 68 1
59 70 1
59 72 1
59 75 1
59 80 1
59 82 1
59 84 1
59 85 1
59 87 1
59 88 1
59 89 1
59 90 1
59 91 1
59 93 1
59 95 1
59 96 1
59 97 1
59 101 1
59 103 1
59 104 1
59 106 1
59 109 1
59 110 1
59 111 1
59 112 1
59 113 1
59 117 1
59 119 1
59 121 1
59 122 1
59 124 1
59 125 1
59 126 1
59 131 1
59 132 1
59 136 1
59 137 1
59 139 1
59 145 1
59 147 1
59 149 1
59 151 1
59 153 1
59 154 1
59 155 1
59 156 1
59 158 1
59 159 1
59 162 1
59 163 1
59 174 1
59 175 1
59 176 1
59 177 1
59 179 1
59 183 1
59 184 1
59 189 1
59 192 1
59 194 1
59 197 1
59 198 1
59 199 1
59 200 1
60 62 1
60 66 1
60 69 1
60 71 1
60 72 1
60 73 1
60 74 1
60 75 1
60 76 1
60 77 1
60 78 1
60 80 1
60 84 1
60 85 1
60 88 1
60 90 1
60 91 1
60 92 1
60 93 1
60 94 1
60 96 1
60 97 1
60 98 1
60 101 1
60 104 1
60 105 1
60 113 1
60 116 1
60 119 1
60 120 1
60 122 1
60 126 1
60 127 1
60 128 1
60 130 1
60 131 1
60 134 1
60 135 1
60 137 1
60 138 1
60 139 1
60 140 1
60 141 1
60 142 1
60 147 1
60 148 1
60 149 1
60 150 1
60 151 1
60 153 1
60 154 1
60 155 1
60 159 1
60 161 1
60 162 1
60 164 1
60 166 1
60 170 1
60 172 1
60 174 1
60 182 1
60 184 1
60 188 1
60 190 1
60 191 1
60 192 1
60 193 1
60 195 1
60 197 1
60 199 1
60 200 1
61 63 1
61 65 1
61 66 1
61 69 1
61 70 1
61 71 1
61 72 1
61 74 1
61 76 1
61 77 1
61 80 1
61 85 1
61 86 1
61 89 1
61 95 1
61 101 1
61 103 1
61 104 1
61 107 1
61 114 1
61 116 1
61 118 1
61 122 1
61 123 1
61 124 1
61 127 1
61 128 1
61 129 1
61 130 1
61 131 1
61 134 1
61 135 1
61 136 1
61 137 1
61 140 1
61 141 1
61 142 1
61 143 1
61 144 1
61 145 1
61 156 1
61 158 1
61 162 1
61 163 1
61 164 1
61 165 1
61 166 1
61 169 1
61 170 1
61 173 1
61 174 1
61 176 1
61 177 1
61 180 1
61 181 1
61 182 1
61 184 1
61 192 1
61 193 1
61 196 1
61 199 1
61 200 1
62 66 1
62 67 1
62 68 1
62 69 1
62 70 1
62 72 1
62 75 1
62 76 1
62 79 1
62 80 1
62 81 1
62 82 1
62 83 1
62 84 1
62 85 1
62 87 1
62 88 1
62 89 1
62 98 1
62 107 1
62 109 1
62 112 1
62 114 1
62 117 1
62 118 1
62 119 1
62 120 1
62 123 1
62 125 1
62 128 1
62 129 1
62 130 1
62 132 1
62 134 1
62 135 1
62 136 1
62 137 1
62 142 1
62 143 1
62 144 1
62 145 1
62 146 1
62 149 1
62 152 1
62 154 1
62 157 1
62 159 1
62 161 1
62 162 1
62 163 1
62 164 1
62 165 1
62 167 1
62 168 1
62 169 1
62 170 1
62 171 1
62 172 1
62 175 1
62 180 1
62 181 1
62 183 1
62 185 1
62 186 1
62 187 1
62 189 1
62 190 1
62 191 1
62 192 1
62 194 1
62 197 1
62 199 1
62 200 1
63 65 1
63 66 1
63 68 1
63 70 1
63 72 1
63 75 1
63 76 1
63 78 1
63 79 1
63 81 1
63 83 1
63 84 1
63 86 1
63 87 1
63 89 1
63 92 1
63 93 1
63 100 1
63 101 1
63 102 1
63 104 1
63 105 1
63 111 1
63 114 1
63 115 1
63 117 1
63 118 1
63 119 1
63 121 1
63 122 1
63 124 1
63 125 1
63 126 1
63 130 1
63 131 1
63 134 1
63 138 1
63 139 1
63 141 1
63 143 1
63 145 1
63 146 1
63 147 1
63 152 1
63 155 1
63 156 1
63 158 1
63 160 1
63 165 1
63 166 1
63 167 1
63 168 1
63 169 1
63 173 1
63 175 1
63 176 1
63 177 1
63 178 1
63 181 1
63 184 1
63 185 1
63 186 1
63 188 1
63 190 1
63 191 1
63 197 1
63 198 1
63 199 1
64 67 1
64 69 1
64 70 1
64 72 1
64 73 1
64 74 1
64 75 1
64 77 1
64 78 1
64 81 1
64 82 1
64 83 1
64 84 1
64 89 1
64 90 1
64 91 1
64 93 1
64 95 1
64 96 1
64 97 1
64 99 1
64 100 1
64 102 1
64 103 1
64 107 1
64 110 1
64 111 1
64 113 1
64 114 1
64 116 1
64 122 1
64 123 1
64 125 1
64 126 1
64 127 1
64 128 1
64 130 1
64 132 1
64 133 1
64 136 1
64 138 1
64 139 1
64 140 1
64 141 1
64 145 1
64 146 1
64 148 1
64 151 1
64 152 1
64 153 1
64 154 1
64 155 1
64 159 1
64 160 1
64 162 1
64 168 1
64 169 1
64 170 1
64 173 1
64 175 1
64 176 1
64 178 1
64 179 1
64 180 1
64 181 1
64 182 1
64 183 1
64 184 1
64 185 1
64 186 1
64 190 1
64 191 1
64 196 1
64 197 1
64 198 1
64 199 1
64 200 1
65 66 1
65 69 1
65 70 1
65 72 1
65 77 1
65 78 1
65 79 1
65 80 1
65 81 1
65 82 1
65 87 1
65 88 1
65 89 1
65 91 1
65 92 1
65 95 1
65 97 1
65 98 1
65 99 1
65 100 1
65 102 1
65 108 1
65 109 1
65 110 1
65 111 1
65 114 1
65 116 1
65 119 1
65 120 1
65 122 1
65 126 1
65 127 1
65 128 1
65 131 1
65 132 1
65 133 1
65 135 1
65 136 1
65 141 1
65 142 1
65 146 1
65 150 1
65 153 1
65 157 1
65 160 1
65 161 1
65 162 1
65 163 1
65 165 1
65 167 1
65 168 1
65 170 1
65 171 1
65 175 1
65 176 1
65 181 1
65 184 1
65 185 1
65 187 1
65 190 1
65 191 1
65 193 1
65 195 1
65 198 1
65 199 1
66 68 1
66 69 1
66 70 1
66 71 1
66 77 1
66 79 1
66 80 1
66 81 1
66 82 1
66 84 1
66 86 1
66 87 1
66 88 1
66 89 1
66 91 1
66 96 1
66 99 1
66 104 1
66 108 1
66 111 1
66 112 1
66 114 1
66 116 1
66 118 1
66 119 1
66 127 1
66 130 1
66 132 1
66 135 1
66 136 1
66 138 1
66 139 1
66 140 1
66 141 1
66 142 1
66 143 1
66 145 1
66 146 1
66 149 1
66 150 1
66 151 1
66 152 1
66 153 1
66 155 1
66 156 1
66 157 1
66 158 1
66 161 1
66 163 1
66 164 1
66 165 1
66 167 1
66 169 1
66 170 1
66 171 1
66 173 1
66 174 1
66 176 1
66 177 1
66 178 1
66 179 1
66 184 1
66 189 1
66 193 1
66 194 1
66 195 1
66 196 1
66 197 1
66 199 1
66 200 1
67 68 1
67 70 1
67 71 1
67 73 1
67 75 1
67 76 1
67 77 1
67 78 1
67 81 1
67 83 1
67 86 1
67 88 1
67 91 1
67 92 1
67 94 1
67 96 1
67 97 1
67 98 1
67 99 1
67 101 1
67 104 1
67 108 1
67 109 1
67 110 1
67 112 1
67 113 1
67 114 1
67 115 1
67 116 1
67 120 1
67 122 1
67 123 1
67 124 1
67 126 1
67 127 1
67 129 1
67 130 1
67 131 1
67 132 1
67 133 1
67 134 1
67 136 1
67 137 1
67 138 1
67 140 1
67 142 1
67 147 1
67 149 1
67 152 1
67 154 1
67 155 1
67 157 1
67 158 1
67 159 1
67 160 1
67 161 1
67 162 1
67 164 1
67 169 1
67 170 1
67 171 1
67 172 1
67 173 1
67 175 1
67 177 1
67 183 1
67 185 1
67 189 1
67 190 1
67 192 1
67 193 1
67 194 1
67 195 1
67 199 1
67 200 1
68 70 1
68 72 1
68 74 1
68 76 1
68 77 1
68 78 1
68 79 1
68 80 1
68 81 1
68 82 1
68 83 1
68 84 1
68 88 1
68 92 1
68 93 1
68 94 1
68 95 1
68 97 1
68 98 1
68 99 1
68 100 1
68 102 1
68 103 1
68 104 1
68 106 1
68 107 1
68 108 1
68 111 1
68 112 1
68 118 1
68 119 1
68 121 1
68 122 1
68 123 1
68 124 1
68 127 1
68 129 1
68 130 1
68 131 1
68 132 1
68 133 1
68 135 1
68 140 1
68 141 1
68 142 1
68 144 1
68 146 1
68 149 1
68 158 1
68 159 1
68 160 1
68 162 1
68 163 1
68 164 1
68 165 1
68 169 1
68 172 1
68 176 1
68 178 1
68 179 1
68 180 1
68 187 1
68 189 1
68 195 1
68 196 1
68 197 1
68 199 1
68 200 1
69 71 1
69 73 1
69 74 1
69 77 1
69 78 1
69 79 1
69 83 1
69 84 1
69 85 1
69 88 1
69 89 1
69 90 1
69 93 1
69 98 1
69 99 1
69 100 1
69 101 1
69 102 1
69 104 1
69 105 1
69 106 1
69 108 1
69 109 1
69 112 1
69 114 1
69 115 1
69 116 1
69 119 1
69 120 1
69 122 1
69 123 1
69 124 1
69 125 1
69 126 1
69 127 1
69 135 1
69 138 1
69 139 1
69 141 1
69 142 1
69 143 1
69 144 1
69 145 1
69 147 1
69 149 1
69 153 1
69 157 1
69 159 1
69 161 1
69 162 1
69 164 1
69 165 1
69 166 1
69 167 1
69 168 1
69 172 1
69 173 1
69 174 1
69 176 1
69 178 1
69 182 1
69 184 1
69 187 1
69 188 1
69 189 1
69 191 1
69 199 1
70 71 1
70 73 1
70 74 1
70 76 1
70 79 1
70 81 1
70 82 1
70 83 1
70 84 1
70 88 1
70 90 1
70 93 1
70 94 1
70 97 1
70 99 1
70 101 1
70 103 1
70 108 1
70 109 1
70 110 1
70 111 1
70 113 1
70 119 1
70 126 1
70 128 1
70 129 1
70 132 1
70 138 1
70 139 1
70 140 1
70 144 1
70 146 1
70 148 1
70 155 1
70 156 1
70 160 1
70 162 1
70 163 1
70 164 1
70 166 1
70 169 1
70 171 1
70 172 1
70 173 1
70 175 1
70 176 1
70 177 1
70 181 1
70 182 1
70 184 1
70 188 1
70 195 1
70 199 1
71 73 1
71 74 1
71 77 1
71 78 1
71 80 1
71 81 1
71 86 1
71 87 1
71 89 1
71 90 1
71 92 1
71 93 1
71 95 1
71 102 1
71 105 1
71 106 1
71 107 1
71 109 1
71 110 1
71 111 1
71 112 1
71 114 1
71 118 1
71 119 1
71 122 1
71 123 1
71 126 1
71 127 1
71 128 1
71 132 1
71 133 1
71 138 1
71 140 1
71 142 1
71 146 1
71 149 1
71 150 1
71 153 1
71 158 1
71 160 1
71 162 1
71 163 1
71 165 1
71 166 1
71 167 1
71 169 1
71 172 1
71 174 1
71 175 1
71 176 1
71 178 1
71 179 1
71 181 1
71 183 1
71 186 1
71 189 1
71 190 1
71 197 1
71 198 1
71 200 1
72 75 1
72 77 1
72 78 1
72 82 1
72 83 1
72 84 1
72 89 1
72 91 1
72 93 1
72 99 1
72 100 1
72 102 1
72 104 1
72 106 1
72 108 1
72 116 1
72 118 1
72 120 1
72 121 1
72 123 1
72 124 1
72 127 1
72 128 1
72 129 1
72 131 1
72 136 1
72 138 1
72 139 1
72 140 1
72 142 1
72 143 1
72 145 1
72 146 1
72 149 1
72 152 1
72 153 1
72 154 1
72 160 1
72 162 1
72 164 1
72 166 1
72 167 1
72 173 1
72 175 1
72 176 1
72 177 1
72 178 1
72 180 1
72 182 1
72 183 1
72 186 1
72 187 1
72 191 1
72 194 1
72 196 1
72 197 1
72 199 1
73 78 1
73 81 1
73 85 1
73 89 1
73 90 1
73 91 1
73 93 1
73 95 1
73 99 1
73 103 1
73 104 1
73 105 1
73 106 1
73 107 1
73 108 1
73 110 1
73 113 1
73 116 1
73 117 1
73 119 1
73 120 1
73 121 1
73 122 1
73 124 1
73 125 1
73 126 1
73 128 1
73 130 1
73 132 1
73 135 1
73 136 1
73 137 1
73 140 1
73 141 1
73 144 1
73 149 1
73 150 1
73 159 1
73 160 1
73 161 1
73 163 1
73 165 1
73 166 1
73 167 1
73 169 1
73 171 1
73 173 1
73 174 1
73 175 1
73 178 1
73 181 1
73 184 1
73 188 1
73 190 1
73 192 1
73 193 1
73 196 1
73 197 1
73 198 1
73 199 1
74 77 1
74 78 1
74 79 1
74 80 1
74 82 1
74 84 1
74 85 1
74 86 1
74 88 1
74 90 1
74 91 1
74 94 1
74 95 1
74 96 1
74 97 1
74 98 1
74 99 1
74 101 1
74 103 1
74 105 1
74 107 1
74 108 1
74 110 1
74 114 1
74 115 1
74 117 1
74 118 1
74 119 1
74 120 1
74 121 1
74 124 1
74 125 1
74 126 1
74 127 1
74 130 1
74 131 1
74 135 1
74 140 1
74 142 1
74 144 1
74 146 1
74 147 1
74 148 1
74 150 1
74 151 1
74 153 1
74 155 1
74 156 1
74 163 1
74 164 1
74 167 1
74 168 1
74 169 1
74 171 1
74 172 1
74 173 1
74 174 1
74 176 1
74 177 1
74 179 1
74 182 1
74 183 1
74 184 1
74 186 1
74 188 1
74 189 1
74 190 1
74 192 1
74 193 1
74 194 1
75 77 1
75 78 1
75 83 1
75 84 1
75 86 1
75 87 1
75 89 1
75 91 1
75 93 1
75 94 1
75 95 1
75 97 1
75 98 1
75 99 1
75 100 1
75 102 1
75 103 1
75 105 1
75 106 1
75 108 1
75 111 1
75 112 1
75 114 1
75 115 1
75 116 1
75 117 1
75 118 1
75 119 1
75 122 1
75 124 1
75 126 1
75 128 1
75 129 1
75 130 1
75 132 1
75 134 1
75 135 1
75 137 1
75 139 1
75 141 1
75 142 1
75 143 1
75 146 1
75 148 1
75 151 1
75 152 1
75 153 1
75 154 1
75 155 1
75 157 1
75 160 1
75 163 1
75 164 1
75 165 1
75 169 1
75 177 1
75 178 1
75 180 1
75 183 1
75 184 1
75 186 1
75 187 1
75 189 1
75 190 1
75 191 1
75 192 1
75 193 1
75 194 1
75 195 1
75 197 1
75 199 1
76 77 1
76 78 1
76 80 1
76 81 1
76 88 1
76 92 1
76 93 1
76 94 1
76 95 1
76 96 1
76 97 1
76 98 1
76 99 1
76 101 1
76 104 1
76 108 1
76 109 1
76 110 1
76 111 1
76 112 1
76 113 1
76 114 1
76 115 1
76 117 1
76 118 1
76 121 1
76 124 1
76 127 1
76 129 1
76 131 1
76 132 1
76 133 1
76 134 1
76 135 1
76 136 1
76 138 1
76 144 1
76 145 1
76 146 1
76 147 1
76 148 1
76 149 1
76 150 1
76 151 1
76 152 1
76 153 1
76 159 1
76 160 1
76 162 1
76 164 1
76 177 1
76 181 1
76 185 1
76 186 1
76 187 1
76 188 1
76 189 1
76 191 1
76 194 1
76 195 1
76 198 1
77 79 1
77 80 1
77 81 1
77 85 1
77 86 1
77 89 1
77 90 1
77 91 1
77 93 1
77 94 1
77 95 1
77 98 1
77 99 1
77 100 1
77 101 1
77 102 1
77 104 1
77 106 1
77 108 1
77 109 1
77 111 1
77 112 1
77 113 1
77 117 1
77 118 1
77 120 1
77 121 1
77 122 1
77 123 1
77 124 1
77 126 1
77 127 1
77 130 1
77 131 1
77 133 1
77 134 1
77 135 1
77 136 1
77 137 1
77 138 1
77 139 1
77 140 1
77 144 1
77 146 1
77 148 1
77 150 1
77 152 1
77 153 1
77 155 1
77 158 1
77 160 1
77 161 1
77 163 1
77 164 1
77 165 1
77 166 1
77 167 1
77 169 1
77 174 1
77 175 1
77 178 1
77 179 1
77 180 1
77 183 1
77 186 1
77 189 1
77 190 1
77 195 1
77 196 1
77 199 1
77 200 1
78 81 1
78 83 1
78 86 1
78 90 1
78 93 1
78 95 1
78 96 1
78 99 1
78 100 1
78 102 1
78 106 1
78 107 1
78 108 1
78 109 1
78 111 1
78 116 1
78 117 1
78 118 1
78 119 1
78 121 1
78 125 1
78 126 1
78 127 1
78 129 1
78 130 1
78 132 1
78 133 1
78 134 1
78 135 1
78 136 1
78 137 1
78 140 1
78 141 1
78 144 1
78 145 1
78 146 1
78 148 1
78 149 1
78 150 1
78 152 1
78 153 1
78 157 1
78 158 1
78 160 1
78 161 1
78 162 1
78 164 1
78 165 1
78 168 1
78 170 1
78 172 1
78 175 1
78 178 1
78 180 1
78 184 1
78 187 1
78 188 1
78 189 1
78 190 1
78 192 1
78 195 1
78 196 1
78 197 1
78 198 1
79 80 1
79 83 1
79 85 1
79 86 1
79 87 1
79 90 1
79 91 1
79 92 1
79 93 1
79 94 1
79 95 1
79 96 1
79 98 1
79 99 1
79 100 1
79 101 1
79 103 1
79 104 1
79 105 1
79 106 1
79 108 1
79 109 1
79 110 1
79 111 1
79 113 1
79 114 1
79 115 1
79 116 1
79 117 1
79 118 1
79 121 1
79 123 1
79 125 1
79 128 1
79 129 1
79 131 1
79 132 1
79 134 1
79 135 1
79 136 1
79 139 1
79 141 1
79 143 1
79 144 1
79 146 1
79 147 1
79 152 1
79 153 1
79 154 1
79 155 1
79 162 1
79 169 1
79 170 1
79 173 1
79 174 1
79 175 1
79 176 1
79 177 1
79 178 1
79 185 1
79 187 1
79 188 1
79 190 1
79 192 1
79 194 1
79 195 1
79 196 1
79 197 1
79 198 1
80 81 1
80 82 1
80 83 1
80 84 1
80 86 1
80 93 1
80 94 1
80 97 1
80 99 1
80 100 1
80 101 1
80 102 1
80 103 1
80 104 1
80 105 1
80 107 1
80 109 1
80 110 1
80 115 1
80 116 1
80 117 1
80 123 1
80 124 1
80 125 1
80 126 1
80 129 1
80 130 1
80 131 1
80 135 1
80 139 1
80 140 1
80 142 1
80 143 1
80 145 1
80 148 1
80 149 1
80 152 1
80 153 1
80 156 1
80 160 1
80 162 1
80 164 1
80 168 1
80 169 1
80 170 1
80 171 1
80 173 1
80 184 1
80 185 1
80 189 1
80 190 1
80 191 1
80 192 1
80 194 1
80 195 1
80 197 1
80 198 1
80 199 1
80 200 1
81 83 1
81 84 1
81 85 1
81 87 1
81 88 1
81 92 1
81 94 1
81 95 1
81 98 1
81 100 1
81 101 1
81 102 1
81 106 1
81 107 1
81 111 1
81 113 1
81 114 1
81 115 1
81 116 1
81 119 1
81 120 1
81 121 1
81 128 1
81 132 1
81 134 1
81 135 1
81 138 1
81 140 1
81 142 1
81 143 1
81 144 1
81 145 1
81 150 1
81 153 1
81 154 1
81 157 1
81 159 1
81 160 1
81 161 1
81 162 1
81 166 1
81 169 1
81 176 1
81 178 1
81 180 1
81 181 1
81 182 1
81 183 1
81 186 1
81 187 1
81 188 1
81 189 1
81 190 1
81 194 1
81 195 1
81 196 1
81 199 1
81 200 1
82 84 1
82 85 1
82 86 1
82 88 1
82 93 1
82 95 1
82 96 1
82 97 1
82 98 1
82 106 1
82 107 1
82 109 1
82 110 1
82 111 1
82 112 1
82 114 1
82 115 1
82 116 1
82 118 1
82 119 1
82 120 1
82 122 1
82 124 1
82 126 1
82 128 1
82 131 1
82 132 1
82 133 1
82 134 1
82 135 1
82 136 1
82 137 1
82 138 1
82 140 1
82 142 1
82 144 1
82 147 1
82 148 1
82 152 1
82 153 1
82 155 1
82 160 1
82 161 1
82 163 1
82 164 1
82 165 1
82 166 1
82 167 1
82 168 1
82 171 1
82 172 1
82 173 1
82 174 1
82 175 1
82 178 1
82 179 1
82 180 1
82 183 1
82 184 1
82 185 1
82 188 1
82 189 1
82 190 1
82 192 1
82 196 1
82 199 1
82 200 1
83 85 1
83 86 1
83 89 1
83 90 1
83 91 1
83 93 1
83 94 1
83 95 1
83 99 1
83 101 1
83 102 1
83 103 1
83 106 1
83 108 1
83 111 1
83 117 1
83 120 1
83 122 1
83 124 1
83 127 1
83 128 1
83 130 1
83 133 1
83 136 1
83 139 1
83 140 1
83 141 1
83 143 1
83 146 1
83 147 1
83 150 1
83 151 1
83 152 1
83 153 1
83 157 1
83 158 1
83 159 1
83 161 1
83 165 1
83 167 1
83 168 1
83 169 1
83 170 1
83 172 1
83 173 1
83 174 1
83 176 1
83 177 1
83 178 1
83 180 1
83 182 1
83 186 1
83 187 1
83 189 1
83 190 1
83 191 1
83 192 1
83 194 1
83 195 1
83 196 1
83 197 1
83 199 1
83 200 1
84 88 1
84 89 1
84 91 1
84 93 1
84 94 1
84 95 1
84 96 1
84 97 1
84 99 1
84 100 1
84 101 1
84 104 1
84 107 1
84 111 1
84 113 1
84 114 1
84 115 1
84 117 1
84 120 1
84 123 1
84 124 1
84 125 1
84 126 1
84 128 1
84 129 1
84 130 1
84 135 1
84 139 1
84 140 1
84 143 1
84 144 1
84 145 1
84 147 1
84 149 1
84 153 1
84 154 1
84 158 1
84 162 1
84 164 1
84 167 1
84 171 1
84 172 1
84 173 1
84 177 1
84 179 1
84 180 1
84 182 1
84 184 1
84 186 1
84 188 1
84 189 1
84 190 1
84 191 1
84 192 1
84 195 1
84 199 1
85 87 1
85 91 1
85 92 1
85 94 1
85 95 1
85 96 1
85 97 1
85 98 1
85 99 1
85 101 1
85 105 1
85 107 1
85 111 1
85 112 1
85 113 1
85 116 1
85 117 1
85 121 1
85 122 1
85 124 1
85 127 1
85 134 1
85 135 1
85 140 1
85 146 1
85 149 1
85 151 1
85 153 1
85 154 1
85 155 1
85 157 1
85 158 1
85 160 1
85 161 1
85 162 1
85 164 1
85 165 1
85 167 1
85 169 1
85 170 1
85 171 1
85 173 1
85 174 1
85 178 1
85 180 1
85 182 1
85 184 1
85 185 1
85 186 1
85 187 1
85 188 1
85 189 1
85 193 1
85 194 1
85 197 1
85 199 1
86 87 1
86 88 1
86 90 1
86 92 1
86 93 1
86 94 1
86 95 1
86 97 1
86 98 1
86 100 1
86 101 1
86 103 1
86 105 1
86 110 1
86 112 1
86 117 1
86 119 1
86 124 1
86 125 1
86 129 1
86 133 1
86 135 1
86 136 1
86 137 1
86 138 1
86 140 1
86 141 1
86 142 1
86 143 1
86 144 1
86 145 1
86 147 1
86 149 1
86 151 1
86 152 1
86 153 1
86 155 1
86 156 1
86 157 1
86 160 1
86 163 1
86 166 1
86 167 1
86 168 1
86 169 1
86 170 1
86 172 1
86 174 1
86 176 1
86 177 1
86 179 1
86 180 1
86 182 1
86 183 1
86 185 1
86 187 1
86 188 1
86 189 1
86 190 1
86 191 1
86 193 1
86 194 1
86 195 1
86 196 1
86 197 1
86 198 1
86 199 1
86 200 1
87 88 1
87 89 1
87 93 1
87 96 1
87 97 1
87 99 1
87 100 1
87 103 1
87 105 1
87 111 1
87 115 1
87 118 1
87 119 1
87 120 1
87 121 1
87 122 1
87 126 1
87 130 1
87 131 1
87 133 1
87 134 1
87 135 1
87 141 1
87 142 1
87 143 1
87 144 1
87 146 1
87 147 1
87 149 1
87 154 1
87 155 1
87 156 1
87 157 1
87 161 1
87 164 1
87 166 1
87 172 1
87 173 1
87 174 1
87 175 1
87 177 1
87 180 1
87 181 1
87 182 1
87 183 1
87 184 1
87 186 1
87 187 1
87 188 1
87 190 1
87 191 1
87 192 1
87 193 1
87 194 1
87 198 1
87 199 1
87 200 1
88 92 1
88 93 1
88 97 1
88 104 1
88 105 1
88 106 1
88 110 1
88 111 1
88 115 1
88 119 1
88 123 1
88 124 1
88 126 1
88 128 1
88 130 1
88 132 1
88 137 1
88 139 1
88 141 1
88 142 1
88 143 1
88 145 1
88 147 1
88 150 1
88 151 1
88 153 1
88 154 1
88 155 1
88 159 1
88 160 1
88 162 1
88 167 1
88 168 1
88 169 1
88 170 1
88 171 1
88 174 1
88 178 1
88 181 1
88 182 1
88 183 1
88 185 1
88 188 1
88 189 1
88 190 1
88 192 1
88 193 1
88 194 1
88 195 1
88 196 1
88 199 1
89 90 1
89 91 1
89 94 1
89 99 1
89 100 1
89 101 1
89 104 1
89 108 1
89 109 1
89 112 1
89 113 1
89 114 1
89 115 1
89 116 1
89 118 1
89 120 1
89 121 1
89 122 1
89 126 1
89 127 1
89 129 1
89 134 1
89 135 1
89 137 1
89 138 1
89 142 1
89 144 1
89 146 1
89 148 1
89 149 1
89 151 1
89 152 1
89 155 1
89 156 1
89 157 1
89 159 1
89 162 1
89 165 1
89 167 1
89 168 1
89 171 1
89 174 1
89 179 1
89 180 1
89 181 1
89 183 1
89 185 1
89 186 1
89 189 1
89 195 1
89 196 1
89 198 1
89 200 1
90 91 1
90 93 1
90 95 1
90 96 1
90 97 1
90 98 1
90 100 1
90 101 1
90 105 1
90 106 1
90 107 1
90 109 1
90 110 1
90 114 1
90 115 1
90 117 1
90 119 1
90 120 1
90 121 1
90 122 1
90 123 1
90 124 1
90 127 1
90 128 1
90 129 1
90 130 1
90 131 1
90 133 1
90 134 1
90 136 1
90 137 1
90 138 1
90 140 1
90 144 1
90 145 1
90 146 1
90 148 1
90 151 1
90 152 1
90 154 1
90 155 1
90 160 1
90 162 1
90 164 1
90 165 1
90 169 1
90 170 1
90 171 1
90 172 1
90 174 1
90 177 1
90 179 1
90 182 1
90 184 1
90 187 1
90 188 1
90 189 1
90 190 1
90 198 1
91 92 1
91 93 1
91 97 1
91 98 1
91 99 1
91 101 1
91 103 1
91 104 1
91 105 1
91 106 1
91 107 1
91 109 1
91 111 1
91 112 1
91 114 1
91 115 1
91 117 1
91 119 1
91 120 1
91 122 1
91 123 1
91 124 1
91 125 1
91 126 1
91 127 1
91 129 1
91 133 1
91 134 1
91 136 1
91 137 1
91 140 1
91 141 1
91 142 1
91 143 1
91 144 1
91 145 1
91 146 1
91 150 1
91 151 1
91 152 1
91 154 1
91 155 1
91 156 1
91 158 1
91 162 1
91 164 1
91 166 1
91 169 1
91 170 1
91 171 1
91 172 1
91 174 1
91 175 1
91 177 1
91 182 1
91 184 1
91 185 1
91 186 1
91 187 1
91 191 1
91 192 1
91 197 1
91 199 1
92 93 1
92 96 1
92 97 1
92 100 1
92 101 1
92 104 1
92 105 1
92 107 1
92 110 1
92 111 1
92 112 1
92 116 1
92 119 1
92 121 1
92 122 1
92 124 1
92 126 1
92 128 1
92 129 1
92 133 1
92 137 1
92 138 1
92 139 1
92 140 1
92 143 1
92 145 1
92 146 1
92 149 1
92 152 1
92 153 1
92 154 1
92 156 1
92 157 1
92 158 1
92 160 1
92 161 1
92 165 1
92 167 1
92 168 1
92 170 1
92 171 1
92 172 1
92 173 1
92 178 1
92 179 1
92 180 1
92 185 1
92 187 1
92 188 1
92 191 1
92 193 1
92 194 1
92 196 1
92 197 1
92 198 1
92 199 1
93 94 1
93 96 1
93 97 1
93 98 1
93 102 1
93 103 1
93 105 1
93 108 1
93 109 1
93 112 1
93 116 1
93 118 1
93 121 1
93 122 1
93 125 1
93 126 1
93 127 1
93 129 1
93 130 1
93 131 1
93 132 1
93 133 1
93 137 1
93 138 1
93 139 1
93 141 1
93 142 1
93 143 1
93 144 1
93 149 1
93 150 1
93 156 1
93 158 1
93 159 1
93 160 1
93 161 1
93 163 1
93 170 1
93 172 1
93 173 1
93 174 1
93 177 1
93 178 1
93 183 1
93 186 1
93 187 1
93 189 1
93 192 1
93 195 1
93 197 1
93 198 1
94 95 1
94 96 1
94 97 1
94 98 1
94 99 1
94 102 1
94 103 1
94 108 1
94 111 1
94 112 1
94 114 1
94 121 1
94 123 1
94 124 1
94 127 1
94 128 1
94 129 1
94 133 1
94 137 1
94 140 1
94 142 1
94 143 1
94 144 1
94 145 1
94 150 1
94 151 1
94 153 1
94 154 1
94 159 1
94 160 1
94 162 1
94 165 1
94 167 1
94 169 1
94 170 1
94 174 1
94 177 1
94 178 1
94 179 1
94 180 1
94 183 1
94 184 1
94 187 1
94 188 1
94 189 1
94 190 1
94 192 1
94 193 1
94 194 1
94 195 1
95 99 1
95 100 1
95 101 1
95 102 1
95 103 1
95 104 1
95 106 1
95 107 1
95 108 1
95 109 1
95 115 1
95 117 1
95 119 1
95 121 1
95 123 1
95 126 1
95 127 1
95 128 1
95 129 1
95 134 1
95 135 1
95 138 1
95 140 1
95 141 1
95 142 1
95 143 1
95 145 1
95 146 1
95 147 1
95 148 1
95 152 1
95 153 1
95 155 1
95 158 1
95 161 1
95 162 1
95 164 1
95 165 1
95 168 1
95 169 1
95 170 1
95 172 1
95 176 1
95 177 1
95 178 1
95 179 1
95 181 1
95 182 1
95 183 1
95 184 1
95 185 1
95 186 1
95 187 1
95 188 1
95 189 1
95 192 1
95 194 1
95 195 1
95 196 1
95 199 1
96 97 1
96 101 1
96 103 1
96 110 1
96 112 1
96 114 1
96 116 1
96 117 1
96 119 1
96 120 1
96 121 1
96 122 1
96 123 1
96 126 1
96 127 1
96 130 1
96 131 1
96 132 1
96 133 1
96 134 1
96 135 1
96 137 1
96 139 1
96 141 1
96 142 1
96 145 1
96 152 1
96 153 1
96 158 1
96 159 1
96 161 1
96 163 1
96 164 1
96 168 1
96 169 1
96 172 1
96 173 1
96 176 1
96 177 1
96 178 1
96 184 1
96 185 1
96 186 1
96 190 1
96 191 1
96 193 1
96 194 1
96 195 1
96 196 1
96 198 1
96 200 1
97 99 1
97 100 1
97 101 1
97 103 1
97 105 1
97 106 1
97 108 1
97 110 1
97 111 1
97 112 1
97 113 1
97 115 1
97 116 1
97 117 1
97 120 1
97 122 1
97 123 1
97 124 1
97 126 1
97 127 1
97 128 1
97 133 1
97 136 1
97 138 1
97 140 1
97 142 1
97 146 1
97 148 1
97 151 1
97 154 1
97 164 1
97 165 1
97 166 1
97 167 1
97 168 1
97 169 1
97 170 1
97 171 1
97 175 1
97 176 1
97 178 1
97 180 1
97 182 1
97 183 1
97 186 1
97 187 1
97 191 1
97 193 1
97 200 1
98 99 1
98 100 1
98 101 1
98 105 1
98 107 1
98 108 1
98 111 1
98 114 1
98 116 1
98 117 1
98 118 1
98 119 1
98 121 1
98 123 1
98 124 1
98 127 1
98 129 1
98 130 1
98 131 1
98 134 1
98 136 1
98 139 1
98 141 1
98 142 1
98 145 1
98 146 1
98 148 1
98 149 1
98 150 1
98 153 1
98 154 1
98 155 1
98 157 1
98 159 1
98 162 1
98 163 1
98 166 1
98 168 1
98 170 1
98 171 1
98 172 1
98 175 1
98 176 1
98 178 1
98 179 1
98 184 1
98 185 1
98 187 1
98 188 1
98 191 1
98 192 1
98 193 1
98 194 1
98 196 1
98 197 1
98 198 1
98 199 1
98 200 1
99 100 1
99 101 1
99 102 1
99 103 1
99 111 1
99 112 1
99 113 1
99 114 1
99 115 1
99 116 1
99 117 1
99 118 1
99 119 1
99 121 1
99 122 1
99 123 1
99 125 1
99 126 1
99 127 1
99 129 1
99 131 1
99 134 1
99 135 1
99 141 1
99 144 1
99 145 1
99 147 1
99 149 1
99 150 1
99 151 1
99 154 1
99 155 1
99 157 1
99 159 1
99 160 1
99 161 1
99 162 1
99 165 1
99 169 1
99 170 1
99 171 1
99 173 1
99 174 1
99 175 1
99 176 1
99 177 1
99 178 1
99 179 1
99 183 1
99 184 1
99 185 1
99 187 1
99 188 1
99 190 1
99 191 1
99 194 1
99 198 1
99 200 1
100 102 1
100 103 1
100 104 1
100 105 1
100 107 1
100 111 1
100 115 1
100 116 1
100 119 1
100 120 1
100 121 1
100 122 1
100 123 1
100 124 1
100 127 1
100 129 1
100 131 1
100 132 1
100 134 1
100 139 1
100 140 1
100 142 1
100 145 1
100 146 1
100 148 1
100 150 1
100 154 1
100 156 1
100 159 1
100 160 1
100 161 1
100 162 1
100 164 1
100 168 1
100 170 1
100 171 1
100 173 1
100 177 1
100 178 1
100 179 1
100 181 1
100 184 1
100 187 1
100 188 1
100 190 1
100 191 1
100 193 1
100 194 1
100 197 1
100 199 1
101 102 1
101 103 1
101 105 1
101 107 1
101 108 1
101 109 1
101 110 1
101 114 1
101 116 1
101 118 1
101 119 1
101 122 1
101 128 1
101 129 1
101 130 1
101 131 1
101 132 1
101 135 1
101 137 1
101 138 1
101 141 1
101 143 1
101 148 1
101 150 1
101 151 1
101 152 1
101 154 1
101 156 1
101 158 1
101 161 1
101 162 1
101 171 1
101 174 1
101 175 1
101 176 1
101 177 1
101 180 1
101 181 1
101 182 1
101 183 1
101 184 1
101 185 1
101 187 1
101 189 1
101 191 1
101 193 1
101 194 1
101 195 1
101 197 1
101 198 1
101 199 1
101 200 1
102 105 1
102 106 1
102 109 1
102 110 1
102 111 1
102 115 1
102 119 1
102 121 1
102 125 1
102 130 1
102 131 1
102 135 1
102 140 1
102 141 1
102 143 1
102 146 1
102 149 1
102 151 1
102 153 1
102 155 1
102 157 1
102 159 1
102 160 1
102 162 1
102 164 1
102 173 1
102 174 1
102 179 1
102 180 1
102 181 1
102 182 1
102 186 1
102 188 1
102 189 1
102 190 1
102 192 1
102 193 1
102 197 1
102 198 1
103 104 1
103 106 1
103 107 1
103 111 1
103 112 1
103 113 1
103 114 1
103 115 1
103 116 1
103 117 1
103 118 1
103 119 1
103 120 1
103 121 1
103 123 1
103 125 1
103 128 1
103 130 1
103 132 1
103 135 1
103 136 1
103 137 1
103 138 1
103 139 1
103 140 1
103 143 1
103 146 1
103 152 1
103 153 1
103 154 1
103 155 1
103 156 1
103 157 1
103 158 1
103 163 1
103 167 1
103 172 1
103 175 1
103 176 1
103 179 1
103 180 1
103 181 1
103 182 1
103 185 1
103 189 1
103 190 1
103 191 1
103 192 1
103 193 1
103 198 1
103 199 1
104 106 1
104 108 1
104 110 1
104 111 1
104 112 1
104 115 1
104 117 1
104 119 1
104 120 1
104 125 1
104 126 1
104 129 1
104 130 1
104 131 1
104 133 1
104 134 1
104 135 1
104 137 1
104 139 1
104 140 1
104 143 1
104 145 1
104 147 1
104 148 1
104 150 1
104 152 1
104 153 1
104 154 1
104 156 1
104 157 1
104 159 1
104 160 1
104 161 1
104 162 1
104 163 1
104 164 1
104 165 1
104 167 1
104 169 1
104 170 1
104 171 1
104 175 1
104 177 1
104 178 1
104 179 1
104 180 1
104 183 1
104 185 1
104 186 1
104 187 1
104 188 1
104 190 1
104 191 1
104 196 1
104 198 1
104 199 1
104 200 1
105 107 1
105 108 1
105 111 1
105 112 1
105 114 1
105 115 1
105 116 1
105 118 1
105 119 1
105 122 1
105 123 1
105 124 1
105 126 1
105 127 1
105 129 1
105 130 1
105 131 1
105 133 1
105 134 1
105 137 1
105 138 1
105 140 1
105 142 1
105 146 1
105 148 1
105 150 1
105 151 1
105 153 1
105 154 1
105 156 1
105 161 1
105 163 1
105 165 1
105 168 1
105 170 1
105 171 1
105 175 1
105 176 1
105 178 1
105 179 1
105 181 1
105 182 1
105 184 1
105 188 1
105 192 1
105 193 1
105 194 1
105 195 1
105 198 1
106 107 1
106 109 1
106 110 1
106 111 1
106 112 1
106 113 1
106 118 1
106 119 1
106 120 1
106 122 1
106 125 1
106 127 1
106 128 1
106 129 1
106 130 1
106 131 1
106 132 1
106 133 1
106 134 1
106 135 1
106 137 1
106 143 1
106 144 1
106 145 1
106 147 1
106 149 1
106 151 1
106 152 1
106 156 1
106 160 1
106 165 1
106 170 1
106 173 1
106 174 1
106 180 1
106 181 1
106 183 1
106 191 1
106 193 1
106 200 1
107 109 1
107 111 1
107 113 1
107 114 1
107 116 1
107 117 1
107 119 1
107 120 1
107 121 1
107 122 1
107 123 1
107 124 1
107 125 1
107 128 1
107 129 1
107 130 1
107 131 1
107 133 1
107 136 1
107 137 1
107 138 1
107 139 1
107 141 1
107 148 1
107 152 1
107 154 1
107 155 1
107 157 1
107 159 1
107 160 1
107 161 1
107 164 1
107 166 1
107 167 1
107 168 1
107 171 1
107 176 1
107 177 1
107 178 1
107 179 1
107 180 1
107 183 1
107 184 1
107 188 1
107 190 1
107 191 1
107 194 1
107 199 1
107 200 1
108 109 1
108 111 1
108 114 1
108 115 1
108 117 1
108 118 1
108 120 1
108 121 1
108 124 1
108 125 1
108 127 1
108 128 1
108 129 1
108 131 1
108 137 1
108 144 1
108 145 1
108 146 1
108 149 1
108 150 1
108 153 1
108 154 1
108 160 1
108 163 1
108 164 1
108 167 1
108 169 1
108 170 1
108 173 1
108 176 1
108 177 1
108 181 1
108 182 1
108 185 1
108 186 1
108 188 1
108 189 1
108 191 1
108 192 1
108 193 1
108 196 1
108 199 1
109 112 1
109 115 1
109 118 1
109 119 1
109 120 1
109 124 1
109 126 1
109 131 1
109 136 1
109 137 1
109 140 1
109 141 1
109 142 1
109 143 1
109 145 1
109 150 1
109 155 1
109 157 1
109 159 1
109 160 1
109 163 1
109 164 1
109 165 1
109 166 1
109 171 1
109 173 1
109 174 1
109 175 1
109 177 1
109 179 1
109 183 1
109 184 1
109 188 1
109 189 1
109 191 1
109 192 1
109 193 1
109 197 1
109 198 1
109 200 1
110 111 1
110 112 1
110 116 1
110 118 1
110 119 1
110 125 1
110 126 1
110 127 1
110 128 1
110 133 1
110 136 1
110 139 1
110 140 1
110 141 1
110 142 1
110 143 1
110 144 1
110 145 1
110 148 1
110 150 1
110 153 1
110 154 1
110 155 1
110 158 1
110 160 1
110 165 1
110 166 1
110 168 1
110 169 1
110 170 1
110 171 1
110 172 1
110 175 1
110 178 1
110 181 1
110 182 1
110 183 1
110 186 1
110 187 1
110 188 1
110 189 1
110 190 1
110 192 1
110 193 1
110 194 1
110 195 1
110 196 1
110 199 1
111 112 1
111 114 1
111 115 1
111 120 1
111 125 1
111 126 1
111 127 1
111 129 1
111 130 1
111 132 1
111 135 1
111 136 1
111 138 1
111 140 1
111 144 1
111 145 1
111 146 1
111 147 1
111 148 1
111 151 1
111 152 1
111 153 1
111 154 1
111 155 1
111 157 1
111 163 1
111 164 1
111 165 1
111 168 1
111 170 1
111 174 1
111 176 1
111 177 1
111 178 1
111 179 1
111 180 1
111 185 1
111 186 1
111 188 1
111 190 1
111 191 1
111 193 1
111 194 1
112 115 1
112 117 1
112 118 1
112 120 1
112 124 1
112 125 1
112 128 1
112 129 1
112 130 1
112 133 1
112 135 1
112 136 1
112 137 1
112 150 1
112 152 1
112 153 1
112 156 1
112 157 1
112 158 1
112 162 1
112 163 1
112 164 1
112 167 1
112 169 1
112 170 1
112 171 1
112 172 1
112 177 1
112 179 1
112 180 1
112 181 1
112 182 1
112 187 1
112 188 1
112 190 1
112 192 1
112 193 1
112 195 1
112 196 1
113 114 1
113 115 1
113 116 1
113 117 1
113 118 1
113 120 1
113 122 1
113 123 1
113 127 1
113 130 1
113 132 1
113 133 1
113 135 1
113 137 1
113 138 1
113 141 1
113 147 1
113 148 1
113 149 1
113 151 1
113 152 1
113 154 1
113 156 1
113 160 1
113 161 1
113 163 1
113 164 1
113 166 1
113 173 1
113 174 1
113 175 1
113 176 1
113 181 1
113 183 1
113 184 1
113 185 1
113 186 1
113 192 1
113 194 1
113 196 1
114 115 1
114 116 1
114 120 1
114 123 1
114 125 1
114 127 1
114 129 1
114 131 1
114 132 1
114 133 1
114 134 1
114 135 1
114 136 1
114 139 1
114 140 1
114 141 1
114 143 1
114 145 1
114 146 1
114 147 1
114 149 1
114 150 1
114 152 1
114 155 1
114 158 1
114 161 1
114 162 1
114 163 1
114 164 1
114 166 1
114 167 1
114 168 1
114 169 1
114 175 1
114 176 1
114 177 1
114 179 1
114 182 1
114 185 1
114 186 1
114 190 1
114 194 1
114 195 1
114 197 1
114 198 1
114 200 1
115 118 1
115 120 1
115 121 1
115 122 1
115 124 1
115 127 1
115 128 1
115 131 1
115 145 1
115 148 1
115 150 1
115 151 1
115 152 1
115 155 1
115 156 1
115 157 1
115 159 1
115 160 1
115 162 1
115 163 1
115 164 1
115 167 1
115 168 1
115 170 1
115 178 1
115 179 1
115 180 1
115 182 1
115 184 1
115 185 1
115 186 1
115 188 1
115 190 1
115 191 1
115 192 1
115 193 1
115 195 1
115 200 1
116 118 1
116 123 1
116 125 1
116 127 1
116 128 1
116 129 1
116 131 1
116 132 1
116 135 1
116 137 1
116 140 1
116 144 1
116 145 1
116 146 1
116 148 1
116 149 1
116 154 1
116 159 1
116 162 1
116 165 1
116 166 1
116 168 1
116 169 1
116 170 1
116 172 1
116 173 1
116 175 1
116 176 1
116 177 1
116 180 1
116 182 1
116 183 1
116 185 1
116 187 1
116 188 1
116 190 1
116 193 1
116 196 1
116 198 1
117 120 1
117 123 1
117 128 1
117 129 1
117 130 1
117 131 1
117 133 1
117 134 1
117 135 1
117 137 1
117 140 1
117 142 1
117 143 1
117 144 1
117 145 1
117 149 1
117 151 1
117 155 1
117 157 1
117 159 1
117 160 1
117 162 1
117 163 1
117 165 1
117 168 1
117 169 1
117 171 1
117 172 1
117 175 1
117 178 1
117 179 1
117 182 1
117 183 1
117 186 1
117 187 1
117 188 1
117 189 1
117 192 1
117 193 1
117 194 1
117 195 1
117 196 1
117 197 1
117 200 1
118 121 1
118 122 1
118 125 1
118 126 1
118 129 1
118 130 1
118 132 1
118 133 1
118 135 1
118 138 1
118 140 1
118 143 1
118 144 1
118 147 1
118 148 1
118 149 1
118 151 1
118 153 1
118 154 1
118 157 1
118 159 1
118 160 1
118 162 1
118 167 1
118 168 1
118 169 1
118 171 1
118 173 1
118 175 1
118 178 1
118 184 1
118 185 1
118 189 1
118 190 1
118 193 1
118 195 1
118 197 1
118 199 1
119 122 1
119 124 1
119 127 1
119 130 1
119 132 1
119 136 1
119 137 1
119 138 1
119 139 1
119 140 1
119 143 1
119 144 1
119 145 1
119 148 1
119 150 1
119 153 1
119 154 1
119 156 1
119 158 1
119 160 1
119 161 1
119 162 1
119 166 1
119 167 1
119 168 1
119 170 1
119 171 1
119 172 1
119 177 1
119 178 1
119 181 1
119 182 1
119 183 1
119 184 1
119 186 1
119 188 1
119 196 1
119 198 1
119 199 1
119 200 1
120 123 1
120 126 1
120 128 1
120 130 1
120 134 1
120 136 1
120 138 1
120 139 1
120 140 1
120 142 1
120 146 1
120 147 1
120 148 1
120 150 1
120 151 1
120 155 1
120 156 1
120 161 1
120 165 1
120 166 1
120 167 1
120 168 1
120 169 1
120 170 1
120 174 1
120 176 1
120 177 1
120 178 1
120 180 1
120 181 1
120 185 1
120 186 1
120 190 1
120 191 1
120 192 1
120 198 1
120 199 1
120 200 1
121 122 1
121 123 1
121 124 1
121 125 1
121 127 1
121 129 1
121 130 1
121 131 1
121 132 1
121 133 1
121 136 1
121 137 1
121 139 1
121 141 1
121 143 1
121 150 1
121 152 1
121 153 1
121 154 1
121 155 1
121 157 1
121 159 1
121 164 1
121 165 1
121 166 1
121 167 1
121 168 1
121 170 1
121 171 1
121 172 1
121 173 1
121 176 1
121 177 1
121 179 1
121 182 1
121 186 1
121 187 1
121 189 1
121 191 1
121 192 1
121 196 1
121 198 1
121 199 1
121 200 1
122 124 1
122 125 1
122 127 1
122 128 1
122 129 1
122 132 1
122 134 1
122 136 1
122 138 1
122 141 1
122 142 1
122 143 1
122 144 1
122 146 1
122 148 1
122 149 1
122 150 1
122 152 1
122 155 1
122 157 1
122 158 1
122 159 1
122 160 1
122 163 1
122 168 1
122 171 1
122 172 1
122 173 1
122 174 1
122 175 1
122 176 1
122 177 1
122 179 1
122 182 1
122 184 1
122 187 1
122 189 1
122 190 1
122 191 1
122 192 1
122 193 1
122 195 1
122 196 1
122 200 1
123 124 1
123 125 1
123 126 1
123 128 1
123 133 1
123 134 1
123 135 1
123 136 1
123 137 1
123 138 1
123 140 1
123 141 1
123 142 1
123 144 1
123 146 1
123 148 1
123 150 1
123 151 1
123 152 1
123 155 1
123 156 1
123 159 1
123 166 1
123 167 1
123 172 1
123 173 1
123 176 1
123 178 1
123 180 1
123 183 1
123 184 1
123 185 1
123 186 1
123 187 1
123 188 1
123 191 1
123 192 1
123 193 1
123 195 1
123 197 1
123 199 1
123 200 1
124 125 1
124 126 1
124 127 1
124 129 1
124 130 1
124 131 1
124 132 1
124 134 1
124 135 1
124 140 1
124 143 1
124 145 1
124 146 1
124 148 1
124 151 1
124 152 1
124 153 1
124 154 1
124 157 1
124 159 1
124 163 1
124 164 1
124 166 1
124 167 1
124 170 1
124 171 1
124 173 1
124 174 1
124 175 1
124 176 1
124 178 1
124 180 1
124 181 1
124 183 1
124 184 1
124 187 1
124 188 1
124 191 1
124 192 1
124 196 1
124 197 1
124 199 1
125 127 1
125 129 1
125 133 1
125 134 1
125 136 1
125 138 1
125 139 1
125 142 1
125 144 1
125 146 1
125 147 1
125 149 1
125 153 1
125 154 1
125 155 1
125 156 1
125 157 1
125 158 1
125 159 1
125 160 1
125 164 1
125 166 1
125 170 1
125 171 1
125 173 1
125 174 1
125 175 1
125 176 1
125 179 1
125 180 1
125 182 1
125 186 1
125 187 1
125 189 1
125 190 1
125 192 1
125 193 1
125 194 1
125 197 1
125 200 1
126 128 1
126 129 1
126 134 1
126 136 1
126 137 1
126 139 1
126 142 1
126 146 1
126 147 1
126 148 1
126 149 1
126 150 1
126 152 1
126 153 1
126 155 1
126 156 1
126 159 1
126 160 1
126 163 1
126 164 1
126 167 1
126 168 1
126 169 1
126 170 1
126 172 1
126 176 1
126 177 1
126 179 1
126 180 1
126 183 1
126 184 1
126 185 1
126 186 1
126 187 1
126 188 1
126 189 1
126 193 1
126 196 1
126 197 1
126 198 1
126 199 1
126 200 1
127 129 1
127 133 1
127 135 1
127 139 1
127 140 1
127 143 1
127 144 1
127 145 1
127 147 1
127 149 1
127 150 1
127 151 1
127 153 1
127 155 1
127 159 1
127 160 1
127 165 1
127 167 1
127 168 1
127 169 1
127 172 1
127 175 1
127 176 1
127 179 1
127 180 1
127 181 1
127 182 1
127 183 1
127 185 1
127 186 1
127 187 1
127 189 1
127 192 1
127 195 1
127 198 1
127 199 1
128 129 1
128 133 1
128 136 1
128 138 1
128 139 1
128 140 1
128 142 1
128 143 1
128 144 1
128 145 1
128 146 1
128 147 1
128 150 1
128 154 1
128 155 1
128 156 1
128 158 1
128 159 1
128 160 1
128 161 1
128 165 1
128 167 1
128 169 1
128 171 1
128 172 1
128 179 1
128 180 1
128 181 1
128 185 1
128 186 1
128 187 1
128 190 1
128 192 1
128 195 1
128 196 1
128 197 1
128 198 1
128 200 1
129 136 1
129 137 1
129 138 1
129 139 1
129 140 1
129 143 1
129 145 1
129 146 1
129 149 1
129 150 1
129 153 1
129 158 1
129 159 1
129 160 1
129 164 1
129 168 1
129 174 1
129 176 1
129 178 1
129 180 1
129 181 1
129 185 1
129 186 1
129 187 1
129 188 1
129 190 1
129 191 1
129 192 1
129 196 1
129 200 1
130 131 1
130 132 1
130 138 1
130 141 1
130 142 1
130 144 1
130 147 1
130 148 1
130 149 1
130 151 1
130 153 1
130 156 1
130 157 1
130 158 1
130 160 1
130 163 1
130 165 1
130 166 1
130 168 1
130 169 1
130 170 1
130 177 1
130 181 1
130 182 1
130 183 1
130 185 1
130 187 1
130 188 1
130 189 1
130 194 1
130 195 1
130 196 1
130 197 1
130 198 1
130 199 1
130 200 1
131 133 1
131 136 1
131 137 1
131 139 1
131 140 1
131 141 1
131 143 1
131 144 1
131 145 1
131 147 1
131 150 1
131 152 1
131 154 1
131 156 1
131 158 1
131 159 1
131 160 1
131 161 1
131 162 1
131 163 1
131 165 1
131 166 1
131 167 1
131 168 1
131 173 1
131 176 1
131 177 1
131 178 1
131 179 1
131 180 1
131 183 1
131 186 1
131 190 1
131 194 1
131 195 1
131 196 1
132 133 1
132 134 1
132 135 1
132 137 1
132 138 1
132 139 1
132 140 1
132 144 1
132 146 1
132 148 1
132 149 1
132 150 1
132 152 1
132 154 1
132 155 1
132 156 1
132 160 1
132 162 1
132 163 1
132 165 1
132 166 1
132 169 1
132 170 1
132 171 1
132 177 1
132 178 1
132 179 1
132 180 1
132 186 1
132 188 1
132 190 1
132 193 1
132 195 1
132 196 1
133 136 1
133 137 1
133 141 1
133 142 1
133 144 1
133 147 1
133 149 1
133 150 1
133 153 1
133 155 1
133 156 1
133 158 1
133 163 1
133 164 1
133 165 1
133 166 1
133 169 1
133 173 1
133 174 1
133 175 1
133 176 1
133 178 1
133 180 1
133 181 1
133 182 1
133 183 1
133 184 1
133 186 1
133 188 1
133 190 1
133 191 1
133 192 1
133 194 1
133 196 1
133 200 1
134 135 1
134 136 1
134 137 1
134 138 1
134 140 1
134 142 1
134 143 1
134 144 1
134 145 1
134 146 1
134 150 1
134 151 1
134 155 1
134 157 1
134 159 1
134 160 1
134 161 1
134 164 1
134 166 1
134 167 1
134 168 1
134 170 1
134 171 1
134 172 1
134 174 1
134 176 1
134 179 1
134 180 1
134 181 1
134 183 1
134 184 1
134 187 1
134 189 1
134 190 1
134 192 1
134 197 1
134 199 1
135 142 1
135 144 1
135 147 1
135 148 1
135 154 1
135 155 1
135 156 1
135 157 1
135 160 1
135 161 1
135 162 1
135 165 1
135 166 1
135 167 1
135 168 1
135 169 1
135 172 1
135 173 1
135 178 1
135 179 1
135 180 1
135 184 1
135 185 1
135 186 1
135 189 1
135 190 1
135 192 1
135 193 1
135 194 1
135 195 1
135 196 1
135 197 1
135 200 1
136 140 1
136 141 1
136 142 1
136 144 1
136 145 1
136 146 1
136 150 1
136 154 1
136 156 1
136 157 1
136 163 1
136 164 1
136 165 1
136 167 1
136 169 1
136 170 1
136 179 1
136 180 1
136 182 1
136 184 1
136 185 1
136 186 1
136 187 1
136 191 1
136 194 1
136 195 1
136 199 1
137 140 1
137 144 1
137 145 1
137 147 1
137 149 1
137 151 1
137 152 1
137 154 1
137 155 1
137 159 1
137 160 1
137 162 1
137 163 1
137 164 1
137 167 1
137 169 1
137 173 1
137 174 1
137 175 1
137 176 1
137 178 1
137 179 1
137 180 1
137 181 1
137 183 1
137 184 1
137 188 1
137 189 1
137 191 1
137 192 1
137 193 1
137 196 1
137 197 1
138 142 1
138 144 1
138 146 1
138 150 1
138 153 1
138 157 1
138 158 1
138 160 1
138 162 1
138 166 1
138 167 1
138 169 1
138 170 1
138 171 1
138 172 1
138 174 1
138 175 1
138 176 1
138 177 1
138 178 1
138 180 1
138 181 1
138 184 1
138 186 1
138 189 1
138 191 1
138 192 1
138 193 1
138 194 1
138 196 1
138 197 1
138 198 1
138 200 1
139 140 1
139 141 1
139 142 1
139 143 1
139 148 1
139 150 1
139 152 1
139 155 1
139 156 1
139 158 1
139 160 1
139 161 1
139 164 1
139 167 1
139 170 1
139 173 1
139 176 1
139 177 1
139 178 1
139 180 1
139 181 1
139 183 1
139 185 1
139 187 1
139 188 1
139 190 1
139 191 1
139 193 1
139 195 1
139 197 1
139 198 1
139 200 1
140 142 1
140 143 1
140 144 1
140 145 1
140 146 1
140 147 1
140 150 1
140 151 1
140 154 1
140 155 1
140 156 1
140 158 1
140 162 1
140 163 1
140 165 1
140 168 1
140 169 1
140 170 1
140 171 1
140 173 1
140 174 1
140 177 1
140 178 1
140 179 1
140 180 1
140 181 1
140 182 1
140 183 1
140 184 1
140 185 1
140 188 1
140 189 1
140 191 1
140 192 1
140 193 1
140 194 1
140 196 1
140 197 1
140 199 1
140 200 1
141 144 1
141 145 1
141 146 1
141 150 1
141 151 1
141 152 1
141 156 1
141 157 1
141 158 1
141 161 1
141 162 1
141 163 1
141 165 1
141 166 1
141 167 1
141 168 1
141 170 1
141 171 1
141 174 1
141 175 1
141 177 1
141 181 1
141 182 1
141 183 1
141 184 1
141 185 1
141 188 1
141 191 1
141 193 1
141 194 1
141 196 1
141 198 1
142 143 1
142 144 1
142 145 1
142 149 1
142 150 1
142 151 1
142 152 1
142 153 1
142 155 1
142 157 1
142 159 1
142 160 1
142 161 1
142 165 1
142 166 1
142 167 1
142 169 1
142 172 1
142 175 1
142 176 1
142 177 1
142 180 1
142 181 1
142 182 1
142 183 1
142 189 1
142 190 1
142 192 1
142 193 1
142 197 1
142 198 1
142 199 1
142 200 1
143 145 1
143 146 1
143 148 1
143 149 1
143 152 1
143 157 1
143 159 1
143 160 1
143 162 1
143 163 1
143 166 1
143 167 1
143 168 1
143 169 1
143 172 1
143 173 1
143 174 1
143 175 1
143 178 1
143 179 1
143 180 1
143 181 1
143 182 1
143 183 1
143 184 1
143 191 1
143 192 1
143 194 1
143 196 1
143 197 1
143 199 1
144 145 1
144 148 1
144 150 1
144 153 1
144 156 1
144 158 1
144 159 1
144 160 1
144 161 1
144 163 1
144 164 1
144 165 1
144 170 1
144 171 1
144 172 1
144 174 1
144 178 1
144 183 1
144 184 1
144 186 1
144 189 1
144 190 1
144 192 1
144 193 1
144 199 1
145 148 1
145 153 1
145 154 1
145 159 1
145 161 1
145 162 1
145 165 1
145 168 1
145 169 1
145 171 1
145 174 1
145 176 1
145 177 1
145 180 1
145 181 1
145 185 1
145 186 1
145 187 1
145 188 1
145 189 1
145 191 1
145 193 1
145 194 1
145 199 1
145 200 1
146 147 1
146 152 1
146 155 1
146 156 1
146 158 1
146 161 1
146 162 1
146 163 1
146 164 1
146 166 1
146 168 1
146 171 1
146 173 1
146 175 1
146 177 1
146 183 1
146 184 1
146 185 1
146 186 1
146 188 1
146 189 1
146 196 1
146 197 1
146 198 1
146 199 1
146 200 1
147 148 1
147 150 1
147 151 1
147 153 1
147 154 1
147 158 1
147 159 1
147 163 1
147 165 1
147 166 1
147 168 1
147 170 1
147 174 1
147 176 1
147 177 1
147 178 1
147 179 1
147 182 1
147 183 1
147 189 1
147 192 1
147 193 1
147 194 1
147 197 1
147 199 1
148 149 1
148 151 1
148 152 1
148 153 1
148 154 1
148 156 1
148 159 1
148 160 1
148 161 1
148 162 1
148 163 1
148 166 1
148 167 1
148 169 1
148 170 1
148 172 1
148 173 1
148 174 1
148 175 1
148 176 1
148 185 1
148 186 1
148 191 1
148 193 1
148 196 1
149 150 1
149 151 1
149 152 1
149 153 1
149 156 1
149 157 1
149 160 1
149 162 1
149 163 1
149 164 1
149 166 1
149 172 1
149 174 1
149 175 1
149 177 1
149 178 1
149 180 1
149 181 1
149 185 1
149 187 1
149 188 1
149 189 1
149 190 1
149 191 1
149 194 1
149 195 1
149 196 1
150 152 1
150 153 1
150 156 1
150 157 1
150 158 1
150 160 1
150 162 1
150 164 1
150 165 1
150 177 1
150 178 1
150 179 1
150 182 1
150 184 1
150 191 1
150 193 1
150 194 1
150 195 1
150 199 1
151 152 1
151 155 1
151 156 1
151 158 1
151 161 1
151 162 1
151 163 1
151 165 1
151 166 1
151 167 1
151 168 1
151 169 1
151 171 1
151 175 1
151 177 1
151 179 1
151 183 1
151 184 1
151 185 1
151 188 1
151 189 1
151 191 1
151 193 1
151 195 1
151 199 1
151 200 1
152 153 1
152 156 1
152 157 1
152 158 1
152 160 1
152 163 1
152 164 1
152 165 1
152 166 1
152 169 1
152 171 1
152 177 1
152 179 1
152 180 1
152 183 1
152 187 1
152 188 1
152 189 1
152 192 1
152 193 1
152 195 1
152 196 1
152 198 1
152 199 1
153 154 1
153 156 1
153 158 1
153 159 1
153 160 1
153 163 1
153 166 1
153 169 1
153 171 1
153 172 1
153 173 1
153 174 1
153 175 1
153 176 1
153 179 1
153 182 1
153 183 1
153 185 1
153 186 1
153 189 1
153 191 1
153 192 1
153 193 1
153 199 1
153 200 1
154 155 1
154 156 1
154 160 1
154 161 1
154 165 1
154 166 1
154 168 1
154 169 1
154 170 1
154 172 1
154 173 1
154 177 1
154 178 1
154 179 1
154 181 1
154 185 1
154 190 1
154 191 1
154 192 1
154 194 1
154 196 1
154 197 1
154 198 1
155 157 1
155 159 1
155 160 1
155 161 1
155 163 1
155 166 1
155 167 1
155 169 1
155 171 1
155 173 1
155 176 1
155 177 1
155 178 1
155 179 1
155 184 1
155 185 1
155 188 1
155 190 1
155 192 1
155 194 1
155 195 1
155 196 1
155 198 1
155 200 1
156 160 1
156 161 1
156 162 1
156 163 1
156 164 1
156 168 1
156 169 1
156 171 1
156 172 1
156 173 1
156 174 1
156 181 1
156 186 1
156 187 1
156 190 1
156 193 1
156 195 1
156 197 1
156 198 1
156 200 1
157 158 1
157 161 1
157 164 1
157 165 1
157 168 1
157 169 1
157 173 1
157 174 1
157 175 1
157 176 1
157 177 1
157 178 1
157 180 1
157 181 1
157 182 1
157 184 1
157 185 1
157 186 1
157 187 1
157 188 1
157 189 1
157 191 1
157 193 1
157 194 1
157 196 1
157 200 1
158 160 1
158 162 1
158 163 1
158 164 1
158 167 1
158 168 1
158 170 1
158 171 1
158 178 1
158 182 1
158 184 1
158 186 1
158 187 1
158 188 1
158 190 1
158 192 1
158 193 1
158 194 1
158 195 1
158 197 1
158 198 1
158 199 1
158 200 1
159 162 1
159 166 1
159 168 1
159 169 1
159 173 1
159 174 1
159 175 1
159 176 1
159 177 1
159 180 1
159 182 1
159 183 1
159 184 1
159 188 1
159 194 1
159 196 1
159 198 1
159 200 1
160 163 1
160 164 1
160 168 1
160 170 1
160 171 1
160 172 1
160 173 1
160 174 1
160 175 1
160 177 1
160 178 1
160 179 1
160 180 1
160 182 1
160 183 1
160 190 1
160 191 1
160 197 1
160 198 1
161 162 1
161 163 1
161 164 1
161 166 1
161 167 1
161 174 1
161 175 1
161 176 1
161 177 1
161 179 1
161 182 1
161 184 1
161 187 1
161 191 1
161 192 1
161 193 1
161 196 1
161 199 1
162 163 1
162 165 1
162 168 1
162 169 1
162 170 1
162 171 1
162 173 1
162 177 1
162 179 1
162 180 1
162 181 1
162 182 1
162 183 1
162 187 1
162 188 1
162 191 1
162 192 1
162 194 1
162 196 1
162 197 1
162 198 1
162 199 1
162 200 1
163 165 1
163 166 1
163 168 1
163 169 1
163 170 1
163 172 1
163 175 1
163 177 1
163 178 1
163 181 1
163 187 1
163 188 1
163 191 1
163 196 1
163 197 1
163 198 1
164 167 1
164 169 1
164 171 1
164 172 1
164 176 1
164 178 1
164 182 1
164 183 1
164 187 1
164 188 1
164 189 1
164 191 1
164 193 1
164 196 1
164 198 1
164 199 1
165 167 1
165 173 1
165 174 1
165 175 1
165 177 1
165 180 1
165 183 1
165 184 1
165 185 1
165 187 1
165 190 1
165 191 1
165 193 1
165 194 1
165 199 1
166 168 1
166 171 1
166 174 1
166 175 1
166 176 1
166 177 1
166 182 1
166 184 1
166 186 1
166 187 1
166 189 1
166 190 1
166 192 1
166 196 1
167 168 1
167 171 1
167 172 1
167 174 1
167 176 1
167 179 1
167 180 1
167 186 1
167 187 1
167 188 1
167 191 1
167 192 1
167 195 1
167 197 1
167 198 1
167 199 1
167 200 1
168 169 1
168 172 1
168 173 1
168 174 1
168 176 1
168 178 1
168 182 1
168 184 1
168 185 1
168 187 1
168 188 1
168 193 1
168 194 1
168 195 1
168 196 1
168 199 1
169 174 1
169 178 1
169 180 1
169 182 1
169 183 1
169 184 1
169 185 1
169 188 1
169 195 1
169 196 1
169 197 1
169 199 1
170 173 1
170 174 1
170 175 1
170 176 1
170 178 1
170 180 1
170 184 1
170 185 1
170 187 1
170 188 1
170 193 1
170 195 1
170 199 1
171 172 1
171 175 1
171 176 1
171 177 1
171 178 1
171 179 1
171 181 1
171 182 1
171 187 1
171 189 1
171 190 1
171 197 1
172 173 1
172 174 1
172 176 1
172 177 1
172 180 1
172 181 1
172 184 1
172 190 1
172 192 1
172 193 1
172 194 1
172 195 1
172 196 1
172 197 1
173 174 1
173 179 1
173 183 1
173 185 1
173 186 1
173 187 1
173 188 1
173 190 1
173 196 1
173 198 1
173 199 1
173 200 1
174 178 1
174 179 1
174 180 1
174 181 1
174 183 1
174 186 1
174 187 1
174 188 1
174 191 1
174 192 1
174 193 1
174 195 1
174 198 1
174 199 1
175 176 1
175 178 1
175 179 1
175 180 1
175 181 1
175 182 1
175 183 1
175 185 1
175 187 1
175 188 1
175 192 1
175 195 1
175 196 1
175 198 1
175 200 1
176 178 1
176 179 1
176 182 1
176 184 1
176 186 1
176 189 1
176 190 1
176 191 1
176 192 1
176 196 1
176 197 1
176 199 1
177 179 1
177 182 1
177 188 1
177 189 1
177 192 1
177 193 1
177 195 1
177 197 1
177 198 1
177 199 1
178 185 1
178 188 1
178 189 1
178 191 1
178 192 1
178 194 1
178 198 1
179 180 1
179 181 1
179 182 1
179 184 1
179 185 1
179 186 1
179 187 1
179 188 1
179 192 1
179 193 1
179 194 1
179 195 1
179 196 1
179 200 1
180 181 1
180 182 1
180 183 1
180 184 1
180 187 1
180 188 1
180 189 1
180 191 1
180 192 1
180 193 1
180 194 1
180 199 1
181 183 1
181 186 1
181 188 1
181 189 1
181 190 1
181 192 1
181 194 1
181 198 1
181 199 1
182 185 1
182 187 1
182 189 1
182 190 1
182 193 1
182 194 1
182 199 1
183 184 1
183 185 1
183 193 1
183 197 1
184 185 1
184 189 1
184 190 1
184 191 1
184 193 1
184 196 1
184 197 1
185 187 1
185 188 1
185 189 1
185 191 1
185 193 1
185 195 1
186 187 1
186 190 1
186 191 1
186 194 1
186 195 1
186 196 1
186 197 1
186 198 1
186 199 1
187 188 1
187 191 1
187 192 1
187 193 1
187 196 1
187 199 1
187 200 1
188 189 1
188 190 1
188 191 1
188 193 1
188 195 1
188 196 1
189 190 1
189 192 1
189 193 1
189 196 1
189 198 1
189 200 1
190 193 1
190 195 1
190 196 1
190 197 1
190 198 1
190 199 1
190 200 1
191 192 1
191 193 1
191 196 1
191 198 1
191 199 1
192 194 1
192 199 1
193 194 1
193 195 1
193 196 1
193 197 1
193 198 1
193 199 1
194 195 1
194 196 1
194 197 1
194 198 1
194 199 1
195 198 1
195 199 1
196 197 1
196 198 1
197 200 1
198 200 1
199 200 1
