200 7852
1 2 1
1 3 1
1 4 1
1 6 1
1 15 1
1 18 1
1 21 1
1 22 1
1 23 1
1 24 1
1 26 1
1 27 1
1 31 1
1 33 1
1 36 1
1 37 1
1 39 1
1 42 1
1 46 1
1 47 1
1 48 1
1 50 1
1 53 1
1 54 1
1 56 1
1 61 1
1 67 1
1 71 1
1 75 1
1 77 1
1 78 1
1 82 1
1 83 1
1 84 1
1 86 1
1 90 1
1 93 1
1 95 1
1 97 1
1 99 1
1 107 1
1 108 1
1 110 1
1 121 1
1 122 1
1 123 1
1 130 1
1 131 1
1 132 1
1 133 1
1 135 1
1 137 1
1 140 1
1 141 1
1 142 1
1 143 1
1 145 1
1 146 1
1 147 1
1 151 1
1 152 1
1 154 1
1 156 1
1 157 1
1 158 1
1 159 1
1 161 1
1 162 1
1 164 1
1 170 1
1 172 1
1 178 1
1 181 1
1 183 1
1 185 1
1 187 1
1 190 1
1 191 1
1 193 1
1 195 1
1 196 1
1 199 1
1 200 1
2 4 1
2 5 1
2 8 1
2 11 1
2 14 1
2 16 1
2 19 1
2 21 1
2 27 1
2 28 1
2 32 1
2 36 1
2 37 1
2 38 1
2 39 1
2 40 1
2 41 1
2 42 1
2 46 1
2 47 1
2 50 1
2 52 1
2 53 1
2 56 1
2 57 1
2 59 1
2 60 1
2 63 1
2 68 1
2 70 1
2 71 1
2 72 1
2 74 1
2 79 1
2 80 1
2 83 1
2 85 1
2 87 1
2 88 1
2 89 1
2 92 1
2 93 1
2 95 1
2 97 1
2 99 1
2 101 1
2 108 1
2 111 1
2 112 1
2 115 1
2 118 1
2 121 1
2 124 1
2 127 1
2 130 1
2 131 1
2 132 1
2 133 1
2 135 1
2 137 1
2 147 1
2 148 1
2 150 1
2 152 1
2 154 1
2 157 1
2 158 1
2 159 1
2 160 1
2 162 1
2 163 1
2 165 1
2 167 1
2 169 1
2 170 1
2 174 1
2 175 1
2 177 1
2 178 1
2 180 1
2 182 1
2 185 1
2 186 1
2 187 1
2 189 1
2 192 1
2 193 1
2 199 1
2 200 1
3 7 1
3 8 1
3 9 1
3 10 1
3 14 1
3 15 1
3 18 1
3 20 1
3 21 1
3 23 1
3 26 1
3 27 1
3 31 1
3 37 1
3 41 1
3 42 1
3 43 1
3 47 1
3 48 1
3 49 1
3 52 1
3 54 1
3 60 1
3 63 1
3 66 1
3 69 1
3 72 1
3 74 1
3 76 1
3 77 1
3 78 1
3 87 1
3 90 1
3 91 1
3 92 1
3 95 1
3 96 1
3 97 1
3 98 1
3 99 1
3 103 1
3 104 1
3 110 1
3 111 1
3 113 1
3 115 1
3 118 1
3 119 1
3 122 1
3 126 1
3 129 1
3 132 1
3 135 1
3 136 1
3 139 1
3 141 1
3 142 1
3 143 1
3 147 1
3 148 1
3 151 1
3 152 1
3 154 1
3 157 1
3 158 1
3 160 1
3 161 1
3 163 1
3 171 1
3 172 1
3 173 1
3 174 1
3 175 1
3 178 1
3 179 1
3 180 1
3 187 1
3 188 1
3 191 1
3 195 1
4 12 1
4 13 1
4 14 1
4 18 1
4 26 1
4 27 1
4 28 1
4 29 1
4 31 1
4 32 1
4 37 1
4 45 1
4 47 1
4 50 1
4 57 1
4 59 1
4 60 1
4 61 1
4 64 1
4 65 1
4 66 1
4 67 1
4 69 1
4 70 1
4 76 1
4 77 1
4 84 1
4 87 1
4 88 1
4 89 1
4 91 1
4 95 1
4 97 1
4 99 1
4 103 1
4 107 1
4 109 1
4 110 1
4 118 1
4 120 1
4 123 1
4 125 1
4 131 1
4 133 1
4 134 1
4 135 1
4 136 1
4 137 1
4 143 1
4 144 1
4 146 1
4 149 1
4 150 1
4 151 1
4 154 1
4 157 1
4 158 1
4 159 1
4 161 1
4 163 1
4 168 1
4 170 1
4 172 1
4 174 1
4 175 1
4 176 1
4 180 1
4 181 1
4 184 1
4 188 1
4 189 1
4 193 1
4 195 1
4 200 1
5 7 1
5 8 1
5 13 1
5 18 1
5 20 1
5 25 1
5 26 1
5 30 1
5 31 1
5 33 1
5 34 1
5 35 1
5 39 1
5 40 1
5 42 1
5 43 1
5 45 1
5 48 1
5 49 1
5 50 1
5 53 1
5 56 1
5 61 1
5 64 1
5 67 1
5 69 1
5 82 1
5 85 1
5 87 1
5 91 1
5 92 1
5 94 1
5 97 1
5 98 1
5 100 1
5 101 1
5 102 1
5 103 1
5 104 1
5 106 1
5 107 1
5 109 1
5 110 1
5 112 1
5 113 1
5 118 1
5 123 1
5 130 1
5 133 1
5 134 1
5 136 1
5 137 1
5 142 1
5 143 1
5 144 1
5 145 1
5 148 1
5 157 1
5 159 1
5 160 1
5 162 1
5 163 1
5 167 1
5 170 1
5 171 1
5 172 1
5 174 1
5 175 1
5 176 1
5 177 1
5 183 1
5 185 1
5 186 1
5 188 1
5 190 1
5 196 1
5 198 1
6 8 1
6 10 1
6 12 1
6 13 1
6 15 1
6 16 1
6 17 1
6 19 1
6 23 1
6 27 1
6 28 1
6 30 1
6 34 1
6 35 1
6 37 1
6 38 1
6 40 1
6 42 1
6 44 1
6 46 1
6 48 1
6 50 1
6 51 1
6 57 1
6 58 1
6 60 1
6 61 1
6 62 1
6 64 1
6 69 1
6 74 1
6 76 1
6 82 1
6 84 1
6 87 1
6 88 1
6 90 1
6 93 1
6 97 1
6 102 1
6 106 1
6 107 1
6 108 1
6 111 1
6 112 1
6 113 1
6 115 1
6 121 1
6 122 1
6 123 1
6 126 1
6 128 1
6 129 1
6 131 1
6 133 1
6 137 1
6 138 1
6 139 1
6 145 1
6 146 1
6 149 1
6 150 1
6 156 1
6 157 1
6 158 1
6 165 1
6 166 1
6 168 1
6 169 1
6 170 1
6 172 1
6 173 1
6 176 1
6 177 1
6 179 1
6 181 1
6 182 1
6 183 1
6 184 1
6 185 1
6 193 1
6 196 1
6 197 1
6 199 1
7 11 1
7 12 1
7 18 1
7 21 1
7 22 1
7 28 1
7 31 1
7 37 1
7 39 1
7 41 1
7 42 1
7 43 1
7 47 1
7 59 1
7 62 1
7 67 1
7 70 1
7 74 1
7 81 1
7 84 1
7 85 1
7 88 1
7 93 1
7 95 1
7 97 1
7 100 1
7 105 1
7 108 1
7 109 1
7 110 1
7 111 1
7 114 1
7 117 1
7 118 1
7 119 1
7 120 1
7 123 1
7 124 1
7 128 1
7 130 1
7 135 1
7 136 1
7 137 1
7 139 1
7 140 1
7 141 1
7 142 1
7 147 1
7 154 1
7 158 1
7 164 1
7 166 1
7 168 1
7 170 1
7 172 1
7 176 1
7 177 1
7 178 1
7 180 1
7 181 1
7 186 1
7 189 1
7 190 1
7 195 1
7 198 1
8 9 1
8 10 1
8 11 1
8 13 1
8 14 1
8 18 1
8 19 1
8 21 1
8 26 1
8 28 1
8 29 1
8 30 1
8 31 1
8 33 1
8 35 1
8 40 1
8 41 1
8 42 1
8 45 1
8 48 1
8 49 1
8 50 1
8 51 1
8 56 1
8 62 1
8 65 1
8 70 1
8 71 1
8 74 1
8 79 1
8 80 1
8 83 1
8 85 1
8 89 1
8 90 1
8 95 1
8 96 1
8 97 1
8 98 1
8 99 1
8 105 1
8 107 1
8 108 1
8 111 1
8 112 1
8 113 1
8 116 1
8 118 1
8 119 1
8 120 1
8 121 1
8 122 1
8 126 1
8 127 1
8 129 1
8 132 1
8 134 1
8 135 1
8 138 1
8 141 1
8 143 1
8 146 1
8 152 1
8 153 1
8 155 1
8 156 1
8 157 1
8 158 1
8 160 1
8 161 1
8 164 1
8 166 1
8 168 1
8 169 1
8 170 1
8 171 1
8 172 1
8 173 1
8 174 1
8 175 1
8 177 1
8 178 1
8 181 1
8 183 1
8 186 1
8 187 1
8 188 1
8 189 1
8 194 1
8 197 1
9 10 1
9 11 1
9 13 1
9 18 1
9 22 1
9 24 1
9 30 1
9 34 1
9 37 1
9 38 1
9 44 1
9 50 1
9 51 1
9 54 1
9 61 1
9 65 1
9 66 1
9 67 1
9 68 1
9 70 1
9 72 1
9 73 1
9 76 1
9 79 1
9 81 1
9 82 1
9 84 1
9 85 1
9 87 1
9 89 1
9 98 1
9 100 1
9 101 1
9 104 1
9 105 1
9 106 1
9 107 1
9 108 1
9 110 1
9 111 1
9 112 1
9 114 1
9 116 1
9 117 1
9 118 1
9 120 1
9 121 1
9 128 1
9 131 1
9 132 1
9 133 1
9 137 1
9 138 1
9 140 1
9 143 1
9 146 1
9 147 1
9 158 1
9 163 1
9 166 1
9 167 1
9 172 1
9 175 1
9 177 1
9 183 1
9 184 1
9 187 1
9 188 1
9 194 1
9 198 1
10 13 1
10 16 1
10 17 1
10 19 1
10 20 1
10 21 1
10 24 1
10 29 1
10 30 1
10 31 1
10 33 1
10 37 1
10 38 1
10 40 1
10 41 1
10 42 1
10 43 1
10 47 1
10 48 1
10 58 1
10 63 1
10 66 1
10 70 1
10 72 1
10 75 1
10 78 1
10 80 1
10 81 1
10 82 1
10 85 1
10 87 1
10 89 1
10 91 1
10 94 1
10 96 1
10 97 1
10 99 1
10 101 1
10 102 1
10 103 1
10 104 1
10 106 1
10 108 1
10 115 1
10 116 1
10 117 1
10 118 1
10 122 1
10 123 1
10 125 1
10 128 1
10 131 1
10 133 1
10 137 1
10 139 1
10 143 1
10 149 1
10 152 1
10 153 1
10 156 1
10 157 1
10 159 1
10 163 1
10 164 1
10 169 1
10 172 1
10 177 1
10 178 1
10 185 1
10 186 1
10 190 1
10 193 1
10 197 1
11 13 1
11 15 1
11 17 1
11 19 1
11 20 1
11 23 1
11 30 1
11 32 1
11 34 1
11 40 1
11 44 1
11 48 1
11 51 1
11 53 1
11 55 1
11 58 1
11 60 1
11 62 1
11 68 1
11 70 1
11 72 1
11 77 1
11 78 1
11 79 1
11 82 1
11 83 1
11 87 1
11 89 1
11 90 1
11 93 1
11 94 1
11 97 1
11 98 1
11 100 1
11 103 1
11 106 1
11 107 1
11 109 1
11 113 1
11 115 1
11 128 1
11 129 1
11 130 1
11 132 1
11 134 1
11 135 1
11 138 1
11 144 1
11 147 1
11 153 1
11 159 1
11 165 1
11 168 1
11 170 1
11 172 1
11 173 1
11 178 1
11 182 1
11 183 1
11 188 1
11 191 1
11 193 1
11 194 1
11 198 1
12 13 1
12 16 1
12 17 1
12 19 1
12 21 1
12 26 1
12 27 1
12 30 1
12 31 1
12 32 1
12 34 1
12 40 1
12 42 1
12 44 1
12 45 1
12 50 1
12 59 1
12 61 1
12 62 1
12 64 1
12 68 1
12 71 1
12 72 1
12 73 1
12 74 1
12 81 1
12 83 1
12 85 1
12 86 1
12 88 1
12 89 1
12 90 1
12 91 1
12 92 1
12 93 1
12 96 1
12 100 1
12 105 1
12 106 1
12 111 1
12 112 1
12 114 1
12 116 1
12 117 1
12 120 1
12 122 1
12 124 1
12 126 1
12 127 1
12 134 1
12 136 1
12 138 1
12 139 1
12 145 1
12 149 1
12 150 1
12 152 1
12 154 1
12 161 1
12 163 1
12 166 1
12 167 1
12 169 1
12 170 1
12 172 1
12 175 1
12 176 1
12 177 1
12 181 1
12 182 1
12 183 1
12 185 1
12 190 1
12 191 1
12 192 1
12 196 1
12 199 1
12 200 1
13 14 1
13 15 1
13 19 1
13 20 1
13 21 1
13 23 1
13 24 1
13 32 1
13 38 1
13 40 1
13 42 1
13 45 1
13 46 1
13 49 1
13 55 1
13 57 1
13 58 1
13 59 1
13 60 1
13 61 1
13 62 1
13 63 1
13 64 1
13 65 1
13 75 1
13 76 1
13 79 1
13 82 1
13 83 1
13 84 1
13 85 1
13 86 1
13 88 1
13 90 1
13 93 1
13 95 1
13 96 1
13 97 1
13 99 1
13 102 1
13 106 1
13 107 1
13 113 1
13 114 1
13 115 1
13 118 1
13 119 1
13 121 1
13 122 1
13 123 1
13 125 1
13 126 1
13 129 1
13 132 1
13 136 1
13 143 1
13 144 1
13 146 1
13 147 1
13 151 1
13 153 1
13 154 1
13 155 1
13 156 1
13 157 1
13 160 1
13 163 1
13 167 1
13 169 1
13 170 1
13 171 1
13 174 1
13 175 1
13 177 1
13 182 1
13 183 1
13 191 1
13 193 1
13 196 1
13 199 1
14 16 1
14 17 1
14 20 1
14 29 1
14 33 1
14 34 1
14 35 1
14 37 1
14 38 1
14 43 1
14 44 1
14 45 1
14 47 1
14 48 1
14 49 1
14 50 1
14 53 1
14 54 1
14 55 1
14 56 1
14 57 1
14 58 1
14 59 1
14 60 1
14 61 1
14 63 1
14 65 1
14 71 1
14 74 1
14 76 1
14 85 1
14 86 1
14 87 1
14 91 1
14 96 1
14 97 1
14 98 1
14 99 1
14 101 1
14 105 1
14 107 1
14 108 1
14 113 1
14 116 1
14 120 1
14 122 1
14 126 1
14 127 1
14 128 1
14 132 1
14 133 1
14 135 1
14 138 1
14 140 1
14 141 1
14 142 1
14 145 1
14 148 1
14 149 1
14 151 1
14 152 1
14 153 1
14 155 1
14 166 1
14 170 1
14 174 1
14 176 1
14 178 1
14 179 1
14 183 1
14 186 1
14 190 1
14 191 1
14 193 1
14 195 1
14 197 1
14 198 1
14 199 1
15 16 1
15 22 1
15 23 1
15 24 1
15 25 1
15 26 1
15 28 1
15 30 1
15 37 1
15 38 1
15 42 1
15 44 1
15 47 1
15 51 1
15 54 1
15 58 1
15 59 1
15 62 1
15 63 1
15 65 1
15 70 1
15 74 1
15 76 1
15 78 1
15 79 1
15 82 1
15 83 1
15 84 1
15 85 1
15 87 1
15 89 1
15 90 1
15 94 1
15 96 1
15 99 1
15 100 1
15 101 1
15 102 1
15 103 1
15 104 1
15 110 1
15 115 1
15 118 1
15 120 1
15 121 1
15 123 1
15 128 1
15 130 1
15 135 1
15 138 1
15 139 1
15 141 1
15 147 1
15 148 1
15 151 1
15 155 1
15 159 1
15 160 1
15 161 1
15 163 1
15 164 1
15 169 1
15 171 1
15 173 1
15 175 1
15 177 1
15 179 1
15 181 1
15 185 1
15 188 1
15 190 1
15 191 1
15 198 1
15 199 1
15 200 1
16 17 1
16 20 1
16 23 1
16 24 1
16 26 1
16 28 1
16 30 1
16 33 1
16 35 1
16 36 1
16 37 1
16 38 1
16 39 1
16 40 1
16 43 1
16 44 1
16 47 1
16 48 1
16 49 1
16 53 1
16 59 1
16 60 1
16 66 1
16 67 1
16 72 1
16 78 1
16 80 1
16 84 1
16 94 1
16 96 1
16 99 1
16 104 1
16 107 1
16 110 1
16 112 1
16 113 1
16 117 1
16 118 1
16 119 1
16 120 1
16 129 1
16 139 1
16 140 1
16 145 1
16 146 1
16 149 1
16 150 1
16 152 1
16 153 1
16 156 1
16 159 1
16 163 1
16 168 1
16 169 1
16 171 1
16 174 1
16 175 1
16 177 1
16 178 1
16 181 1
16 183 1
16 186 1
16 192 1
16 193 1
16 195 1
16 196 1
16 197 1
17 19 1
17 21 1
17 25 1
17 26 1
17 29 1
17 31 1
17 33 1
17 35 1
17 39 1
17 40 1
17 44 1
17 47 1
17 49 1
17 51 1
17 54 1
17 64 1
17 67 1
17 69 1
17 72 1
17 74 1
17 77 1
17 78 1
17 79 1
17 82 1
17 83 1
17 84 1
17 94 1
17 98 1
17 99 1
17 100 1
17 103 1
17 105 1
17 106 1
17 107 1
17 108 1
17 111 1
17 120 1
17 123 1
17 124 1
17 126 1
17 131 1
17 133 1
17 136 1
17 139 1
17 140 1
17 141 1
17 142 1
17 143 1
17 147 1
17 149 1
17 150 1
17 153 1
17 157 1
17 158 1
17 160 1
17 161 1
17 162 1
17 164 1
17 165 1
17 168 1
17 169 1
17 172 1
17 173 1
17 178 1
17 180 1
17 181 1
17 185 1
17 186 1
17 187 1
17 188 1
17 194 1
17 197 1
18 19 1
18 21 1
18 25 1
18 26 1
18 29 1
18 30 1
18 36 1
18 38 1
18 41 1
18 43 1
18 45 1
18 48 1
18 50 1
18 55 1
18 56 1
18 60 1
18 66 1
18 68 1
18 72 1
18 73 1
18 78 1
18 81 1
18 82 1
18 84 1
18 87 1
18 91 1
18 94 1
18 97 1
18 98 1
18 99 1
18 107 1
18 108 1
18 109 1
18 111 1
18 115 1
18 119 1
18 121 1
18 123 1
18 129 1
18 132 1
18 133 1
18 134 1
18 137 1
18 141 1
18 143 1
18 149 1
18 153 1
18 154 1
18 156 1
18 157 1
18 161 1
18 164 1
18 173 1
18 174 1
18 175 1
18 180 1
18 184 1
18 186 1
18 189 1
18 191 1
18 193 1
18 194 1
18 196 1
18 199 1
19 21 1
19 22 1
19 23 1
19 24 1
19 25 1
19 26 1
19 35 1
19 38 1
19 39 1
19 41 1
19 46 1
19 49 1
19 57 1
19 59 1
19 61 1
19 65 1
19 67 1
19 68 1
19 71 1
19 73 1
19 75 1
19 78 1
19 79 1
19 80 1
19 82 1
19 83 1
19 88 1
19 89 1
19 90 1
19 92 1
19 93 1
19 98 1
19 100 1
19 101 1
19 102 1
19 104 1
19 106 1
19 107 1
19 108 1
19 111 1
19 115 1
19 116 1
19 118 1
19 120 1
19 121 1
19 125 1
19 128 1
19 131 1
19 133 1
19 136 1
19 142 1
19 145 1
19 146 1
19 149 1
19 150 1
19 151 1
19 155 1
19 160 1
19 167 1
19 173 1
19 175 1
19 176 1
19 177 1
19 179 1
19 183 1
19 186 1
19 189 1
19 190 1
19 193 1
19 196 1
19 197 1
19 200 1
20 24 1
20 25 1
20 27 1
20 28 1
20 31 1
20 34 1
20 36 1
20 37 1
20 39 1
20 41 1
20 44 1
20 45 1
20 51 1
20 52 1
20 58 1
20 60 1
20 62 1
20 67 1
20 68 1
20 71 1
20 74 1
20 78 1
20 80 1
20 82 1
20 83 1
20 89 1
20 90 1
20 91 1
20 92 1
20 93 1
20 96 1
20 98 1
20 102 1
20 104 1
20 109 1
20 118 1
20 123 1
20 125 1
20 133 1
20 134 1
20 135 1
20 136 1
20 137 1
20 144 1
20 149 1
20 151 1
20 152 1
20 158 1
20 160 1
20 161 1
20 162 1
20 165 1
20 167 1
20 170 1
20 171 1
20 172 1
20 175 1
20 176 1
20 179 1
20 181 1
20 183 1
20 184 1
20 186 1
20 188 1
20 192 1
21 23 1
21 26 1
21 28 1
21 29 1
21 30 1
21 33 1
21 34 1
21 37 1
21 39 1
21 40 1
21 42 1
21 44 1
21 45 1
21 46 1
21 49 1
21 55 1
21 60 1
21 72 1
21 73 1
21 79 1
21 81 1
21 82 1
21 84 1
21 86 1
21 93 1
21 95 1
21 97 1
21 98 1
21 100 1
21 103 1
21 104 1
21 105 1
21 110 1
21 111 1
21 115 1
21 116 1
21 117 1
21 124 1
21 126 1
21 131 1
21 140 1
21 143 1
21 146 1
21 147 1
21 149 1
21 154 1
21 162 1
21 164 1
21 165 1
21 166 1
21 169 1
21 170 1
21 171 1
21 172 1
21 173 1
21 181 1
21 182 1
21 192 1
21 193 1
21 197 1
22 23 1
22 27 1
22 30 1
22 31 1
22 35 1
22 36 1
22 38 1
22 42 1
22 48 1
22 54 1
22 58 1
22 59 1
22 64 1
22 65 1
22 66 1
22 70 1
22 71 1
22 72 1
22 74 1
22 75 1
22 77 1
22 78 1
22 79 1
22 80 1
22 81 1
22 82 1
22 83 1
22 86 1
22 88 1
22 93 1
22 94 1
22 97 1
22 98 1
22 100 1
22 103 1
22 106 1
22 109 1
22 110 1
22 113 1
22 116 1
22 119 1
22 121 1
22 124 1
22 128 1
22 130 1
22 131 1
22 132 1
22 133 1
22 135 1
22 137 1
22 143 1
22 147 1
22 151 1
22 152 1
22 155 1
22 156 1
22 161 1
22 162 1
22 164 1
22 166 1
22 167 1
22 168 1
22 169 1
22 173 1
22 183 1
22 184 1
22 186 1
22 187 1
22 192 1
22 194 1
22 196 1
22 197 1
22 200 1
23 27 1
23 30 1
23 32 1
23 36 1
23 37 1
23 39 1
23 40 1
23 41 1
23 43 1
23 48 1
23 49 1
23 50 1
23 52 1
23 53 1
23 54 1
23 55 1
23 57 1
23 59 1
23 60 1
23 64 1
23 67 1
23 68 1
23 70 1
23 73 1
23 74 1
23 76 1
23 82 1
23 89 1
23 91 1
23 94 1
23 96 1
23 98 1
23 99 1
23 101 1
23 102 1
23 103 1
23 104 1
23 106 1
23 111 1
23 116 1
23 117 1
23 118 1
23 119 1
23 122 1
23 124 1
23 126 1
23 134 1
23 136 1
23 137 1
23 139 1
23 140 1
23 141 1
23 143 1
23 144 1
23 145 1
23 149 1
23 151 1
23 152 1
23 156 1
23 164 1
23 165 1
23 167 1
23 169 1
23 177 1
23 178 1
23 179 1
23 185 1
23 188 1
23 189 1
23 190 1
23 191 1
23 197 1
23 199 1
23 200 1
24 26 1
24 27 1
24 30 1
24 32 1
24 36 1
24 38 1
24 39 1
24 41 1
24 43 1
24 44 1
24 45 1
24 48 1
24 51 1
24 53 1
24 55 1
24 60 1
24 65 1
24 66 1
24 71 1
24 72 1
24 75 1
24 76 1
24 79 1
24 82 1
24 83 1
24 87 1
24 88 1
24 89 1
24 92 1
24 93 1
24 95 1
24 96 1
24 97 1
24 98 1
24 99 1
24 102 1
24 103 1
24 104 1
24 107 1
24 109 1
24 110 1
24 112 1
24 115 1
24 116 1
24 117 1
24 119 1
24 120 1
24 124 1
24 125 1
24 128 1
24 133 1
24 134 1
24 139 1
24 141 1
24 142 1
24 144 1
24 152 1
24 153 1
24 164 1
24 169 1
24 170 1
24 171 1
24 177 1
24 178 1
24 179 1
24 180 1
24 182 1
24 183 1
24 185 1
24 187 1
24 188 1
24 192 1
24 193 1
24 194 1
24 196 1
24 197 1
24 199 1
24 200 1
25 27 1
25 31 1
25 33 1
25 35 1
25 36 1
25 37 1
25 38 1
25 39 1
25 41 1
25 44 1
25 46 1
25 47 1
25 51 1
25 56 1
25 58 1
25 63 1
25 67 1
25 71 1
25 76 1
25 77 1
25 78 1
25 80 1
25 82 1
25 83 1
25 89 1
25 95 1
25 96 1
25 100 1
25 101 1
25 103 1
25 105 1
25 108 1
25 111 1
25 113 1
25 115 1
25 118 1
25 119 1
25 121 1
25 129 1
25 130 1
25 131 1
25 132 1
25 133 1
25 137 1
25 145 1
25 149 1
25 157 1
25 158 1
25 162 1
25 165 1
25 166 1
25 167 1
25 171 1
25 172 1
25 178 1
25 181 1
25 182 1
25 183 1
25 184 1
25 187 1
25 190 1
25 192 1
25 193 1
25 196 1
25 198 1
25 199 1
25 200 1
26 32 1
26 34 1
26 38 1
26 39 1
26 40 1
26 43 1
26 44 1
26 48 1
26 50 1
26 51 1
26 52 1
26 58 1
26 59 1
26 64 1
26 70 1
26 75 1
26 76 1
26 77 1
26 82 1
26 84 1
26 93 1
26 94 1
26 96 1
26 98 1
26 99 1
26 100 1
26 105 1
26 114 1
26 117 1
26 118 1
26 119 1
26 122 1
26 124 1
26 127 1
26 131 1
26 132 1
26 133 1
26 135 1
26 137 1
26 139 1
26 144 1
26 147 1
26 159 1
26 160 1
26 164 1
26 167 1
26 168 1
26 169 1
26 171 1
26 174 1
26 183 1
26 185 1
26 186 1
26 187 1
26 189 1
26 194 1
26 195 1
26 197 1
26 199 1
27 28 1
27 30 1
27 31 1
27 33 1
27 34 1
27 36 1
27 38 1
27 42 1
27 43 1
27 51 1
27 52 1
27 53 1
27 56 1
27 59 1
27 66 1
27 70 1
27 72 1
27 73 1
27 74 1
27 78 1
27 79 1
27 80 1
27 81 1
27 82 1
27 85 1
27 86 1
27 87 1
27 89 1
27 92 1
27 93 1
27 95 1
27 97 1
27 102 1
27 105 1
27 106 1
27 108 1
27 111 1
27 113 1
27 114 1
27 117 1
27 118 1
27 121 1
27 122 1
27 128 1
27 130 1
27 133 1
27 140 1
27 141 1
27 142 1
27 145 1
27 146 1
27 147 1
27 150 1
27 154 1
27 157 1
27 165 1
27 169 1
27 171 1
27 172 1
27 179 1
27 180 1
27 182 1
27 189 1
27 190 1
27 192 1
27 194 1
27 197 1
27 199 1
28 29 1
28 33 1
28 38 1
28 40 1
28 43 1
28 44 1
28 47 1
28 48 1
28 49 1
28 50 1
28 52 1
28 54 1
28 55 1
28 57 1
28 58 1
28 59 1
28 63 1
28 64 1
28 66 1
28 69 1
28 70 1
28 75 1
28 80 1
28 84 1
28 86 1
28 90 1
28 92 1
28 95 1
28 96 1
28 98 1
28 99 1
28 107 1
28 109 1
28 111 1
28 113 1
28 115 1
28 117 1
28 119 1
28 120 1
28 126 1
28 127 1
28 137 1
28 139 1
28 147 1
28 156 1
28 157 1
28 161 1
28 164 1
28 165 1
28 173 1
28 175 1
28 176 1
28 177 1
28 178 1
28 184 1
28 186 1
28 192 1
28 194 1
28 195 1
28 196 1
28 197 1
29 32 1
29 33 1
29 40 1
29 41 1
29 45 1
29 50 1
29 53 1
29 54 1
29 55 1
29 56 1
29 59 1
29 61 1
29 64 1
29 65 1
29 66 1
29 68 1
29 69 1
29 71 1
29 72 1
29 76 1
29 80 1
29 81 1
29 86 1
29 87 1
29 88 1
29 92 1
29 95 1
29 96 1
29 99 1
29 100 1
29 103 1
29 105 1
29 106 1
29 108 1
29 110 1
29 111 1
29 112 1
29 114 1
29 116 1
29 120 1
29 121 1
29 128 1
29 132 1
29 136 1
29 138 1
29 139 1
29 140 1
29 141 1
29 151 1
29 152 1
29 154 1
29 156 1
29 160 1
29 162 1
29 165 1
29 167 1
29 170 1
29 171 1
29 174 1
29 176 1
29 177 1
29 181 1
29 182 1
29 187 1
29 190 1
29 192 1
29 195 1
29 196 1
29 197 1
29 199 1
30 31 1
30 32 1
30 34 1
30 38 1
30 39 1
30 43 1
30 44 1
30 46 1
30 48 1
30 49 1
30 53 1
30 58 1
30 59 1
30 62 1
30 67 1
30 69 1
30 70 1
30 73 1
30 74 1
30 76 1
30 79 1
30 81 1
30 82 1
30 86 1
30 90 1
30 91 1
30 93 1
30 95 1
30 97 1
30 100 1
30 108 1
30 110 1
30 115 1
30 120 1
30 121 1
30 124 1
30 129 1
30 130 1
30 132 1
30 133 1
30 134 1
30 139 1
30 141 1
30 144 1
30 145 1
30 148 1
30 149 1
30 153 1
30 155 1
30 156 1
30 157 1
30 159 1
30 161 1
30 162 1
30 165 1
30 166 1
30 170 1
30 171 1
30 177 1
30 178 1
30 179 1
30 181 1
30 182 1
30 187 1
30 188 1
30 189 1
30 195 1
30 197 1
30 198 1
30 200 1
31 34 1
31 36 1
31 42 1
31 43 1
31 48 1
31 56 1
31 60 1
31 62 1
31 63 1
31 65 1
31 69 1
31 70 1
31 71 1
31 73 1
31 80 1
31 81 1
31 83 1
31 85 1
31 87 1
31 88 1
31 90 1
31 93 1
31 97 1
31 98 1
31 100 1
31 103 1
31 107 1
31 108 1
31 110 1
31 111 1
31 112 1
31 115 1
31 118 1
31 119 1
31 122 1
31 125 1
31 128 1
31 129 1
31 133 1
31 137 1
31 151 1
31 152 1
31 154 1
31 156 1
31 159 1
31 161 1
31 164 1
31 165 1
31 171 1
31 173 1
31 174 1
31 177 1
31 178 1
31 180 1
31 181 1
31 185 1
31 186 1
31 189 1
31 190 1
32 39 1
32 42 1
32 43 1
32 46 1
32 47 1
32 49 1
32 52 1
32 54 1
32 57 1
32 59 1
32 60 1
32 62 1
32 63 1
32 66 1
32 69 1
32 71 1
32 73 1
32 76 1
32 78 1
32 83 1
32 90 1
32 94 1
32 95 1
32 98 1
32 99 1
32 102 1
32 106 1
32 107 1
32 108 1
32 112 1
32 113 1
32 116 1
32 118 1
32 119 1
32 120 1
32 123 1
32 125 1
32 131 1
32 133 1
32 134 1
32 138 1
32 139 1
32 140 1
32 141 1
32 144 1
32 145 1
32 148 1
32 150 1
32 151 1
32 154 1
32 156 1
32 157 1
32 158 1
32 161 1
32 163 1
32 164 1
32 165 1
32 167 1
32 173 1
32 176 1
32 182 1
32 184 1
32 186 1
32 188 1
32 189 1
32 194 1
32 196 1
32 197 1
32 198 1
33 35 1
33 37 1
33 39 1
33 42 1
33 46 1
33 47 1
33 48 1
33 50 1
33 51 1
33 52 1
33 53 1
33 54 1
33 55 1
33 56 1
33 60 1
33 63 1
33 64 1
33 67 1
33 70 1
33 73 1
33 77 1
33 85 1
33 86 1
33 89 1
33 90 1
33 93 1
33 96 1
33 97 1
33 98 1
33 102 1
33 103 1
33 107 1
33 108 1
33 111 1
33 114 1
33 115 1
33 117 1
33 118 1
33 120 1
33 121 1
33 124 1
33 125 1
33 127 1
33 128 1
33 130 1
33 131 1
33 138 1
33 139 1
33 146 1
33 148 1
33 149 1
33 155 1
33 158 1
33 159 1
33 160 1
33 169 1
33 172 1
33 177 1
33 182 1
33 183 1
33 185 1
33 190 1
33 191 1
33 194 1
33 195 1
33 198 1
33 200 1
34 35 1
34 36 1
34 38 1
34 43 1
34 44 1
34 46 1
34 49 1
34 52 1
34 53 1
34 54 1
34 57 1
34 60 1
34 61 1
34 62 1
34 63 1
34 66 1
34 67 1
34 68 1
34 71 1
34 73 1
34 74 1
34 75 1
34 78 1
34 83 1
34 84 1
34 86 1
34 88 1
34 89 1
34 100 1
34 105 1
34 106 1
34 109 1
34 110 1
34 111 1
34 114 1
34 115 1
34 116 1
34 118 1
34 124 1
34 125 1
34 126 1
34 131 1
34 143 1
34 144 1
34 146 1
34 149 1
34 150 1
34 152 1
34 154 1
34 155 1
34 160 1
34 161 1
34 166 1
34 167 1
34 169 1
34 170 1
34 174 1
34 176 1
34 177 1
34 178 1
34 180 1
34 182 1
34 183 1
34 184 1
34 185 1
34 196 1
34 199 1
34 200 1
35 39 1
35 43 1
35 47 1
35 51 1
35 53 1
35 55 1
35 57 1
35 61 1
35 63 1
35 69 1
35 71 1
35 72 1
35 74 1
35 75 1
35 84 1
35 86 1
35 89 1
35 91 1
35 94 1
35 95 1
35 96 1
35 97 1
35 98 1
35 99 1
35 101 1
35 102 1
35 103 1
35 104 1
35 105 1
35 108 1
35 110 1
35 112 1
35 114 1
35 115 1
35 117 1
35 118 1
35 119 1
35 123 1
35 124 1
35 126 1
35 128 1
35 130 1
35 132 1
35 134 1
35 136 1
35 141 1
35 143 1
35 147 1
35 148 1
35 149 1
35 150 1
35 152 1
35 153 1
35 154 1
35 156 1
35 158 1
35 160 1
35 161 1
35 163 1
35 169 1
35 171 1
35 172 1
35 180 1
35 183 1
35 184 1
35 188 1
35 190 1
35 191 1
35 192 1
35 193 1
35 195 1
35 197 1
35 198 1
35 199 1
36 39 1
36 45 1
36 48 1
36 53 1
36 54 1
36 60 1
36 61 1
36 64 1
36 65 1
36 67 1
36 68 1
36 69 1
36 76 1
36 78 1
36 79 1
36 81 1
36 82 1
36 87 1
36 90 1
36 91 1
36 102 1
36 103 1
36 105 1
36 106 1
36 107 1
36 110 1
36 111 1
36 112 1
36 115 1
36 121 1
36 124 1
36 127 1
36 131 1
36 133 1
36 134 1
36 136 1
36 138 1
36 139 1
36 142 1
36 145 1
36 146 1
36 147 1
36 148 1
36 149 1
36 150 1
36 162 1
36 163 1
36 164 1
36 166 1
36 174 1
36 177 1
36 180 1
36 184 1
36 186 1
36 190 1
36 192 1
36 193 1
36 194 1
36 198 1
36 200 1
37 38 1
37 39 1
37 43 1
37 44 1
37 45 1
37 46 1
37 47 1
37 53 1
37 55 1
37 58 1
37 64 1
37 66 1
37 67 1
37 70 1
37 71 1
37 75 1
37 76 1
37 81 1
37 83 1
37 86 1
37 88 1
37 89 1
37 91 1
37 92 1
37 93 1
37 104 1
37 106 1
37 111 1
37 112 1
37 114 1
37 116 1
37 120 1
37 121 1
37 124 1
37 126 1
37 128 1
37 130 1
37 132 1
37 133 1
37 135 1
37 136 1
37 137 1
37 140 1
37 144 1
37 147 1
37 149 1
37 150 1
37 151 1
37 154 1
37 156 1
37 158 1
37 162 1
37 165 1
37 166 1
37 167 1
37 170 1
37 172 1
37 174 1
37 178 1
37 182 1
37 185 1
37 186 1
37 188 1
37 190 1
37 191 1
37 194 1
38 50 1
38 51 1
38 52 1
38 55 1
38 59 1
38 60 1
38 62 1
38 66 1
38 67 1
38 72 1
38 75 1
38 77 1
38 79 1
38 80 1
38 81 1
38 82 1
38 86 1
38 90 1
38 92 1
38 93 1
38 94 1
38 96 1
38 102 1
38 105 1
38 106 1
38 111 1
38 114 1
38 117 1
38 119 1
38 125 1
38 127 1
38 129 1
38 131 1
38 132 1
38 133 1
38 134 1
38 136 1
38 137 1
38 141 1
38 142 1
38 143 1
38 149 1
38 150 1
38 153 1
38 156 1
38 157 1
38 159 1
38 160 1
38 163 1
38 167 1
38 170 1
38 171 1
38 172 1
38 174 1
38 177 1
38 179 1
38 180 1
38 181 1
38 183 1
38 184 1
38 185 1
38 188 1
38 189 1
38 191 1
38 192 1
38 193 1
38 194 1
38 196 1
38 197 1
38 198 1
39 40 1
39 52 1
39 62 1
39 63 1
39 64 1
39 66 1
39 67 1
39 70 1
39 73 1
39 77 1
39 78 1
39 79 1
39 84 1
39 90 1
39 96 1
39 97 1
39 103 1
39 108 1
39 109 1
39 116 1
39 120 1
39 121 1
39 127 1
39 129 1
39 130 1
39 131 1
39 134 1
39 136 1
39 137 1
39 138 1
39 139 1
39 141 1
39 148 1
39 150 1
39 155 1
39 158 1
39 159 1
39 160 1
39 164 1
39 168 1
39 169 1
39 171 1
39 172 1
39 174 1
39 175 1
39 178 1
39 179 1
39 180 1
39 184 1
39 185 1
39 186 1
39 188 1
39 190 1
39 193 1
39 196 1
39 197 1
39 200 1
40 46 1
40 49 1
40 50 1
40 51 1
40 56 1
40 58 1
40 60 1
40 61 1
40 62 1
40 64 1
40 66 1
40 67 1
40 70 1
40 73 1
40 74 1
40 75 1
40 76 1
40 77 1
40 79 1
40 88 1
40 89 1
40 91 1
40 97 1
40 99 1
40 102 1
40 107 1
40 108 1
40 109 1
40 110 1
40 111 1
40 112 1
40 113 1
40 114 1
40 116 1
40 117 1
40 118 1
40 121 1
40 122 1
40 123 1
40 125 1
40 126 1
40 129 1
40 130 1
40 133 1
40 135 1
40 137 1
40 138 1
40 143 1
40 144 1
40 147 1
40 149 1
40 153 1
40 156 1
40 159 1
40 160 1
40 162 1
40 163 1
40 168 1
40 169 1
40 170 1
40 172 1
40 176 1
40 179 1
40 180 1
40 182 1
40 185 1
40 187 1
40 189 1
40 190 1
40 191 1
40 192 1
40 194 1
40 196 1
40 197 1
40 198 1
40 200 1
41 42 1
41 51 1
41 54 1
41 56 1
41 57 1
41 61 1
41 63 1
41 64 1
41 65 1
41 66 1
41 69 1
41 72 1
41 74 1
41 75 1
41 81 1
41 89 1
41 93 1
41 94 1
41 95 1
41 96 1
41 97 1
41 99 1
41 101 1
41 104 1
41 106 1
41 107 1
41 108 1
41 110 1
41 113 1
41 114 1
41 123 1
41 124 1
41 127 1
41 130 1
41 131 1
41 133 1
41 136 1
41 137 1
41 140 1
41 143 1
41 144 1
41 145 1
41 146 1
41 150 1
41 152 1
41 153 1
41 158 1
41 160 1
41 161 1
41 162 1
41 163 1
41 165 1
41 167 1
41 169 1
41 173 1
41 175 1
41 177 1
41 181 1
41 186 1
41 195 1
42 45 1
42 47 1
42 50 1
42 55 1
42 56 1
42 58 1
42 61 1
42 63 1
42 64 1
42 66 1
42 68 1
42 69 1
42 71 1
42 72 1
42 74 1
42 76 1
42 77 1
42 87 1
42 88 1
42 89 1
42 92 1
42 95 1
42 96 1
42 102 1
42 104 1
42 105 1
42 108 1
42 109 1
42 110 1
42 113 1
42 118 1
42 120 1
42 123 1
42 124 1
42 125 1
42 126 1
42 132 1
42 139 1
42 141 1
42 142 1
42 144 1
42 153 1
42 156 1
42 157 1
42 158 1
42 160 1
42 162 1
42 164 1
42 166 1
42 168 1
42 170 1
42 175 1
42 178 1
42 179 1
42 187 1
42 191 1
42 194 1
42 195 1
42 198 1
42 200 1
43 44 1
43 45 1
43 47 1
43 48 1
43 50 1
43 51 1
43 52 1
43 53 1
43 56 1
43 59 1
43 60 1
43 62 1
43 67 1
43 70 1
43 72 1
43 76 1
43 77 1
43 80 1
43 81 1
43 82 1
43 83 1
43 84 1
43 87 1
43 90 1
43 91 1
43 93 1
43 95 1
43 97 1
43 98 1
43 100 1
43 101 1
43 105 1
43 107 1
43 108 1
43 113 1
43 117 1
43 120 1
43 122 1
43 125 1
43 130 1
43 132 1
43 141 1
43 142 1
43 143 1
43 144 1
43 145 1
43 146 1
43 147 1
43 148 1
43 149 1
43 152 1
43 154 1
43 155 1
43 158 1
43 160 1
43 161 1
43 167 1
43 171 1
43 172 1
43 175 1
43 177 1
43 179 1
43 180 1
43 181 1
43 185 1
43 186 1
43 188 1
43 190 1
43 194 1
43 195 1
43 196 1
44 53 1
44 56 1
44 57 1
44 58 1
44 61 1
44 64 1
44 65 1
44 68 1
44 69 1
44 70 1
44 71 1
44 72 1
44 73 1
44 75 1
44 76 1
44 77 1
44 78 1
44 79 1
44 80 1
44 82 1
44 85 1
44 87 1
44 92 1
44 95 1
44 96 1
44 97 1
44 98 1
44 102 1
44 104 1
44 105 1
44 106 1
44 107 1
44 111 1
44 112 1
44 114 1
44 116 1
44 126 1
44 128 1
44 130 1
44 133 1
44 134 1
44 135 1
44 139 1
44 142 1
44 143 1
44 145 1
44 146 1
44 147 1
44 149 1
44 150 1
44 152 1
44 154 1
44 159 1
44 161 1
44 162 1
44 164 1
44 165 1
44 166 1
44 167 1
44 169 1
44 172 1
44 176 1
44 177 1
44 178 1
44 181 1
44 189 1
44 193 1
44 196 1
44 199 1
44 200 1
45 46 1
45 55 1
45 56 1
45 63 1
45 64 1
45 65 1
45 68 1
45 70 1
45 71 1
45 76 1
45 77 1
45 78 1
45 79 1
45 80 1
45 81 1
45 83 1
45 85 1
45 90 1
45 94 1
45 95 1
45 96 1
45 97 1
45 98 1
45 99 1
45 101 1
45 103 1
45 106 1
45 108 1
45 109 1
45 110 1
45 111 1
45 112 1
45 113 1
45 119 1
45 129 1
45 132 1
45 133 1
45 134 1
45 137 1
45 141 1
45 143 1
45 145 1
45 146 1
45 153 1
45 154 1
45 158 1
45 159 1
45 161 1
45 165 1
45 167 1
45 168 1
45 169 1
45 170 1
45 177 1
45 178 1
45 182 1
45 183 1
45 184 1
45 187 1
45 188 1
45 189 1
45 190 1
45 191 1
45 198 1
46 49 1
46 51 1
46 54 1
46 58 1
46 60 1
46 62 1
46 64 1
46 66 1
46 72 1
46 77 1
46 82 1
46 83 1
46 87 1
46 88 1
46 91 1
46 93 1
46 94 1
46 97 1
46 106 1
46 109 1
46 116 1
46 118 1
46 119 1
46 121 1
46 122 1
46 123 1
46 125 1
46 127 1
46 129 1
46 130 1
46 131 1
46 133 1
46 134 1
46 135 1
46 138 1
46 142 1
46 145 1
46 150 1
46 152 1
46 154 1
46 157 1
46 158 1
46 159 1
46 160 1
46 161 1
46 164 1
46 168 1
46 171 1
46 172 1
46 173 1
46 175 1
46 176 1
46 177 1
46 178 1
46 179 1
46 182 1
46 183 1
46 192 1
46 193 1
46 194 1
46 198 1
47 50 1
47 51 1
47 52 1
47 53 1
47 54 1
47 57 1
47 58 1
47 64 1
47 68 1
47 69 1
47 70 1
47 72 1
47 73 1
47 81 1
47 84 1
47 90 1
47 91 1
47 95 1
47 97 1
47 100 1
47 103 1
47 112 1
47 114 1
47 116 1
47 117 1
47 118 1
47 121 1
47 122 1
47 124 1
47 130 1
47 134 1
47 136 1
47 138 1
47 141 1
47 144 1
47 145 1
47 148 1
47 150 1
47 151 1
47 152 1
47 155 1
47 159 1
47 166 1
47 168 1
47 169 1
47 171 1
47 172 1
47 177 1
47 178 1
47 179 1
47 180 1
47 183 1
47 185 1
47 186 1
47 190 1
47 191 1
47 193 1
47 195 1
47 197 1
47 198 1
48 49 1
48 52 1
48 53 1
48 58 1
48 65 1
48 69 1
48 71 1
48 72 1
48 75 1
48 76 1
48 79 1
48 81 1
48 85 1
48 89 1
48 91 1
48 93 1
48 95 1
48 96 1
48 104 1
48 110 1
48 111 1
48 112 1
48 118 1
48 119 1
48 122 1
48 124 1
48 125 1
48 128 1
48 130 1
48 132 1
48 135 1
48 137 1
48 138 1
48 139 1
48 140 1
48 141 1
48 143 1
48 144 1
48 146 1
48 148 1
48 156 1
48 162 1
48 167 1
48 168 1
48 170 1
48 171 1
48 172 1
48 175 1
48 176 1
48 177 1
48 187 1
48 188 1
48 193 1
48 196 1
48 197 1
48 199 1
49 51 1
49 52 1
49 53 1
49 56 1
49 58 1
49 59 1
49 61 1
49 70 1
49 78 1
49 79 1
49 83 1
49 84 1
49 85 1
49 89 1
49 90 1
49 94 1
49 98 1
49 100 1
49 101 1
49 102 1
49 104 1
49 106 1
49 108 1
49 109 1
49 110 1
49 114 1
49 117 1
49 118 1
49 119 1
49 120 1
49 124 1
49 126 1
49 127 1
49 129 1
49 132 1
49 139 1
49 143 1
49 144 1
49 145 1
49 147 1
49 148 1
49 153 1
49 154 1
49 161 1
49 162 1
49 166 1
49 169 1
49 171 1
49 173 1
49 175 1
49 176 1
49 179 1
49 180 1
49 183 1
49 184 1
49 185 1
49 186 1
49 188 1
49 190 1
49 191 1
49 194 1
49 196 1
49 197 1
50 51 1
50 52 1
50 54 1
50 57 1
50 59 1
50 62 1
50 63 1
50 65 1
50 67 1
50 71 1
50 75 1
50 77 1
50 78 1
50 79 1
50 87 1
50 92 1
50 93 1
50 100 1
50 102 1
50 103 1
50 105 1
50 106 1
50 109 1
50 116 1
50 118 1
50 122 1
50 123 1
50 124 1
50 126 1
50 128 1
50 129 1
50 130 1
50 131 1
50 132 1
50 135 1
50 136 1
50 137 1
50 142 1
50 150 1
50 152 1
50 153 1
50 157 1
50 158 1
50 159 1
50 160 1
50 162 1
50 164 1
50 171 1
50 173 1
50 175 1
50 181 1
50 182 1
50 183 1
50 186 1
50 190 1
50 197 1
50 198 1
51 55 1
51 58 1
51 59 1
51 64 1
51 71 1
51 74 1
51 75 1
51 79 1
51 82 1
51 84 1
51 85 1
51 86 1
51 88 1
51 92 1
51 95 1
51 96 1
51 99 1
51 100 1
51 102 1
51 103 1
51 104 1
51 105 1
51 108 1
51 112 1
51 113 1
51 114 1
51 116 1
51 121 1
51 126 1
51 128 1
51 130 1
51 134 1
51 137 1
51 142 1
51 143 1
51 144 1
51 149 1
51 156 1
51 158 1
51 159 1
51 160 1
51 162 1
51 163 1
51 167 1
51 170 1
51 172 1
51 174 1
51 179 1
51 181 1
51 182 1
51 192 1
51 194 1
51 200 1
52 53 1
52 58 1
52 65 1
52 66 1
52 67 1
52 70 1
52 71 1
52 73 1
52 75 1
52 76 1
52 78 1
52 79 1
52 81 1
52 83 1
52 85 1
52 88 1
52 89 1
52 93 1
52 96 1
52 104 1
52 109 1
52 112 1
52 113 1
52 114 1
52 115 1
52 117 1
52 118 1
52 120 1
52 121 1
52 123 1
52 125 1
52 126 1
52 128 1
52 130 1
52 133 1
52 134 1
52 135 1
52 136 1
52 138 1
52 142 1
52 143 1
52 147 1
52 149 1
52 150 1
52 151 1
52 155 1
52 156 1
52 157 1
52 160 1
52 161 1
52 162 1
52 168 1
52 171 1
52 174 1
52 178 1
52 188 1
52 191 1
52 192 1
52 195 1
52 197 1
52 199 1
53 54 1
53 56 1
53 57 1
53 58 1
53 59 1
53 63 1
53 69 1
53 71 1
53 73 1
53 75 1
53 76 1
53 78 1
53 81 1
53 82 1
53 84 1
53 85 1
53 87 1
53 88 1
53 89 1
53 90 1
53 91 1
53 93 1
53 96 1
53 98 1
53 99 1
53 100 1
53 103 1
53 106 1
53 114 1
53 115 1
53 116 1
53 124 1
53 125 1
53 127 1
53 131 1
53 133 1
53 134 1
53 135 1
53 136 1
53 141 1
53 144 1
53 145 1
53 148 1
53 150 1
53 152 1
53 153 1
53 157 1
53 159 1
53 160 1
53 162 1
53 163 1
53 164 1
53 166 1
53 168 1
53 170 1
53 177 1
53 178 1
53 179 1
53 183 1
53 184 1
53 188 1
53 189 1
53 192 1
53 196 1
54 56 1
54 60 1
54 63 1
54 64 1
54 66 1
54 67 1
54 70 1
54 71 1
54 72 1
54 74 1
54 77 1
54 78 1
54 84 1
54 90 1
54 92 1
54 96 1
54 99 1
54 100 1
54 102 1
54 106 1
54 109 1
54 111 1
54 113 1
54 119 1
54 120 1
54 122 1
54 124 1
54 125 1
54 126 1
54 129 1
54 130 1
54 131 1
54 132 1
54 133 1
54 134 1
54 136 1
54 137 1
54 141 1
54 143 1
54 144 1
54 145 1
54 150 1
54 151 1
54 153 1
54 156 1
54 159 1
54 163 1
54 169 1
54 170 1
54 171 1
54 173 1
54 174 1
54 176 1
54 177 1
54 178 1
54 180 1
54 183 1
54 198 1
55 58 1
55 64 1
55 65 1
55 66 1
55 68 1
55 69 1
55 74 1
55 75 1
55 79 1
55 81 1
55 82 1
55 83 1
55 84 1
55 85 1
55 89 1
55 90 1
55 91 1
55 93 1
55 96 1
55 97 1
55 98 1
55 101 1
55 109 1
55 119 1
55 120 1
55 122 1
55 127 1
55 128 1
55 129 1
55 132 1
55 133 1
55 134 1
55 135 1
55 141 1
55 145 1
55 146 1
55 147 1
55 148 1
55 149 1
55 150 1
55 152 1
55 154 1
55 157 1
55 158 1
55 159 1
55 160 1
55 161 1
55 162 1
55 163 1
55 164 1
55 166 1
55 167 1
55 170 1
55 171 1
55 175 1
55 176 1
55 184 1
55 185 1
55 186 1
55 188 1
55 190 1
55 195 1
55 196 1
55 197 1
55 198 1
55 199 1
56 61 1
56 62 1
56 63 1
56 71 1
56 72 1
56 74 1
56 75 1
56 79 1
56 82 1
56 83 1
56 88 1
56 90 1
56 91 1
56 95 1
56 97 1
56 98 1
56 99 1
56 102 1
56 107 1
56 115 1
56 122 1
56 126 1
56 128 1
56 129 1
56 131 1
56 133 1
56 138 1
56 146 1
56 147 1
56 150 1
56 155 1
56 157 1
56 158 1
56 163 1
56 166 1
56 167 1
56 168 1
56 171 1
56 173 1
56 174 1
56 176 1
56 177 1
56 178 1
56 180 1
56 182 1
56 186 1
56 192 1
56 194 1
56 195 1
56 196 1
56 197 1
56 198 1
57 58 1
57 67 1
57 75 1
57 76 1
57 77 1
57 80 1
57 84 1
57 85 1
57 91 1
57 94 1
57 97 1
57 98 1
57 99 1
57 100 1
57 102 1
57 103 1
57 104 1
57 105 1
57 109 1
57 110 1
57 111 1
57 112 1
57 114 1
57 116 1
57 118 1
57 119 1
57 122 1
57 127 1
57 129 1
57 131 1
57 134 1
57 137 1
57 138 1
57 139 1
57 140 1
57 141 1
57 149 1
57 152 1
57 154 1
57 155 1
57 157 1
57 159 1
57 160 1
57 162 1
57 164 1
57 165 1
57 170 1
57 171 1
57 174 1
57 178 1
57 179 1
57 185 1
57 187 1
57 190 1
57 192 1
57 193 1
57 196 1
57 199 1
58 63 1
58 65 1
58 66 1
58 67 1
58 70 1
58 71 1
58 72 1
58 73 1
58 74 1
58 75 1
58 76 1
58 77 1
58 78 1
58 80 1
58 82 1
58 87 1
58 92 1
58 95 1
58 102 1
58 109 1
58 110 1
58 111 1
58 115 1
58 119 1
58 120 1
58 121 1
58 123 1
58 124 1
58 125 1
58 126 1
58 132 1
58 133 1
58 136 1
58 141 1
58 143 1
58 148 1
58 152 1
58 153 1
58 157 1
58 160 1
58 163 1
58 164 1
58 165 1
58 166 1
58 168 1
58 169 1
58 172 1
58 175 1
58 179 1
58 183 1
58 189 1
58 190 1
58 197 1
58 198 1
59 60 1
59 69 1
59 72 1
59 73 1
59 74 1
59 75 1
59 76 1
59 78 1
59 79 1
59 80 1
59 81 1
59 82 1
59 84 1
59 89 1
59 90 1
59 93 1
59 94 1
59 95 1
59 97 1
59 100 1
59 102 1
59 103 1
59 104 1
59 112 1
59 113 1
59 122 1
59 123 1
59 124 1
59 127 1
59 133 1
59 138 1
59 139 1
59 142 1
59 150 1
59 151 1
59 152 1
59 153 1
59 155 1
59 160 1
59 162 1
59 164 1
59 165 1
59 168 1
59 169 1
59 172 1
59 176 1
59 177 1
59 178 1
59 179 1
59 183 1
59 185 1
59 186 1
59 188 1
59 190 1
59 191 1
59 195 1
59 198 1
60 61 1
60 62 1
60 65 1
60 67 1
60 72 1
60 73 1
60 76 1
60 77 1
60 80 1
60 82 1
60 85 1
60 86 1
60 92 1
60 98 1
60 99 1
60 100 1
60 103 1
60 106 1
60 109 1
60 113 1
60 121 1
60 124 1
60 130 1
60 132 1
60 134 1
60 141 1
60 142 1
60 145 1
60 146 1
60 151 1
60 157 1
60 158 1
60 160 1
60 164 1
60 167 1
60 169 1
60 170 1
60 173 1
60 174 1
60 176 1
60 178 1
60 180 1
60 182 1
60 186 1
60 192 1
60 195 1
60 196 1
61 62 1
61 66 1
61 68 1
61 69 1
61 74 1
61 75 1
61 76 1
61 78 1
61 80 1
61 83 1
61 85 1
61 86 1
61 87 1
61 89 1
61 90 1
61 91 1
61 92 1
61 97 1
61 100 1
61 104 1
61 116 1
61 120 1
61 121 1
61 123 1
61 124 1
61 129 1
61 130 1
61 135 1
61 138 1
61 142 1
61 148 1
61 149 1
61 152 1
61 154 1
61 155 1
61 159 1
61 161 1
61 164 1
61 166 1
61 170 1
61 172 1
61 173 1
61 175 1
61 176 1
61 177 1
61 179 1
61 181 1
61 182 1
61 186 1
61 188 1
61 189 1
61 190 1
61 191 1
61 200 1
62 69 1
62 71 1
62 75 1
62 77 1
62 79 1
62 80 1
62 81 1
62 89 1
62 90 1
62 91 1
62 92 1
62 94 1
62 96 1
62 99 1
62 102 1
62 104 1
62 105 1
62 106 1
62 108 1
62 109 1
62 114 1
62 117 1
62 118 1
62 119 1
62 121 1
62 122 1
62 128 1
62 130 1
62 131 1
62 132 1
62 133 1
62 134 1
62 135 1
62 136 1
62 140 1
62 141 1
62 142 1
62 144 1
62 146 1
62 147 1
62 148 1
62 149 1
62 150 1
62 152 1
62 156 1
62 157 1
62 163 1
62 165 1
62 169 1
62 171 1
62 179 1
62 181 1
62 184 1
62 185 1
62 192 1
62 193 1
62 194 1
62 195 1
62 197 1
62 198 1
62 199 1
62 200 1
63 64 1
63 66 1
63 69 1
63 71 1
63 73 1
63 74 1
63 76 1
63 79 1
63 84 1
63 87 1
63 90 1
63 93 1
63 96 1
63 97 1
63 100 1
63 101 1
63 103 1
63 104 1
63 105 1
63 107 1
63 112 1
63 118 1
63 119 1
63 126 1
63 127 1
63 128 1
63 130 1
63 133 1
63 134 1
63 135 1
63 137 1
63 143 1
63 145 1
63 148 1
63 149 1
63 150 1
63 161 1
63 162 1
63 163 1
63 164 1
63 166 1
63 167 1
63 171 1
63 172 1
63 173 1
63 177 1
63 179 1
63 180 1
63 183 1
63 184 1
63 191 1
63 195 1
63 196 1
63 199 1
64 69 1
64 70 1
64 71 1
64 76 1
64 77 1
64 78 1
64 81 1
64 82 1
64 83 1
64 84 1
64 85 1
64 88 1
64 89 1
64 94 1
64 97 1
64 100 1
64 102 1
64 103 1
64 105 1
64 106 1
64 108 1
64 109 1
64 110 1
64 113 1
64 114 1
64 115 1
64 119 1
64 120 1
64 121 1
64 122 1
64 124 1
64 126 1
64 128 1
64 131 1
64 135 1
64 136 1
64 140 1
64 141 1
64 145 1
64 149 1
64 154 1
64 155 1
64 156 1
64 157 1
64 158 1
64 161 1
64 164 1
64 165 1
64 172 1
64 178 1
64 179 1
64 183 1
64 191 1
64 193 1
64 196 1
64 197 1
64 198 1
65 68 1
65 74 1
65 77 1
65 83 1
65 87 1
65 88 1
65 89 1
65 91 1
65 96 1
65 97 1
65 99 1
65 101 1
65 106 1
65 108 1
65 110 1
65 112 1
65 114 1
65 120 1
65 124 1
65 125 1
65 128 1
65 129 1
65 130 1
65 133 1
65 136 1
65 138 1
65 145 1
65 148 1
65 150 1
65 151 1
65 154 1
65 155 1
65 156 1
65 158 1
65 160 1
65 163 1
65 164 1
65 169 1
65 175 1
65 178 1
65 180 1
65 185 1
65 186 1
65 193 1
65 195 1
65 196 1
65 198 1
66 67 1
66 71 1
66 72 1
66 73 1
66 74 1
66 78 1
66 80 1
66 81 1
66 84 1
66 87 1
66 89 1
66 95 1
66 103 1
66 108 1
66 114 1
66 119 1
66 120 1
66 127 1
66 129 1
66 131 1
66 135 1
66 139 1
66 143 1
66 144 1
66 148 1
66 150 1
66 151 1
66 152 1
66 153 1
66 154 1
66 155 1
66 157 1
66 159 1
66 160 1
66 161 1
66 162 1
66 163 1
66 164 1
66 166 1
66 169 1
66 170 1
66 173 1
66 176 1
66 179 1
66 181 1
66 183 1
66 186 1
66 187 1
66 188 1
66 189 1
66 192 1
66 197 1
66 200 1
67 68 1
67 70 1
67 71 1
67 74 1
67 75 1
67 77 1
67 80 1
67 82 1
67 86 1
67 89 1
67 91 1
67 93 1
67 95 1
67 97 1
67 99 1
67 101 1
67 106 1
67 110 1
67 111 1
67 115 1
67 118 1
67 120 1
67 123 1
67 127 1
67 128 1
67 132 1
67 133 1
67 134 1
67 139 1
67 142 1
67 144 1
67 145 1
67 148 1
67 149 1
67 150 1
67 151 1
67 153 1
67 155 1
67 159 1
67 162 1
67 163 1
67 165 1
67 166 1
67 170 1
67 174 1
67 175 1
67 178 1
67 180 1
67 181 1
67 183 1
67 185 1
67 192 1
67 193 1
67 197 1
67 200 1
68 69 1
68 72 1
68 79 1
68 80 1
68 81 1
68 82 1
68 83 1
68 84 1
68 85 1
68 87 1
68 91 1
68 94 1
68 95 1
68 97 1
68 100 1
68 104 1
68 108 1
68 109 1
68 110 1
68 111 1
68 112 1
68 113 1
68 114 1
68 116 1
68 120 1
68 121 1
68 123 1
68 124 1
68 127 1
68 128 1
68 131 1
68 132 1
68 133 1
68 135 1
68 140 1
68 146 1
68 152 1
68 153 1
68 154 1
68 155 1
68 159 1
68 164 1
68 166 1
68 167 1
68 170 1
68 177 1
68 178 1
68 182 1
68 183 1
68 184 1
68 187 1
68 188 1
68 192 1
68 193 1
68 194 1
68 195 1
68 197 1
68 199 1
68 200 1
69 72 1
69 77 1
69 78 1
69 80 1
69 81 1
69 82 1
69 84 1
69 86 1
69 87 1
69 89 1
69 91 1
69 97 1
69 101 1
69 104 1
69 105 1
69 106 1
69 108 1
69 110 1
69 116 1
69 117 1
69 118 1
69 121 1
69 124 1
69 126 1
69 128 1
69 129 1
69 131 1
69 143 1
69 145 1
69 146 1
69 147 1
69 148 1
69 149 1
69 151 1
69 152 1
69 155 1
69 158 1
69 161 1
69 163 1
69 164 1
69 168 1
69 172 1
69 174 1
69 177 1
69 181 1
69 182 1
69 183 1
69 185 1
69 186 1
69 187 1
69 188 1
69 190 1
69 191 1
69 196 1
70 73 1
70 75 1
70 76 1
70 77 1
70 78 1
70 79 1
70 85 1
70 86 1
70 88 1
70 89 1
70 92 1
70 95 1
70 96 1
70 98 1
70 99 1
70 100 1
70 102 1
70 104 1
70 105 1
70 110 1
70 115 1
70 116 1
70 118 1
70 122 1
70 124 1
70 125 1
70 127 1
70 128 1
70 129 1
70 134 1
70 135 1
70 138 1
70 140 1
70 143 1
70 145 1
70 146 1
70 147 1
70 148 1
70 150 1
70 151 1
70 152 1
70 154 1
70 155 1
70 158 1
70 160 1
70 161 1
70 164 1
70 165 1
70 167 1
70 170 1
70 174 1
70 175 1
70 176 1
70 178 1
70 179 1
70 180 1
70 181 1
70 182 1
70 185 1
70 190 1
70 193 1
70 196 1
70 199 1
71 72 1
71 80 1
71 82 1
71 94 1
71 96 1
71 97 1
71 98 1
71 100 1
71 101 1
71 105 1
71 108 1
71 110 1
71 111 1
71 112 1
71 116 1
71 119 1
71 121 1
71 125 1
71 129 1
71 134 1
71 135 1
71 137 1
71 139 1
71 144 1
71 147 1
71 148 1
71 149 1
71 150 1
71 151 1
71 152 1
71 153 1
71 157 1
71 158 1
71 159 1
71 162 1
71 163 1
71 164 1
71 171 1
71 172 1
71 180 1
71 181 1
71 182 1
71 187 1
71 189 1
71 197 1
71 198 1
72 73 1
72 81 1
72 82 1
72 88 1
72 89 1
72 91 1
72 94 1
72 97 1
72 98 1
72 99 1
72 100 1
72 106 1
72 107 1
72 111 1
72 113 1
72 117 1
72 120 1
72 123 1
72 124 1
72 126 1
72 127 1
72 134 1
72 135 1
72 136 1
72 142 1
72 143 1
72 146 1
72 147 1
72 148 1
72 156 1
72 157 1
72 159 1
72 160 1
72 168 1
72 170 1
72 173 1
72 177 1
72 179 1
72 182 1
72 184 1
72 185 1
72 187 1
72 188 1
72 190 1
72 192 1
72 193 1
72 194 1
72 195 1
72 196 1
73 77 1
73 80 1
73 82 1
73 83 1
73 85 1
73 89 1
73 90 1
73 95 1
73 96 1
73 99 1
73 100 1
73 104 1
73 106 1
73 107 1
73 109 1
73 110 1
73 111 1
73 112 1
73 113 1
73 114 1
73 115 1
73 118 1
73 123 1
73 124 1
73 125 1
73 126 1
73 127 1
73 130 1
73 136 1
73 140 1
73 142 1
73 144 1
73 146 1
73 150 1
73 153 1
73 156 1
73 159 1
73 160 1
73 163 1
73 164 1
73 165 1
73 170 1
73 172 1
73 173 1
73 179 1
73 185 1
73 186 1
73 188 1
73 189 1
73 196 1
73 197 1
74 76 1
74 79 1
74 80 1
74 81 1
74 82 1
74 83 1
74 85 1
74 87 1
74 88 1
74 90 1
74 93 1
74 96 1
74 97 1
74 101 1
74 103 1
74 105 1
74 108 1
74 109 1
74 111 1
74 114 1
74 115 1
74 118 1
74 119 1
74 120 1
74 121 1
74 122 1
74 125 1
74 127 1
74 131 1
74 133 1
74 135 1
74 136 1
74 137 1
74 141 1
74 142 1
74 143 1
74 144 1
74 149 1
74 155 1
74 158 1
74 159 1
74 165 1
74 170 1
74 171 1
74 172 1
74 173 1
74 174 1
74 176 1
74 179 1
74 184 1
74 187 1
74 190 1
74 193 1
74 196 1
74 198 1
74 200 1
75 78 1
75 80 1
75 82 1
75 85 1
75 86 1
75 88 1
75 93 1
75 95 1
75 96 1
75 97 1
75 103 1
75 104 1
75 105 1
75 108 1
75 110 1
75 111 1
75 112 1
75 113 1
75 116 1
75 122 1
75 124 1
75 126 1
75 127 1
75 129 1
75 132 1
75 133 1
75 138 1
75 142 1
75 143 1
75 149 1
75 155 1
75 157 1
75 158 1
75 166 1
75 168 1
75 169 1
75 170 1
75 173 1
75 175 1
75 180 1
75 182 1
75 184 1
75 186 1
75 191 1
75 196 1
75 198 1
76 78 1
76 87 1
76 89 1
76 99 1
76 100 1
76 104 1
76 105 1
76 108 1
76 109 1
76 113 1
76 114 1
76 118 1
76 119 1
76 120 1
76 122 1
76 124 1
76 125 1
76 132 1
76 140 1
76 141 1
76 144 1
76 145 1
76 146 1
76 149 1
76 153 1
76 154 1
76 155 1
76 156 1
76 159 1
76 163 1
76 167 1
76 170 1
76 171 1
76 172 1
76 173 1
76 175 1
76 176 1
76 177 1
76 180 1
76 182 1
76 187 1
76 188 1
76 189 1
76 190 1
76 193 1
76 194 1
76 195 1
76 199 1
76 200 1
77 80 1
77 86 1
77 87 1
77 88 1
77 89 1
77 96 1
77 97 1
77 98 1
77 99 1
77 100 1
77 102 1
77 103 1
77 105 1
77 106 1
77 107 1
77 108 1
77 115 1
77 118 1
77 119 1
77 121 1
77 122 1
77 124 1
77 125 1
77 126 1
77 128 1
77 132 1
77 133 1
77 134 1
77 135 1
77 136 1
77 142 1
77 144 1
77 148 1
77 156 1
77 159 1
77 162 1
77 166 1
77 169 1
77 170 1
77 173 1
77 177 1
77 179 1
77 181 1
77 182 1
77 184 1
77 185 1
77 187 1
77 191 1
77 196 1
77 197 1
77 198 1
77 199 1
78 83 1
78 87 1
78 91 1
78 93 1
78 95 1
78 101 1
78 103 1
78 104 1
78 105 1
78 110 1
78 111 1
78 114 1
78 116 1
78 119 1
78 120 1
78 121 1
78 122 1
78 124 1
78 127 1
78 129 1
78 130 1
78 131 1
78 132 1
78 139 1
78 142 1
78 147 1
78 150 1
78 151 1
78 152 1
78 153 1
78 158 1
78 161 1
78 164 1
78 166 1
78 167 1
78 168 1
78 169 1
78 172 1
78 173 1
78 175 1
78 176 1
78 178 1
78 185 1
78 186 1
78 187 1
78 188 1
78 189 1
78 191 1
78 200 1
79 80 1
79 81 1
79 83 1
79 88 1
79 90 1
79 91 1
79 93 1
79 102 1
79 103 1
79 104 1
79 105 1
79 116 1
79 119 1
79 125 1
79 126 1
79 128 1
79 129 1
79 130 1
79 136 1
79 137 1
79 138 1
79 140 1
79 141 1
79 142 1
79 143 1
79 144 1
79 145 1
79 146 1
79 147 1
79 149 1
79 152 1
79 154 1
79 155 1
79 156 1
79 158 1
79 159 1
79 161 1
79 162 1
79 165 1
79 167 1
79 168 1
79 169 1
79 170 1
79 175 1
79 176 1
79 181 1
79 182 1
79 183 1
79 187 1
79 188 1
79 195 1
79 197 1
80 82 1
80 88 1
80 91 1
80 92 1
80 93 1
80 94 1
80 95 1
80 98 1
80 99 1
80 104 1
80 105 1
80 106 1
80 108 1
80 112 1
80 113 1
80 116 1
80 118 1
80 123 1
80 126 1
80 128 1
80 131 1
80 137 1
80 140 1
80 148 1
80 154 1
80 155 1
80 157 1
80 158 1
80 159 1
80 161 1
80 162 1
80 163 1
80 164 1
80 166 1
80 167 1
80 168 1
80 174 1
80 184 1
80 185 1
80 189 1
80 190 1
80 193 1
80 196 1
81 84 1
81 86 1
81 93 1
81 94 1
81 95 1
81 96 1
81 99 1
81 100 1
81 101 1
81 104 1
81 114 1
81 120 1
81 122 1
81 124 1
81 126 1
81 131 1
81 134 1
81 140 1
81 142 1
81 152 1
81 153 1
81 154 1
81 157 1
81 163 1
81 164 1
81 166 1
81 167 1
81 168 1
81 169 1
81 170 1
81 172 1
81 174 1
81 175 1
81 177 1
81 178 1
81 185 1
81 187 1
81 190 1
81 191 1
81 194 1
82 85 1
82 86 1
82 88 1
82 94 1
82 99 1
82 100 1
82 102 1
82 104 1
82 105 1
82 107 1
82 109 1
82 113 1
82 114 1
82 116 1
82 117 1
82 119 1
82 120 1
82 124 1
82 128 1
82 130 1
82 131 1
82 132 1
82 133 1
82 136 1
82 137 1
82 139 1
82 141 1
82 143 1
82 144 1
82 149 1
82 150 1
82 151 1
82 153 1
82 156 1
82 157 1
82 158 1
82 159 1
82 162 1
82 168 1
82 169 1
82 171 1
82 187 1
82 189 1
82 190 1
82 191 1
82 193 1
83 84 1
83 85 1
83 87 1
83 91 1
83 94 1
83 97 1
83 102 1
83 103 1
83 105 1
83 107 1
83 110 1
83 111 1
83 112 1
83 116 1
83 117 1
83 119 1
83 120 1
83 123 1
83 125 1
83 128 1
83 130 1
83 131 1
83 132 1
83 138 1
83 139 1
83 140 1
83 143 1
83 144 1
83 148 1
83 158 1
83 161 1
83 163 1
83 164 1
83 167 1
83 168 1
83 176 1
83 179 1
83 180 1
83 185 1
83 192 1
83 196 1
83 199 1
83 200 1
84 88 1
84 89 1
84 90 1
84 94 1
84 95 1
84 96 1
84 99 1
84 100 1
84 101 1
84 107 1
84 110 1
84 114 1
84 116 1
84 121 1
84 126 1
84 128 1
84 132 1
84 133 1
84 134 1
84 135 1
84 139 1
84 140 1
84 141 1
84 145 1
84 146 1
84 147 1
84 151 1
84 154 1
84 155 1
84 156 1
84 160 1
84 161 1
84 165 1
84 168 1
84 169 1
84 171 1
84 174 1
84 179 1
84 180 1
84 184 1
84 187 1
84 189 1
84 192 1
84 193 1
84 195 1
84 200 1
85 86 1
85 87 1
85 88 1
85 90 1
85 95 1
85 98 1
85 100 1
85 104 1
85 105 1
85 112 1
85 113 1
85 115 1
85 117 1
85 118 1
85 119 1
85 125 1
85 129 1
85 131 1
85 134 1
85 135 1
85 141 1
85 142 1
85 144 1
85 150 1
85 152 1
85 154 1
85 155 1
85 158 1
85 162 1
85 163 1
85 167 1
85 171 1
85 174 1
85 178 1
85 179 1
85 183 1
85 185 1
85 192 1
85 198 1
85 199 1
85 200 1
86 92 1
86 99 1
86 102 1
86 103 1
86 104 1
86 109 1
86 113 1
86 115 1
86 116 1
86 118 1
86 124 1
86 125 1
86 129 1
86 130 1
86 132 1
86 134 1
86 136 1
86 137 1
86 138 1
86 139 1
86 142 1
86 149 1
86 150 1
86 155 1
86 158 1
86 164 1
86 165 1
86 166 1
86 167 1
86 170 1
86 171 1
86 172 1
86 177 1
86 180 1
86 184 1
86 185 1
86 190 1
86 194 1
86 197 1
87 88 1
87 89 1
87 91 1
87 92 1
87 95 1
87 96 1
87 97 1
87 100 1
87 106 1
87 111 1
87 114 1
87 118 1
87 119 1
87 121 1
87 122 1
87 125 1
87 129 1
87 133 1
87 135 1
87 136 1
87 137 1
87 138 1
87 144 1
87 146 1
87 150 1
87 151 1
87 156 1
87 159 1
87 160 1
87 161 1
87 163 1
87 164 1
87 167 1
87 172 1
87 178 1
87 179 1
87 181 1
87 185 1
87 186 1
87 191 1
87 192 1
87 193 1
87 200 1
88 89 1
88 90 1
88 101 1
88 103 1
88 104 1
88 108 1
88 110 1
88 113 1
88 114 1
88 121 1
88 129 1
88 132 1
88 133 1
88 136 1
88 137 1
88 138 1
88 139 1
88 140 1
88 141 1
88 144 1
88 145 1
88 146 1
88 150 1
88 153 1
88 154 1
88 155 1
88 156 1
88 161 1
88 163 1
88 166 1
88 167 1
88 168 1
88 170 1
88 172 1
88 175 1
88 178 1
88 179 1
88 181 1
88 182 1
88 184 1
88 187 1
88 188 1
88 190 1
88 191 1
88 195 1
88 198 1
89 91 1
89 97 1
89 98 1
89 100 1
89 106 1
89 107 1
89 108 1
89 109 1
89 119 1
89 123 1
89 124 1
89 126 1
89 127 1
89 130 1
89 132 1
89 133 1
89 136 1
89 139 1
89 140 1
89 141 1
89 146 1
89 147 1
89 152 1
89 155 1
89 156 1
89 157 1
89 158 1
89 159 1
89 160 1
89 166 1
89 173 1
89 177 1
89 180 1
89 182 1
89 184 1
89 185 1
89 189 1
89 192 1
89 194 1
89 196 1
89 198 1
89 200 1
90 95 1
90 96 1
90 99 1
90 101 1
90 104 1
90 107 1
90 110 1
90 115 1
90 119 1
90 126 1
90 128 1
90 129 1
90 131 1
90 132 1
90 133 1
90 134 1
90 136 1
90 139 1
90 141 1
90 142 1
90 144 1
90 146 1
90 150 1
90 153 1
90 154 1
90 156 1
90 157 1
90 158 1
90 169 1
90 172 1
90 175 1
90 181 1
90 182 1
90 185 1
90 187 1
90 189 1
90 190 1
90 193 1
90 194 1
90 198 1
90 199 1
91 93 1
91 94 1
91 95 1
91 96 1
91 97 1
91 98 1
91 99 1
91 102 1
91 105 1
91 112 1
91 114 1
91 117 1
91 119 1
91 121 1
91 124 1
91 128 1
91 131 1
91 132 1
91 135 1
91 136 1
91 144 1
91 146 1
91 149 1
91 150 1
91 153 1
91 154 1
91 157 1
91 158 1
91 159 1
91 161 1
91 162 1
91 163 1
91 167 1
91 168 1
91 169 1
91 170 1
91 171 1
91 175 1
91 178 1
91 180 1
91 183 1
91 184 1
91 189 1
91 191 1
91 194 1
91 197 1
91 199 1
92 93 1
92 94 1
92 98 1
92 102 1
92 103 1
92 104 1
92 105 1
92 107 1
92 108 1
92 110 1
92 111 1
92 116 1
92 117 1
92 120 1
92 122 1
92 125 1
92 126 1
92 143 1
92 145 1
92 147 1
92 148 1
92 150 1
92 152 1
92 153 1
92 154 1
92 155 1
92 159 1
92 163 1
92 166 1
92 169 1
92 170 1
92 172 1
92 173 1
92 177 1
92 179 1
92 184 1
92 185 1
92 189 1
92 190 1
92 191 1
92 193 1
92 195 1
92 197 1
92 200 1
93 94 1
93 95 1
93 96 1
93 97 1
93 99 1
93 105 1
93 106 1
93 110 1
93 112 1
93 114 1
93 115 1
93 116 1
93 117 1
93 120 1
93 129 1
93 130 1
93 131 1
93 132 1
93 133 1
93 138 1
93 140 1
93 141 1
93 142 1
93 144 1
93 146 1
93 150 1
93 151 1
93 152 1
93 153 1
93 157 1
93 163 1
93 165 1
93 166 1
93 169 1
93 174 1
93 177 1
93 178 1
93 180 1
93 181 1
93 182 1
93 186 1
93 195 1
93 196 1
93 197 1
93 198 1
94 95 1
94 96 1
94 101 1
94 104 1
94 111 1
94 115 1
94 116 1
94 117 1
94 118 1
94 119 1
94 121 1
94 125 1
94 127 1
94 129 1
94 130 1
94 133 1
94 140 1
94 143 1
94 147 1
94 150 1
94 151 1
94 155 1
94 158 1
94 159 1
94 162 1
94 163 1
94 164 1
94 165 1
94 167 1
94 169 1
94 170 1
94 171 1
94 172 1
94 175 1
94 178 1
94 179 1
94 181 1
94 182 1
94 186 1
94 189 1
94 191 1
94 193 1
94 194 1
94 198 1
94 199 1
94 200 1
95 96 1
95 97 1
95 99 1
95 102 1
95 105 1
95 112 1
95 117 1
95 120 1
95 122 1
95 123 1
95 125 1
95 126 1
95 127 1
95 130 1
95 134 1
95 136 1
95 137 1
95 141 1
95 142 1
95 147 1
95 149 1
95 152 1
95 158 1
95 160 1
95 162 1
95 166 1
95 167 1
95 168 1
95 169 1
95 171 1
95 174 1
95 178 1
95 179 1
95 180 1
95 192 1
95 194 1
95 195 1
95 197 1
95 199 1
96 98 1
96 102 1
96 106 1
96 110 1
96 114 1
96 116 1
96 117 1
96 120 1
96 123 1
96 127 1
96 132 1
96 134 1
96 138 1
96 141 1
96 142 1
96 143 1
96 144 1
96 149 1
96 158 1
96 159 1
96 161 1
96 162 1
96 164 1
96 167 1
96 171 1
96 174 1
96 179 1
96 180 1
96 182 1
96 183 1
96 187 1
96 188 1
96 189 1
96 191 1
96 198 1
96 199 1
96 200 1
97 100 1
97 103 1
97 106 1
97 108 1
97 109 1
97 110 1
97 112 1
97 115 1
97 117 1
97 123 1
97 127 1
97 128 1
97 131 1
97 132 1
97 134 1
97 137 1
97 138 1
97 142 1
97 143 1
97 145 1
97 146 1
97 148 1
97 150 1
97 151 1
97 155 1
97 159 1
97 160 1
97 161 1
97 162 1
97 163 1
97 164 1
97 167 1
97 168 1
97 169 1
97 170 1
97 171 1
97 172 1
97 174 1
97 179 1
97 181 1
97 182 1
97 183 1
97 185 1
97 191 1
97 192 1
97 193 1
97 195 1
97 198 1
97 200 1
98 99 1
98 100 1
98 101 1
98 102 1
98 106 1
98 107 1
98 108 1
98 110 1
98 111 1
98 114 1
98 115 1
98 116 1
98 122 1
98 124 1
98 126 1
98 129 1
98 135 1
98 142 1
98 143 1
98 147 1
98 148 1
98 149 1
98 150 1
98 153 1
98 155 1
98 156 1
98 157 1
98 163 1
98 165 1
98 169 1
98 170 1
98 171 1
98 176 1
98 183 1
98 186 1
98 187 1
98 188 1
98 189 1
98 193 1
98 195 1
98 199 1
99 101 1
99 102 1
99 105 1
99 107 1
99 110 1
99 113 1
99 115 1
99 116 1
99 118 1
99 119 1
99 122 1
99 126 1
99 128 1
99 129 1
99 130 1
99 132 1
99 136 1
99 143 1
99 146 1
99 147 1
99 149 1
99 150 1
99 152 1
99 154 1
99 156 1
99 159 1
99 160 1
99 161 1
99 162 1
99 166 1
99 167 1
99 168 1
99 174 1
99 176 1
99 177 1
99 178 1
99 180 1
99 186 1
99 187 1
99 188 1
99 189 1
99 190 1
99 196 1
99 197 1
99 198 1
100 102 1
100 106 1
100 107 1
100 108 1
100 109 1
100 113 1
100 118 1
100 122 1
100 126 1
100 127 1
100 128 1
100 132 1
100 134 1
100 135 1
100 136 1
100 141 1
100 143 1
100 144 1
100 145 1
100 146 1
100 147 1
100 149 1
100 152 1
100 156 1
100 159 1
100 162 1
100 164 1
100 166 1
100 169 1
100 175 1
100 182 1
100 185 1
100 187 1
100 191 1
100 193 1
100 200 1
101 103 1
101 104 1
101 105 1
101 107 1
101 112 1
101 115 1
101 120 1
101 123 1
101 124 1
101 128 1
101 130 1
101 135 1
101 136 1
101 138 1
101 141 1
101 143 1
101 144 1
101 149 1
101 150 1
101 151 1
101 155 1
101 157 1
101 159 1
101 160 1
101 162 1
101 167 1
101 168 1
101 169 1
101 171 1
101 173 1
101 178 1
101 180 1
101 181 1
101 192 1
101 196 1
101 197 1
101 200 1
102 103 1
102 109 1
102 111 1
102 112 1
102 114 1
102 115 1
102 116 1
102 118 1
102 119 1
102 126 1
102 127 1
102 129 1
102 135 1
102 140 1
102 143 1
102 145 1
102 149 1
102 151 1
102 152 1
102 153 1
102 158 1
102 160 1
102 162 1
102 168 1
102 169 1
102 170 1
102 173 1
102 183 1
102 184 1
102 185 1
102 189 1
102 190 1
102 192 1
102 193 1
102 194 1
102 195 1
102 196 1
102 197 1
102 198 1
102 199 1
102 200 1
103 104 1
103 110 1
103 111 1
103 114 1
103 115 1
103 121 1
103 123 1
103 130 1
103 131 1
103 136 1
103 137 1
103 138 1
103 139 1
103 141 1
103 142 1
103 149 1
103 153 1
103 155 1
103 156 1
103 157 1
103 158 1
103 161 1
103 163 1
103 167 1
103 170 1
103 172 1
103 174 1
103 175 1
103 176 1
103 182 1
103 186 1
103 187 1
103 194 1
103 198 1
103 199 1
104 107 1
104 109 1
104 112 1
104 113 1
104 114 1
104 115 1
104 121 1
104 123 1
104 125 1
104 127 1
104 132 1
104 135 1
104 140 1
104 145 1
104 147 1
104 148 1
104 149 1
104 152 1
104 154 1
104 157 1
104 159 1
104 161 1
104 164 1
104 166 1
104 168 1
104 171 1
104 179 1
104 183 1
104 185 1
104 190 1
104 191 1
104 194 1
104 197 1
105 107 1
105 110 1
105 111 1
105 114 1
105 117 1
105 118 1
105 121 1
105 125 1
105 132 1
105 135 1
105 136 1
105 145 1
105 148 1
105 151 1
105 157 1
105 158 1
105 160 1
105 161 1
105 162 1
105 163 1
105 164 1
105 166 1
105 171 1
105 172 1
105 173 1
105 175 1
105 189 1
105 191 1
105 195 1
105 196 1
105 197 1
106 114 1
106 117 1
106 119 1
106 121 1
106 134 1
106 135 1
106 137 1
106 140 1
106 142 1
106 144 1
106 145 1
106 148 1
106 149 1
106 156 1
106 163 1
106 167 1
106 168 1
106 169 1
106 170 1
106 172 1
106 182 1
106 185 1
106 192 1
106 196 1
106 197 1
106 198 1
106 200 1
107 111 1
107 114 1
107 115 1
107 117 1
107 118 1
107 121 1
107 126 1
107 130 1
107 131 1
107 133 1
107 137 1
107 141 1
107 145 1
107 148 1
107 149 1
107 150 1
107 153 1
107 157 1
107 160 1
107 163 1
107 165 1
107 166 1
107 167 1
107 168 1
107 170 1
107 172 1
107 175 1
107 177 1
107 178 1
107 183 1
107 185 1
107 186 1
107 188 1
107 191 1
107 194 1
107 196 1
107 197 1
107 200 1
108 109 1
108 113 1
108 116 1
108 120 1
108 121 1
108 122 1
108 123 1
108 126 1
108 127 1
108 130 1
108 133 1
108 135 1
108 136 1
108 137 1
108 144 1
108 149 1
108 151 1
108 153 1
108 154 1
108 157 1
108 158 1
108 160 1
108 164 1
108 166 1
108 167 1
108 168 1
108 175 1
108 178 1
108 179 1
108 185 1
108 186 1
108 188 1
108 195 1
109 112 1
109 122 1
109 123 1
109 124 1
109 128 1
109 129 1
109 130 1
109 131 1
109 132 1
109 133 1
109 136 1
109 139 1
109 145 1
109 147 1
109 148 1
109 152 1
109 154 1
109 156 1
109 157 1
109 158 1
109 160 1
109 161 1
109 162 1
109 165 1
109 166 1
109 167 1
109 171 1
109 172 1
109 174 1
109 177 1
109 178 1
109 180 1
109 181 1
109 183 1
109 184 1
109 185 1
109 187 1
109 191 1
109 192 1
109 194 1
109 200 1
110 115 1
110 119 1
110 122 1
110 124 1
110 125 1
110 127 1
110 129 1
110 132 1
110 135 1
110 136 1
110 137 1
110 139 1
110 145 1
110 146 1
110 148 1
110 149 1
110 151 1
110 155 1
110 156 1
110 158 1
110 162 1
110 164 1
110 165 1
110 166 1
110 174 1
110 179 1
110 183 1
110 184 1
110 185 1
110 186 1
110 192 1
110 193 1
110 196 1
110 197 1
110 198 1
111 114 1
111 115 1
111 119 1
111 120 1
111 122 1
111 123 1
111 124 1
111 126 1
111 134 1
111 138 1
111 141 1
111 143 1
111 144 1
111 146 1
111 149 1
111 150 1
111 154 1
111 155 1
111 156 1
111 157 1
111 159 1
111 165 1
111 168 1
111 169 1
111 170 1
111 171 1
111 174 1
111 175 1
111 187 1
111 191 1
111 197 1
111 200 1
112 113 1
112 115 1
112 118 1
112 121 1
112 127 1
112 128 1
112 130 1
112 136 1
112 139 1
112 140 1
112 141 1
112 143 1
112 151 1
112 152 1
112 153 1
112 157 1
112 161 1
112 166 1
112 172 1
112 185 1
112 186 1
112 187 1
112 189 1
112 191 1
112 193 1
112 196 1
112 199 1
113 114 1
113 117 1
113 118 1
113 119 1
113 120 1
113 123 1
113 124 1
113 125 1
113 126 1
113 129 1
113 130 1
113 133 1
113 134 1
113 136 1
113 139 1
113 144 1
113 146 1
113 148 1
113 153 1
113 158 1
113 159 1
113 162 1
113 165 1
113 166 1
113 167 1
113 169 1
113 170 1
113 173 1
113 174 1
113 177 1
113 180 1
113 183 1
113 184 1
113 187 1
113 189 1
113 191 1
113 198 1
113 200 1
114 115 1
114 119 1
114 124 1
114 128 1
114 129 1
114 131 1
114 132 1
114 134 1
114 135 1
114 137 1
114 138 1
114 145 1
114 149 1
114 150 1
114 151 1
114 152 1
114 156 1
114 158 1
114 159 1
114 160 1
114 161 1
114 162 1
114 166 1
114 169 1
114 172 1
114 176 1
114 177 1
114 181 1
114 183 1
114 187 1
114 188 1
114 194 1
114 195 1
114 196 1
114 199 1
114 200 1
115 116 1
115 121 1
115 124 1
115 127 1
115 134 1
115 136 1
115 137 1
115 138 1
115 140 1
115 144 1
115 145 1
115 148 1
115 155 1
115 163 1
115 164 1
115 168 1
115 170 1
115 171 1
115 173 1
115 174 1
115 176 1
115 177 1
115 180 1
115 181 1
115 186 1
115 196 1
115 197 1
115 198 1
115 199 1
115 200 1
116 117 1
116 118 1
116 121 1
116 122 1
116 123 1
116 125 1
116 126 1
116 129 1
116 130 1
116 131 1
116 135 1
116 137 1
116 139 1
116 143 1
116 149 1
116 150 1
116 151 1
116 160 1
116 161 1
116 170 1
116 172 1
116 173 1
116 174 1
116 175 1
116 176 1
116 179 1
116 183 1
116 187 1
116 188 1
116 192 1
116 194 1
116 195 1
116 196 1
116 199 1
117 118 1
117 120 1
117 123 1
117 124 1
117 126 1
117 127 1
117 130 1
117 131 1
117 134 1
117 135 1
117 138 1
117 140 1
117 143 1
117 145 1
117 148 1
117 149 1
117 150 1
117 153 1
117 158 1
117 163 1
117 168 1
117 170 1
117 171 1
117 172 1
117 174 1
117 177 1
117 181 1
117 182 1
117 185 1
117 186 1
117 187 1
117 188 1
117 191 1
117 192 1
117 193 1
117 194 1
117 195 1
117 200 1
118 119 1
118 120 1
118 121 1
118 122 1
118 124 1
118 125 1
118 126 1
118 128 1
118 131 1
118 133 1
118 135 1
118 138 1
118 139 1
118 142 1
118 143 1
118 145 1
118 146 1
118 148 1
118 151 1
118 152 1
118 155 1
118 156 1
118 157 1
118 161 1
118 162 1
118 164 1
118 165 1
118 166 1
118 175 1
118 180 1
118 181 1
118 185 1
118 186 1
118 187 1
118 188 1
118 189 1
118 193 1
118 194 1
118 197 1
118 198 1
118 199 1
118 200 1
119 120 1
119 121 1
119 122 1
119 125 1
119 129 1
119 132 1
119 134 1
119 135 1
119 136 1
119 137 1
119 139 1
119 144 1
119 147 1
119 150 1
119 152 1
119 155 1
119 156 1
119 158 1
119 159 1
119 162 1
119 163 1
119 164 1
119 166 1
119 170 1
119 171 1
119 173 1
119 175 1
119 178 1
119 179 1
119 181 1
119 182 1
119 185 1
119 186 1
119 187 1
119 191 1
119 197 1
119 199 1
119 200 1
120 121 1
120 122 1
120 125 1
120 130 1
120 134 1
120 137 1
120 139 1
120 140 1
120 149 1
120 159 1
120 160 1
120 168 1
120 169 1
120 170 1
120 172 1
120 173 1
120 175 1
120 177 1
120 178 1
120 179 1
120 180 1
120 191 1
120 197 1
120 200 1
121 127 1
121 129 1
121 131 1
121 133 1
121 142 1
121 144 1
121 145 1
121 146 1
121 147 1
121 149 1
121 150 1
121 157 1
121 160 1
121 161 1
121 162 1
121 163 1
121 166 1
121 167 1
121 171 1
121 174 1
121 175 1
121 177 1
121 181 1
121 189 1
121 192 1
121 195 1
121 200 1
122 124 1
122 126 1
122 128 1
122 129 1
122 130 1
122 132 1
122 135 1
122 136 1
122 137 1
122 139 1
122 141 1
122 144 1
122 145 1
122 148 1
122 149 1
122 151 1
122 158 1
122 162 1
122 163 1
122 164 1
122 167 1
122 168 1
122 172 1
122 174 1
122 178 1
122 179 1
122 184 1
122 185 1
122 187 1
122 189 1
122 191 1
122 193 1
122 194 1
122 198 1
122 199 1
123 124 1
123 127 1
123 128 1
123 133 1
123 141 1
123 144 1
123 145 1
123 147 1
123 148 1
123 151 1
123 152 1
123 153 1
123 155 1
123 159 1
123 160 1
123 161 1
123 164 1
123 167 1
123 170 1
123 172 1
123 173 1
123 175 1
123 178 1
123 179 1
123 183 1
123 188 1
123 191 1
123 195 1
123 197 1
123 199 1
124 126 1
124 128 1
124 129 1
124 132 1
124 134 1
124 142 1
124 143 1
124 148 1
124 151 1
124 155 1
124 157 1
124 158 1
124 163 1
124 166 1
124 168 1
124 169 1
124 170 1
124 174 1
124 176 1
124 177 1
124 178 1
124 179 1
124 181 1
124 183 1
124 185 1
124 187 1
124 188 1
124 189 1
124 191 1
124 194 1
124 200 1
125 133 1
125 141 1
125 145 1
125 148 1
125 155 1
125 158 1
125 161 1
125 162 1
125 163 1
125 164 1
125 165 1
125 169 1
125 172 1
125 173 1
125 176 1
125 178 1
125 179 1
125 180 1
125 181 1
125 182 1
125 183 1
125 185 1
125 186 1
125 190 1
125 193 1
125 197 1
125 198 1
125 200 1
126 128 1
126 130 1
126 132 1
126 134 1
126 135 1
126 138 1
126 141 1
126 143 1
126 147 1
126 149 1
126 152 1
126 154 1
126 161 1
126 164 1
126 168 1
126 173 1
126 174 1
126 177 1
126 180 1
126 181 1
126 183 1
126 186 1
126 190 1
126 194 1
126 198 1
126 200 1
127 131 1
127 132 1
127 134 1
127 135 1
127 137 1
127 138 1
127 140 1
127 144 1
127 145 1
127 147 1
127 148 1
127 149 1
127 150 1
127 152 1
127 155 1
127 157 1
127 160 1
127 166 1
127 167 1
127 172 1
127 177 1
127 180 1
127 181 1
127 182 1
127 184 1
127 186 1
127 187 1
127 188 1
127 189 1
127 191 1
127 192 1
127 195 1
127 197 1
128 132 1
128 134 1
128 145 1
128 148 1
128 149 1
128 151 1
128 156 1
128 158 1
128 159 1
128 160 1
128 161 1
128 165 1
128 168 1
128 173 1
128 178 1
128 180 1
128 183 1
128 185 1
128 186 1
128 190 1
128 191 1
128 196 1
128 197 1
128 200 1
129 130 1
129 131 1
129 132 1
129 136 1
129 137 1
129 138 1
129 139 1
129 142 1
129 144 1
129 148 1
129 149 1
129 156 1
129 157 1
129 158 1
129 164 1
129 169 1
129 173 1
129 175 1
129 178 1
129 181 1
129 183 1
129 184 1
129 186 1
129 192 1
129 194 1
129 197 1
129 199 1
129 200 1
130 134 1
130 135 1
130 137 1
130 149 1
130 150 1
130 153 1
130 159 1
130 162 1
130 163 1
130 167 1
130 168 1
130 171 1
130 175 1
130 176 1
130 177 1
130 180 1
130 181 1
130 182 1
130 183 1
130 185 1
130 186 1
130 187 1
130 188 1
130 190 1
130 191 1
130 194 1
130 196 1
130 199 1
131 133 1
131 135 1
131 137 1
131 138 1
131 139 1
131 140 1
131 141 1
131 143 1
131 144 1
131 145 1
131 146 1
131 149 1
131 155 1
131 156 1
131 158 1
131 159 1
131 163 1
131 165 1
131 174 1
131 177 1
131 178 1
131 179 1
131 185 1
131 186 1
131 188 1
131 191 1
131 192 1
131 194 1
131 196 1
131 197 1
131 198 1
131 199 1
132 136 1
132 140 1
132 141 1
132 142 1
132 148 1
132 150 1
132 152 1
132 153 1
132 154 1
132 157 1
132 163 1
132 168 1
132 175 1
132 179 1
132 182 1
132 183 1
132 186 1
132 187 1
132 191 1
132 195 1
132 199 1
133 135 1
133 137 1
133 140 1
133 143 1
133 145 1
133 150 1
133 157 1
133 158 1
133 162 1
133 167 1
133 171 1
133 172 1
133 174 1
133 177 1
133 178 1
133 179 1
133 180 1
133 182 1
133 183 1
133 184 1
133 186 1
133 187 1
133 191 1
133 195 1
133 196 1
134 137 1
134 138 1
134 139 1
134 147 1
134 148 1
134 149 1
134 150 1
134 153 1
134 154 1
134 155 1
134 161 1
134 173 1
134 175 1
134 177 1
134 180 1
134 182 1
134 183 1
134 194 1
134 196 1
134 198 1
134 199 1
134 200 1
135 136 1
135 137 1
135 142 1
135 146 1
135 152 1
135 153 1
135 157 1
135 158 1
135 159 1
135 163 1
135 165 1
135 178 1
135 180 1
135 189 1
135 190 1
135 191 1
135 192 1
135 193 1
135 196 1
136 138 1
136 140 1
136 144 1
136 145 1
136 151 1
136 154 1
136 156 1
136 158 1
136 159 1
136 164 1
136 166 1
136 168 1
136 169 1
136 170 1
136 171 1
136 172 1
136 174 1
136 175 1
136 181 1
136 188 1
136 193 1
136 194 1
136 196 1
136 199 1
137 138 1
137 139 1
137 140 1
137 141 1
137 142 1
137 143 1
137 147 1
137 150 1
137 151 1
137 157 1
137 158 1
137 160 1
137 161 1
137 162 1
137 164 1
137 165 1
137 171 1
137 172 1
137 173 1
137 176 1
137 178 1
137 180 1
137 181 1
137 182 1
137 183 1
137 184 1
137 188 1
137 190 1
137 192 1
137 193 1
137 194 1
137 196 1
137 199 1
138 144 1
138 146 1
138 147 1
138 148 1
138 151 1
138 152 1
138 153 1
138 156 1
138 157 1
138 158 1
138 159 1
138 163 1
138 167 1
138 169 1
138 174 1
138 176 1
138 181 1
138 183 1
138 184 1
138 187 1
138 189 1
138 193 1
138 195 1
138 198 1
139 145 1
139 146 1
139 147 1
139 148 1
139 149 1
139 150 1
139 151 1
139 152 1
139 154 1
139 158 1
139 159 1
139 160 1
139 163 1
139 165 1
139 167 1
139 168 1
139 169 1
139 173 1
139 175 1
139 176 1
139 182 1
139 184 1
139 188 1
139 189 1
139 190 1
139 191 1
139 199 1
139 200 1
140 143 1
140 144 1
140 146 1
140 147 1
140 150 1
140 154 1
140 155 1
140 158 1
140 159 1
140 160 1
140 161 1
140 162 1
140 167 1
140 168 1
140 169 1
140 171 1
140 173 1
140 175 1
140 176 1
140 178 1
140 180 1
140 181 1
140 183 1
140 185 1
140 188 1
140 189 1
140 192 1
140 194 1
140 195 1
140 196 1
140 198 1
141 144 1
141 147 1
141 148 1
141 152 1
141 154 1
141 156 1
141 168 1
141 169 1
141 170 1
141 178 1
141 181 1
141 187 1
141 190 1
141 192 1
141 194 1
141 197 1
141 199 1
141 200 1
142 143 1
142 144 1
142 145 1
142 156 1
142 157 1
142 159 1
142 161 1
142 163 1
142 164 1
142 165 1
142 166 1
142 176 1
142 178 1
142 180 1
142 181 1
142 185 1
142 189 1
142 192 1
142 195 1
142 198 1
142 199 1
143 147 1
143 149 1
143 151 1
143 152 1
143 155 1
143 156 1
143 158 1
143 160 1
143 161 1
143 162 1
143 165 1
143 166 1
143 168 1
143 174 1
143 178 1
143 180 1
143 183 1
143 184 1
143 190 1
143 192 1
143 193 1
143 197 1
143 198 1
144 146 1
144 147 1
144 157 1
144 159 1
144 160 1
144 165 1
144 170 1
144 175 1
144 176 1
144 177 1
144 179 1
144 180 1
144 182 1
144 184 1
144 185 1
144 186 1
144 188 1
144 189 1
144 191 1
144 193 1
144 194 1
144 196 1
144 199 1
145 146 1
145 151 1
145 155 1
145 156 1
145 157 1
145 159 1
145 165 1
145 168 1
145 172 1
145 178 1
145 179 1
145 181 1
145 182 1
145 183 1
145 184 1
145 185 1
145 187 1
145 188 1
145 189 1
145 191 1
145 192 1
145 197 1
145 198 1
145 199 1
146 150 1
146 151 1
146 153 1
146 154 1
146 155 1
146 156 1
146 157 1
146 161 1
146 162 1
146 165 1
146 167 1
146 168 1
146 173 1
146 174 1
146 179 1
146 186 1
146 187 1
146 188 1
146 189 1
146 191 1
146 193 1
146 197 1
146 198 1
147 149 1
147 154 1
147 155 1
147 158 1
147 160 1
147 161 1
147 168 1
147 169 1
147 170 1
147 171 1
147 178 1
147 182 1
147 184 1
147 185 1
147 186 1
147 188 1
147 198 1
147 200 1
148 154 1
148 156 1
148 158 1
148 159 1
148 163 1
148 165 1
148 168 1
148 170 1
148 172 1
148 175 1
148 177 1
148 187 1
148 188 1
148 190 1
148 196 1
148 197 1
148 199 1
148 200 1
149 150 1
149 152 1
149 157 1
149 158 1
149 161 1
149 164 1
149 166 1
149 168 1
149 169 1
149 174 1
149 177 1
149 179 1
149 181 1
149 182 1
149 184 1
149 186 1
149 188 1
149 189 1
149 190 1
149 191 1
149 193 1
149 194 1
149 199 1
150 151 1
150 154 1
150 157 1
150 160 1
150 164 1
150 165 1
150 173 1
150 174 1
150 175 1
150 179 1
150 182 1
150 183 1
150 186 1
150 190 1
150 193 1
150 195 1
150 196 1
150 200 1
151 156 1
151 158 1
151 159 1
151 161 1
151 162 1
151 167 1
151 169 1
151 170 1
151 176 1
151 178 1
151 179 1
151 181 1
151 183 1
151 184 1
151 189 1
151 192 1
151 198 1
151 200 1
152 153 1
152 155 1
152 157 1
152 158 1
152 161 1
152 164 1
152 165 1
152 166 1
152 167 1
152 172 1
152 173 1
152 174 1
152 176 1
152 177 1
152 180 1
152 181 1
152 185 1
152 186 1
152 195 1
152 196 1
152 197 1
152 198 1
152 199 1
152 200 1
153 154 1
153 157 1
153 158 1
153 165 1
153 170 1
153 172 1
153 173 1
153 174 1
153 175 1
153 176 1
153 178 1
153 179 1
153 180 1
153 182 1
153 183 1
153 184 1
153 186 1
153 187 1
153 188 1
153 192 1
153 194 1
153 195 1
153 197 1
153 199 1
153 200 1
154 157 1
154 158 1
154 164 1
154 166 1
154 167 1
154 170 1
154 171 1
154 173 1
154 176 1
154 177 1
154 178 1
154 181 1
154 184 1
154 186 1
154 188 1
154 189 1
154 196 1
155 157 1
155 158 1
155 163 1
155 168 1
155 169 1
155 171 1
155 176 1
155 178 1
155 180 1
155 183 1
155 184 1
155 185 1
155 187 1
155 192 1
155 194 1
155 200 1
156 159 1
156 160 1
156 167 1
156 172 1
156 173 1
156 178 1
156 179 1
156 180 1
156 182 1
156 189 1
156 191 1
156 195 1
156 196 1
156 200 1
157 158 1
157 159 1
157 160 1
157 165 1
157 166 1
157 169 1
157 175 1
157 177 1
157 181 1
157 185 1
157 186 1
157 188 1
157 195 1
157 200 1
158 159 1
158 161 1
158 164 1
158 167 1
158 170 1
158 172 1
158 175 1
158 176 1
158 180 1
158 181 1
158 186 1
158 187 1
158 188 1
158 190 1
158 195 1
158 196 1
158 198 1
158 200 1
159 164 1
159 169 1
159 170 1
159 171 1
159 172 1
159 173 1
159 177 1
159 180 1
159 184 1
159 189 1
159 190 1
159 192 1
159 194 1
159 195 1
159 199 1
160 162 1
160 165 1
160 167 1
160 172 1
160 176 1
160 177 1
160 182 1
160 187 1
160 191 1
160 196 1
161 163 1
161 164 1
161 165 1
161 167 1
161 170 1
161 171 1
161 172 1
161 176 1
161 177 1
161 178 1
161 184 1
161 189 1
161 192 1
161 193 1
161 194 1
161 196 1
161 197 1
162 167 1
162 173 1
162 176 1
162 178 1
162 180 1
162 183 1
162 185 1
162 187 1
162 190 1
162 200 1
163 167 1
163 169 1
163 174 1
163 177 1
163 181 1
163 182 1
163 183 1
163 192 1
163 194 1
163 195 1
163 196 1
163 197 1
163 199 1
163 200 1
164 165 1
164 169 1
164 171 1
164 172 1
164 175 1
164 176 1
164 177 1
164 178 1
164 180 1
164 183 1
164 184 1
164 188 1
164 192 1
164 193 1
164 195 1
164 196 1
164 199 1
165 166 1
165 167 1
165 180 1
165 185 1
165 186 1
165 192 1
165 193 1
166 168 1
166 170 1
166 171 1
166 173 1
166 175 1
166 178 1
166 179 1
166 181 1
166 182 1
166 185 1
166 187 1
166 188 1
166 196 1
166 197 1
167 171 1
167 174 1
167 175 1
167 177 1
167 178 1
167 182 1
167 183 1
167 185 1
167 188 1
167 191 1
167 192 1
167 193 1
168 169 1
168 173 1
168 175 1
168 178 1
168 179 1
168 180 1
168 185 1
168 186 1
168 187 1
168 190 1
168 192 1
168 193 1
168 198 1
168 200 1
169 172 1
169 174 1
169 178 1
169 179 1
169 181 1
169 188 1
169 193 1
169 194 1
169 200 1
170 174 1
170 177 1
170 180 1
170 181 1
170 182 1
170 185 1
170 187 1
170 190 1
170 195 1
170 196 1
170 197 1
170 198 1
170 200 1
171 172 1
171 175 1
171 176 1
171 179 1
171 183 1
171 184 1
171 185 1
171 188 1
171 189 1
171 191 1
171 193 1
171 194 1
171 196 1
171 197 1
171 199 1
172 173 1
172 175 1
172 177 1
172 178 1
172 179 1
172 183 1
172 186 1
172 194 1
172 196 1
172 197 1
172 199 1
172 200 1
173 176 1
173 182 1
173 184 1
173 186 1
173 187 1
173 189 1
173 191 1
173 194 1
173 195 1
173 198 1
173 199 1
173 200 1
174 178 1
174 183 1
174 184 1
174 190 1
174 193 1
174 197 1
174 200 1
175 178 1
175 181 1
175 185 1
175 186 1
175 187 1
175 198 1
176 179 1
176 182 1
176 184 1
176 187 1
176 189 1
176 191 1
176 193 1
176 198 1
177 178 1
177 179 1
177 184 1
177 185 1
177 188 1
177 189 1
177 190 1
177 191 1
177 195 1
177 198 1
178 182 1
178 184 1
178 195 1
178 196 1
178 197 1
179 180 1
179 181 1
179 185 1
179 188 1
179 195 1
180 184 1
180 186 1
180 187 1
180 189 1
180 195 1
180 197 1
181 182 1
181 185 1
181 192 1
181 196 1
181 197 1
181 200 1
182 184 1
182 186 1
182 187 1
182 188 1
182 192 1
182 194 1
182 199 1
182 200 1
183 184 1
183 186 1
183 187 1
183 188 1
183 199 1
184 185 1
184 188 1
184 189 1
184 190 1
184 192 1
184 193 1
184 196 1
184 198 1
185 188 1
185 189 1
185 190 1
185 197 1
185 199 1
185 200 1
186 187 1
186 188 1
186 190 1
186 191 1
186 193 1
186 197 1
186 200 1
187 189 1
187 190 1
187 193 1
187 194 1
187 195 1
187 196 1
187 197 1
187 198 1
188 189 1
188 190 1
188 191 1
188 194 1
188 195 1
188 198 1
188 200 1
189 192 1
189 193 1
189 199 1
190 192 1
190 194 1
190 195 1
190 199 1
191 192 1
191 195 1
192 196 1
192 197 1
192 200 1
193 196 1
193 198 1
194 195 1
195 198 1
195 200 1
196 197 1
196 198 1
196 199 1
