200 5066
1 2 1
1 3 1
1 4 1
1 12 1
1 17 1
1 19 1
1 21 1
1 23 1
1 25 1
1 33 1
1 38 1
1 45 1
1 47 1
1 49 1
1 51 1
1 52 1
1 54 1
1 57 1
1 68 1
1 71 1
1 72 1
1 82 1
1 85 1
1 89 1
1 90 1
1 92 1
1 97 1
1 99 1
1 101 1
1 117 1
1 118 1
1 121 1
1 122 1
1 125 1
1 126 1
1 127 1
1 131 1
1 132 1
1 136 1
1 140 1
1 141 1
1 146 1
1 147 1
1 152 1
1 156 1
1 163 1
1 165 1
1 168 1
1 171 1
1 177 1
1 180 1
1 181 1
1 184 1
1 189 1
1 192 1
1 193 1
1 195 1
1 196 1
1 200 1
2 8 1
2 10 1
2 11 1
2 18 1
2 21 1
2 28 1
2 31 1
2 36 1
2 37 1
2 38 1
2 39 1
2 41 1
2 42 1
2 44 1
2 45 1
2 46 1
2 48 1
2 66 1
2 69 1
2 70 1
2 76 1
2 80 1
2 81 1
2 83 1
2 84 1
2 85 1
2 87 1
2 95 1
2 97 1
2 106 1
2 110 1
2 111 1
2 120 1
2 131 1
2 134 1
2 138 1
2 146 1
2 147 1
2 165 1
2 167 1
2 169 1
2 170 1
2 181 1
2 182 1
2 183 1
2 184 1
2 187 1
2 189 1
2 192 1
2 196 1
2 197 1
3 6 1
3 7 1
3 8 1
3 14 1
3 16 1
3 21 1
3 29 1
3 30 1
3 47 1
3 48 1
3 67 1
3 68 1
3 73 1
3 77 1
3 86 1
3 99 1
3 100 1
3 108 1
3 109 1
3 112 1
3 118 1
3 125 1
3 128 1
3 135 1
3 142 1
3 143 1
3 148 1
3 165 1
3 173 1
3 176 1
3 179 1
3 180 1
3 186 1
3 187 1
3 192 1
3 196 1
3 199 1
3 200 1
4 7 1
4 10 1
4 11 1
4 12 1
4 17 1
4 21 1
4 23 1
4 24 1
4 28 1
4 29 1
4 30 1
4 35 1
4 37 1
4 39 1
4 40 1
4 44 1
4 47 1
4 57 1
4 61 1
4 65 1
4 71 1
4 74 1
4 75 1
4 81 1
4 86 1
4 87 1
4 97 1
4 98 1
4 99 1
4 114 1
4 139 1
4 140 1
4 142 1
4 146 1
4 147 1
4 150 1
4 154 1
4 161 1
4 177 1
4 178 1
4 182 1
4 187 1
4 192 1
5 7 1
5 17 1
5 18 1
5 19 1
5 24 1
5 27 1
5 30 1
5 34 1
5 35 1
5 36 1
5 39 1
5 43 1
5 44 1
5 49 1
5 52 1
5 54 1
5 55 1
5 58 1
5 59 1
5 61 1
5 64 1
5 66 1
5 67 1
5 70 1
5 71 1
5 72 1
5 74 1
5 80 1
5 83 1
5 85 1
5 88 1
5 94 1
5 98 1
5 105 1
5 108 1
5 110 1
5 113 1
5 114 1
5 118 1
5 128 1
5 129 1
5 134 1
5 137 1
5 138 1
5 145 1
5 146 1
5 148 1
5 149 1
5 156 1
5 158 1
5 161 1
5 162 1
5 170 1
5 171 1
5 173 1
5 176 1
5 180 1
5 188 1
5 194 1
6 10 1
6 12 1
6 14 1
6 18 1
6 34 1
6 36 1
6 37 1
6 39 1
6 41 1
6 44 1
6 48 1
6 54 1
6 57 1
6 61 1
6 62 1
6 64 1
6 77 1
6 79 1
6 82 1
6 85 1
6 92 1
6 93 1
6 95 1
6 97 1
6 99 1
6 100 1
6 101 1
6 102 1
6 103 1
6 104 1
6 105 1
6 109 1
6 116 1
6 119 1
6 126 1
6 130 1
6 143 1
6 146 1
6 148 1
6 156 1
6 159 1
6 160 1
6 170 1
6 174 1
6 176 1
6 181 1
6 187 1
6 191 1
6 192 1
6 195 1
6 197 1
6 198 1
7 10 1
7 14 1
7 16 1
7 21 1
7 25 1
7 30 1
7 31 1
7 32 1
7 37 1
7 38 1
7 48 1
7 49 1
7 50 1
7 52 1
7 60 1
7 61 1
7 62 1
7 69 1
7 71 1
7 80 1
7 83 1
7 86 1
7 87 1
7 88 1
7 89 1
7 93 1
7 97 1
7 118 1
7 121 1
7 125 1
7 128 1
7 130 1
7 134 1
7 135 1
7 140 1
7 141 1
7 142 1
7 143 1
7 144 1
7 147 1
7 148 1
7 149 1
7 151 1
7 163 1
7 166 1
7 168 1
7 169 1
7 173 1
7 175 1
7 176 1
7 191 1
8 9 1
8 12 1
8 23 1
8 25 1
8 26 1
8 30 1
8 31 1
8 52 1
8 54 1
8 60 1
8 64 1
8 65 1
8 68 1
8 71 1
8 80 1
8 87 1
8 88 1
8 89 1
8 90 1
8 93 1
8 96 1
8 97 1
8 100 1
8 106 1
8 117 1
8 119 1
8 123 1
8 124 1
8 128 1
8 129 1
8 134 1
8 142 1
8 145 1
8 151 1
8 153 1
8 162 1
8 166 1
8 168 1
8 171 1
8 173 1
8 177 1
8 187 1
8 191 1
8 192 1
8 195 1
8 197 1
9 13 1
9 19 1
9 34 1
9 36 1
9 44 1
9 45 1
9 46 1
9 47 1
9 50 1
9 55 1
9 56 1
9 58 1
9 59 1
9 62 1
9 64 1
9 67 1
9 68 1
9 71 1
9 72 1
9 73 1
9 83 1
9 87 1
9 88 1
9 90 1
9 98 1
9 101 1
9 103 1
9 104 1
9 106 1
9 107 1
9 108 1
9 115 1
9 119 1
9 120 1
9 126 1
9 128 1
9 129 1
9 131 1
9 134 1
9 138 1
9 143 1
9 147 1
9 148 1
9 154 1
9 157 1
9 164 1
9 167 1
9 168 1
9 179 1
9 180 1
9 181 1
9 189 1
9 191 1
9 197 1
10 39 1
10 44 1
10 45 1
10 50 1
10 54 1
10 61 1
10 63 1
10 66 1
10 71 1
10 73 1
10 83 1
10 84 1
10 87 1
10 93 1
10 96 1
10 99 1
10 100 1
10 101 1
10 102 1
10 109 1
10 110 1
10 114 1
10 116 1
10 118 1
10 119 1
10 123 1
10 130 1
10 132 1
10 142 1
10 149 1
10 151 1
10 157 1
10 158 1
10 162 1
10 163 1
10 164 1
10 169 1
10 173 1
10 176 1
10 177 1
10 185 1
10 187 1
10 192 1
10 198 1
10 199 1
11 15 1
11 17 1
11 18 1
11 20 1
11 23 1
11 26 1
11 30 1
11 34 1
11 35 1
11 36 1
11 37 1
11 44 1
11 47 1
11 49 1
11 50 1
11 53 1
11 56 1
11 58 1
11 63 1
11 68 1
11 77 1
11 78 1
11 85 1
11 89 1
11 106 1
11 107 1
11 112 1
11 113 1
11 114 1
11 120 1
11 123 1
11 136 1
11 140 1
11 145 1
11 148 1
11 151 1
11 154 1
11 162 1
11 168 1
11 170 1
11 171 1
11 172 1
11 177 1
11 178 1
11 190 1
11 191 1
11 193 1
11 196 1
12 19 1
12 20 1
12 23 1
12 25 1
12 27 1
12 34 1
12 36 1
12 40 1
12 46 1
12 49 1
12 52 1
12 53 1
12 55 1
12 59 1
12 66 1
12 68 1
12 69 1
12 71 1
12 74 1
12 79 1
12 80 1
12 82 1
12 89 1
12 94 1
12 95 1
12 99 1
12 102 1
12 104 1
12 107 1
12 111 1
12 113 1
12 117 1
12 124 1
12 126 1
12 128 1
12 129 1
12 132 1
12 135 1
12 141 1
12 143 1
12 145 1
12 146 1
12 147 1
12 148 1
12 156 1
12 164 1
12 167 1
12 168 1
12 170 1
12 174 1
12 177 1
12 178 1
12 180 1
12 183 1
12 184 1
12 185 1
12 189 1
12 193 1
12 196 1
12 198 1
12 200 1
13 21 1
13 22 1
13 35 1
13 38 1
13 39 1
13 41 1
13 49 1
13 52 1
13 54 1
13 65 1
13 68 1
13 76 1
13 80 1
13 83 1
13 89 1
13 90 1
13 95 1
13 99 1
13 101 1
13 106 1
13 107 1
13 113 1
13 115 1
13 122 1
13 127 1
13 130 1
13 131 1
13 133 1
13 135 1
13 136 1
13 137 1
13 141 1
13 145 1
13 148 1
13 149 1
13 158 1
13 163 1
13 171 1
13 173 1
13 179 1
13 180 1
13 182 1
13 192 1
13 193 1
13 195 1
13 200 1
14 16 1
14 23 1
14 25 1
14 26 1
14 28 1
14 29 1
14 34 1
14 46 1
14 50 1
14 51 1
14 53 1
14 60 1
14 61 1
14 67 1
14 76 1
14 77 1
14 78 1
14 80 1
14 81 1
14 82 1
14 83 1
14 86 1
14 88 1
14 90 1
14 94 1
14 102 1
14 104 1
14 107 1
14 113 1
14 114 1
14 119 1
14 123 1
14 132 1
14 136 1
14 137 1
14 139 1
14 141 1
14 143 1
14 144 1
14 146 1
14 150 1
14 151 1
14 161 1
14 164 1
14 167 1
14 169 1
14 175 1
14 182 1
14 198 1
14 199 1
15 24 1
15 25 1
15 28 1
15 32 1
15 38 1
15 39 1
15 41 1
15 43 1
15 49 1
15 55 1
15 58 1
15 67 1
15 68 1
15 71 1
15 72 1
15 77 1
15 93 1
15 94 1
15 95 1
15 99 1
15 100 1
15 102 1
15 104 1
15 109 1
15 110 1
15 113 1
15 119 1
15 127 1
15 131 1
15 141 1
15 142 1
15 144 1
15 146 1
15 153 1
15 154 1
15 157 1
15 160 1
15 169 1
15 170 1
15 174 1
15 182 1
15 183 1
15 185 1
15 193 1
15 194 1
16 18 1
16 19 1
16 30 1
16 32 1
16 34 1
16 35 1
16 37 1
16 40 1
16 41 1
16 42 1
16 47 1
16 55 1
16 60 1
16 65 1
16 67 1
16 68 1
16 86 1
16 89 1
16 90 1
16 95 1
16 99 1
16 100 1
16 113 1
16 118 1
16 119 1
16 126 1
16 128 1
16 136 1
16 137 1
16 138 1
16 142 1
16 145 1
16 148 1
16 149 1
16 154 1
16 157 1
16 160 1
16 166 1
16 172 1
16 180 1
16 184 1
16 186 1
16 187 1
16 200 1
17 20 1
17 24 1
17 28 1
17 29 1
17 30 1
17 31 1
17 34 1
17 47 1
17 48 1
17 49 1
17 53 1
17 56 1
17 64 1
17 67 1
17 69 1
17 72 1
17 75 1
17 80 1
17 81 1
17 82 1
17 89 1
17 90 1
17 95 1
17 96 1
17 99 1
17 101 1
17 102 1
17 107 1
17 109 1
17 110 1
17 116 1
17 118 1
17 120 1
17 121 1
17 128 1
17 131 1
17 135 1
17 137 1
17 138 1
17 140 1
17 149 1
17 155 1
17 167 1
17 172 1
17 175 1
17 177 1
17 183 1
17 186 1
17 197 1
18 24 1
18 26 1
18 27 1
18 30 1
18 47 1
18 50 1
18 53 1
18 56 1
18 62 1
18 63 1
18 82 1
18 83 1
18 86 1
18 91 1
18 97 1
18 100 1
18 101 1
18 103 1
18 115 1
18 121 1
18 128 1
18 131 1
18 133 1
18 143 1
18 149 1
18 152 1
18 153 1
18 164 1
18 169 1
18 173 1
18 174 1
18 177 1
18 182 1
18 188 1
18 192 1
18 195 1
18 196 1
18 197 1
18 198 1
18 200 1
19 22 1
19 25 1
19 28 1
19 30 1
19 34 1
19 43 1
19 45 1
19 46 1
19 47 1
19 49 1
19 50 1
19 51 1
19 55 1
19 61 1
19 66 1
19 74 1
19 75 1
19 85 1
19 87 1
19 89 1
19 94 1
19 97 1
19 100 1
19 102 1
19 107 1
19 112 1
19 123 1
19 131 1
19 132 1
19 142 1
19 150 1
19 156 1
19 157 1
19 161 1
19 164 1
19 166 1
19 168 1
19 177 1
19 180 1
19 181 1
19 184 1
19 187 1
19 194 1
19 196 1
20 22 1
20 23 1
20 29 1
20 37 1
20 40 1
20 44 1
20 46 1
20 51 1
20 54 1
20 55 1
20 56 1
20 62 1
20 63 1
20 66 1
20 72 1
20 77 1
20 86 1
20 103 1
20 104 1
20 107 1
20 109 1
20 120 1
20 131 1
20 132 1
20 137 1
20 140 1
20 148 1
20 158 1
20 168 1
20 171 1
20 173 1
20 179 1
20 180 1
20 181 1
20 184 1
20 185 1
20 197 1
21 24 1
21 30 1
21 33 1
21 34 1
21 35 1
21 36 1
21 42 1
21 49 1
21 51 1
21 55 1
21 58 1
21 59 1
21 62 1
21 65 1
21 75 1
21 76 1
21 81 1
21 82 1
21 83 1
21 88 1
21 92 1
21 98 1
21 100 1
21 105 1
21 106 1
21 122 1
21 123 1
21 128 1
21 136 1
21 138 1
21 143 1
21 145 1
21 148 1
21 152 1
21 157 1
21 161 1
21 164 1
21 173 1
21 177 1
21 178 1
21 180 1
21 183 1
21 185 1
21 186 1
21 187 1
21 189 1
21 195 1
21 197 1
21 198 1
22 24 1
22 28 1
22 31 1
22 40 1
22 47 1
22 51 1
22 60 1
22 65 1
22 69 1
22 70 1
22 73 1
22 74 1
22 75 1
22 76 1
22 79 1
22 81 1
22 89 1
22 102 1
22 108 1
22 110 1
22 116 1
22 119 1
22 129 1
22 133 1
22 134 1
22 141 1
22 143 1
22 147 1
22 148 1
22 149 1
22 164 1
22 169 1
22 171 1
22 172 1
22 175 1
22 180 1
22 181 1
23 30 1
23 32 1
23 39 1
23 51 1
23 65 1
23 69 1
23 70 1
23 71 1
23 76 1
23 79 1
23 85 1
23 87 1
23 90 1
23 91 1
23 92 1
23 95 1
23 96 1
23 98 1
23 99 1
23 101 1
23 105 1
23 111 1
23 113 1
23 116 1
23 124 1
23 125 1
23 128 1
23 131 1
23 132 1
23 133 1
23 137 1
23 138 1
23 148 1
23 152 1
23 153 1
23 156 1
23 159 1
23 160 1
23 170 1
23 172 1
23 180 1
23 182 1
23 183 1
23 185 1
23 189 1
23 191 1
23 193 1
23 199 1
24 25 1
24 40 1
24 42 1
24 46 1
24 49 1
24 57 1
24 60 1
24 61 1
24 63 1
24 73 1
24 84 1
24 87 1
24 90 1
24 91 1
24 95 1
24 96 1
24 104 1
24 107 1
24 110 1
24 111 1
24 113 1
24 114 1
24 118 1
24 119 1
24 121 1
24 123 1
24 125 1
24 133 1
24 134 1
24 135 1
24 139 1
24 141 1
24 145 1
24 146 1
24 148 1
24 157 1
24 158 1
24 162 1
24 163 1
24 166 1
24 172 1
24 176 1
24 179 1
24 184 1
24 185 1
24 195 1
24 196 1
24 197 1
25 28 1
25 30 1
25 33 1
25 34 1
25 35 1
25 37 1
25 41 1
25 45 1
25 46 1
25 47 1
25 48 1
25 51 1
25 52 1
25 62 1
25 63 1
25 66 1
25 67 1
25 72 1
25 73 1
25 76 1
25 81 1
25 83 1
25 84 1
25 87 1
25 93 1
25 95 1
25 107 1
25 111 1
25 116 1
25 118 1
25 124 1
25 131 1
25 133 1
25 143 1
25 148 1
25 150 1
25 152 1
25 167 1
25 175 1
25 183 1
25 186 1
25 189 1
25 193 1
25 194 1
25 196 1
25 199 1
26 27 1
26 30 1
26 33 1
26 34 1
26 35 1
26 43 1
26 45 1
26 50 1
26 55 1
26 60 1
26 64 1
26 66 1
26 74 1
26 78 1
26 82 1
26 88 1
26 90 1
26 96 1
26 102 1
26 110 1
26 113 1
26 127 1
26 129 1
26 135 1
26 136 1
26 139 1
26 140 1
26 142 1
26 147 1
26 148 1
26 153 1
26 155 1
26 157 1
26 161 1
26 164 1
26 169 1
26 177 1
26 184 1
26 193 1
26 195 1
26 197 1
27 40 1
27 43 1
27 57 1
27 61 1
27 62 1
27 63 1
27 64 1
27 65 1
27 67 1
27 71 1
27 77 1
27 78 1
27 80 1
27 82 1
27 89 1
27 95 1
27 102 1
27 110 1
27 112 1
27 118 1
27 120 1
27 122 1
27 132 1
27 136 1
27 140 1
27 142 1
27 158 1
27 167 1
27 177 1
27 178 1
27 179 1
27 187 1
27 188 1
28 37 1
28 39 1
28 43 1
28 44 1
28 46 1
28 57 1
28 58 1
28 60 1
28 62 1
28 70 1
28 77 1
28 82 1
28 85 1
28 86 1
28 87 1
28 90 1
28 91 1
28 95 1
28 97 1
28 99 1
28 102 1
28 110 1
28 111 1
28 113 1
28 116 1
28 123 1
28 124 1
28 126 1
28 129 1
28 136 1
28 147 1
28 148 1
28 154 1
28 171 1
28 179 1
28 183 1
28 185 1
28 189 1
28 196 1
28 199 1
29 31 1
29 34 1
29 38 1
29 42 1
29 47 1
29 50 1
29 52 1
29 53 1
29 69 1
29 71 1
29 81 1
29 83 1
29 89 1
29 90 1
29 93 1
29 98 1
29 100 1
29 103 1
29 108 1
29 109 1
29 112 1
29 119 1
29 120 1
29 123 1
29 129 1
29 130 1
29 135 1
29 144 1
29 145 1
29 146 1
29 153 1
29 155 1
29 168 1
29 172 1
29 175 1
29 182 1
29 183 1
29 184 1
29 189 1
29 191 1
29 198 1
29 200 1
30 32 1
30 34 1
30 38 1
30 39 1
30 49 1
30 57 1
30 59 1
30 63 1
30 68 1
30 69 1
30 70 1
30 75 1
30 78 1
30 80 1
30 81 1
30 82 1
30 88 1
30 98 1
30 100 1
30 102 1
30 107 1
30 109 1
30 110 1
30 121 1
30 123 1
30 124 1
30 126 1
30 129 1
30 131 1
30 134 1
30 140 1
30 146 1
30 151 1
30 152 1
30 153 1
30 155 1
30 157 1
30 159 1
30 176 1
30 179 1
30 181 1
30 192 1
30 196 1
31 34 1
31 37 1
31 38 1
31 40 1
31 42 1
31 43 1
31 46 1
31 49 1
31 51 1
31 55 1
31 56 1
31 66 1
31 67 1
31 69 1
31 74 1
31 76 1
31 79 1
31 80 1
31 84 1
31 87 1
31 91 1
31 97 1
31 100 1
31 108 1
31 113 1
31 122 1
31 124 1
31 129 1
31 131 1
31 132 1
31 133 1
31 136 1
31 141 1
31 142 1
31 143 1
31 149 1
31 150 1
31 154 1
31 156 1
31 166 1
31 167 1
31 177 1
31 179 1
31 180 1
31 182 1
31 186 1
31 191 1
31 193 1
31 196 1
32 39 1
32 47 1
32 51 1
32 52 1
32 60 1
32 61 1
32 66 1
32 68 1
32 70 1
32 72 1
32 77 1
32 88 1
32 89 1
32 91 1
32 97 1
32 102 1
32 105 1
32 106 1
32 117 1
32 119 1
32 133 1
32 134 1
32 136 1
32 143 1
32 149 1
32 150 1
32 154 1
32 157 1
32 158 1
32 164 1
32 168 1
32 173 1
32 184 1
32 200 1
33 37 1
33 38 1
33 41 1
33 44 1
33 55 1
33 63 1
33 64 1
33 65 1
33 67 1
33 69 1
33 70 1
33 72 1
33 77 1
33 80 1
33 81 1
33 85 1
33 87 1
33 94 1
33 96 1
33 100 1
33 103 1
33 105 1
33 112 1
33 113 1
33 117 1
33 124 1
33 125 1
33 127 1
33 128 1
33 137 1
33 144 1
33 146 1
33 152 1
33 154 1
33 162 1
33 163 1
33 164 1
33 166 1
33 168 1
33 170 1
33 172 1
33 176 1
33 181 1
33 182 1
33 183 1
33 185 1
33 186 1
33 190 1
33 197 1
33 198 1
33 199 1
33 200 1
34 40 1
34 47 1
34 49 1
34 52 1
34 62 1
34 65 1
34 67 1
34 68 1
34 70 1
34 77 1
34 80 1
34 94 1
34 95 1
34 98 1
34 102 1
34 103 1
34 104 1
34 106 1
34 108 1
34 117 1
34 121 1
34 122 1
34 136 1
34 140 1
34 145 1
34 151 1
34 153 1
34 161 1
34 163 1
34 166 1
34 186 1
34 189 1
34 190 1
34 197 1
35 36 1
35 42 1
35 48 1
35 52 1
35 56 1
35 62 1
35 63 1
35 73 1
35 78 1
35 80 1
35 84 1
35 87 1
35 88 1
35 89 1
35 92 1
35 94 1
35 97 1
35 99 1
35 107 1
35 110 1
35 115 1
35 116 1
35 118 1
35 127 1
35 128 1
35 133 1
35 134 1
35 153 1
35 154 1
35 156 1
35 157 1
35 161 1
35 162 1
35 165 1
35 167 1
35 168 1
35 169 1
35 171 1
35 174 1
35 178 1
35 185 1
35 197 1
36 42 1
36 47 1
36 50 1
36 52 1
36 55 1
36 60 1
36 62 1
36 64 1
36 65 1
36 66 1
36 67 1
36 68 1
36 83 1
36 87 1
36 93 1
36 97 1
36 99 1
36 102 1
36 104 1
36 106 1
36 111 1
36 123 1
36 136 1
36 137 1
36 141 1
36 146 1
36 150 1
36 151 1
36 161 1
36 165 1
36 170 1
36 176 1
36 177 1
36 184 1
36 188 1
36 189 1
36 192 1
37 38 1
37 39 1
37 43 1
37 48 1
37 55 1
37 63 1
37 65 1
37 71 1
37 72 1
37 73 1
37 74 1
37 77 1
37 80 1
37 81 1
37 83 1
37 88 1
37 95 1
37 96 1
37 103 1
37 104 1
37 109 1
37 110 1
37 112 1
37 113 1
37 114 1
37 116 1
37 123 1
37 133 1
37 134 1
37 139 1
37 145 1
37 149 1
37 153 1
37 157 1
37 168 1
37 169 1
37 173 1
37 176 1
37 178 1
37 180 1
37 194 1
37 196 1
37 197 1
37 199 1
38 47 1
38 48 1
38 52 1
38 56 1
38 66 1
38 74 1
38 75 1
38 76 1
38 79 1
38 80 1
38 81 1
38 82 1
38 84 1
38 88 1
38 93 1
38 94 1
38 96 1
38 97 1
38 100 1
38 102 1
38 105 1
38 106 1
38 111 1
38 112 1
38 114 1
38 118 1
38 119 1
38 120 1
38 123 1
38 124 1
38 126 1
38 131 1
38 135 1
38 150 1
38 160 1
38 167 1
38 168 1
38 169 1
38 175 1
38 183 1
38 184 1
38 193 1
38 196 1
39 42 1
39 43 1
39 45 1
39 46 1
39 58 1
39 65 1
39 66 1
39 69 1
39 71 1
39 75 1
39 78 1
39 84 1
39 97 1
39 98 1
39 100 1
39 101 1
39 105 1
39 107 1
39 110 1
39 115 1
39 116 1
39 117 1
39 119 1
39 121 1
39 124 1
39 128 1
39 130 1
39 132 1
39 140 1
39 152 1
39 153 1
39 157 1
39 158 1
39 161 1
39 165 1
39 171 1
39 172 1
39 173 1
39 176 1
39 177 1
39 182 1
39 193 1
39 198 1
40 41 1
40 45 1
40 49 1
40 53 1
40 54 1
40 57 1
40 64 1
40 68 1
40 86 1
40 89 1
40 95 1
40 111 1
40 113 1
40 121 1
40 123 1
40 124 1
40 125 1
40 126 1
40 128 1
40 132 1
40 133 1
40 134 1
40 136 1
40 142 1
40 146 1
40 149 1
40 152 1
40 155 1
40 156 1
40 164 1
40 168 1
40 171 1
40 176 1
40 179 1
40 180 1
40 182 1
40 184 1
40 185 1
40 187 1
40 189 1
40 191 1
40 193 1
40 197 1
40 200 1
41 42 1
41 43 1
41 57 1
41 59 1
41 62 1
41 65 1
41 69 1
41 73 1
41 75 1
41 76 1
41 77 1
41 84 1
41 85 1
41 86 1
41 92 1
41 95 1
41 96 1
41 97 1
41 101 1
41 106 1
41 112 1
41 114 1
41 117 1
41 119 1
41 123 1
41 131 1
41 134 1
41 139 1
41 141 1
41 148 1
41 150 1
41 152 1
41 153 1
41 154 1
41 157 1
41 159 1
41 160 1
41 162 1
41 165 1
41 169 1
41 170 1
41 171 1
41 174 1
41 178 1
41 181 1
41 185 1
41 187 1
41 190 1
41 194 1
41 200 1
42 43 1
42 45 1
42 47 1
42 54 1
42 57 1
42 58 1
42 64 1
42 65 1
42 66 1
42 68 1
42 69 1
42 71 1
42 75 1
42 79 1
42 81 1
42 84 1
42 86 1
42 90 1
42 91 1
42 102 1
42 110 1
42 111 1
42 113 1
42 118 1
42 123 1
42 130 1
42 135 1
42 141 1
42 145 1
42 146 1
42 154 1
42 164 1
42 171 1
42 176 1
42 180 1
42 191 1
42 193 1
42 196 1
43 44 1
43 51 1
43 65 1
43 70 1
43 72 1
43 73 1
43 85 1
43 88 1
43 89 1
43 90 1
43 91 1
43 95 1
43 106 1
43 109 1
43 111 1
43 113 1
43 114 1
43 118 1
43 119 1
43 121 1
43 126 1
43 130 1
43 131 1
43 135 1
43 137 1
43 140 1
43 146 1
43 153 1
43 159 1
43 160 1
43 164 1
43 167 1
43 169 1
43 172 1
43 173 1
43 175 1
43 178 1
43 184 1
43 189 1
43 190 1
43 193 1
44 46 1
44 54 1
44 56 1
44 60 1
44 61 1
44 64 1
44 65 1
44 67 1
44 70 1
44 71 1
44 72 1
44 73 1
44 76 1
44 79 1
44 83 1
44 100 1
44 108 1
44 114 1
44 118 1
44 120 1
44 121 1
44 125 1
44 132 1
44 134 1
44 138 1
44 141 1
44 142 1
44 148 1
44 150 1
44 151 1
44 156 1
44 162 1
44 166 1
44 191 1
44 193 1
45 46 1
45 47 1
45 48 1
45 56 1
45 58 1
45 62 1
45 63 1
45 67 1
45 81 1
45 82 1
45 85 1
45 90 1
45 93 1
45 97 1
45 113 1
45 116 1
45 117 1
45 121 1
45 122 1
45 129 1
45 133 1
45 134 1
45 141 1
45 146 1
45 149 1
45 152 1
45 153 1
45 159 1
45 164 1
45 165 1
45 166 1
45 172 1
45 181 1
45 183 1
45 190 1
45 198 1
46 47 1
46 52 1
46 53 1
46 63 1
46 68 1
46 70 1
46 74 1
46 76 1
46 78 1
46 84 1
46 89 1
46 92 1
46 97 1
46 112 1
46 113 1
46 114 1
46 116 1
46 126 1
46 131 1
46 139 1
46 143 1
46 145 1
46 153 1
46 154 1
46 155 1
46 156 1
46 159 1
46 166 1
46 176 1
46 179 1
46 182 1
46 186 1
46 193 1
46 198 1
46 200 1
47 48 1
47 50 1
47 65 1
47 66 1
47 70 1
47 76 1
47 80 1
47 81 1
47 82 1
47 83 1
47 85 1
47 86 1
47 87 1
47 91 1
47 113 1
47 118 1
47 119 1
47 124 1
47 126 1
47 127 1
47 129 1
47 131 1
47 133 1
47 134 1
47 148 1
47 153 1
47 156 1
47 157 1
47 161 1
47 162 1
47 165 1
47 169 1
47 171 1
47 179 1
47 181 1
47 186 1
47 196 1
48 49 1
48 56 1
48 57 1
48 61 1
48 67 1
48 68 1
48 69 1
48 76 1
48 84 1
48 85 1
48 88 1
48 91 1
48 93 1
48 94 1
48 95 1
48 96 1
48 98 1
48 106 1
48 110 1
48 118 1
48 123 1
48 125 1
48 126 1
48 133 1
48 136 1
48 141 1
48 150 1
48 154 1
48 156 1
48 157 1
48 161 1
48 164 1
48 166 1
48 172 1
48 174 1
48 177 1
48 181 1
48 183 1
48 189 1
48 195 1
49 56 1
49 60 1
49 61 1
49 63 1
49 68 1
49 72 1
49 74 1
49 75 1
49 79 1
49 82 1
49 83 1
49 89 1
49 92 1
49 93 1
49 96 1
49 108 1
49 112 1
49 117 1
49 123 1
49 124 1
49 125 1
49 127 1
49 129 1
49 134 1
49 142 1
49 145 1
49 148 1
49 149 1
49 151 1
49 160 1
49 165 1
49 166 1
49 170 1
49 172 1
49 176 1
49 179 1
49 187 1
49 194 1
49 200 1
50 56 1
50 57 1
50 59 1
50 60 1
50 61 1
50 68 1
50 72 1
50 74 1
50 75 1
50 88 1
50 90 1
50 92 1
50 93 1
50 99 1
50 103 1
50 109 1
50 118 1
50 124 1
50 131 1
50 133 1
50 136 1
50 139 1
50 140 1
50 145 1
50 146 1
50 147 1
50 148 1
50 153 1
50 154 1
50 156 1
50 157 1
50 161 1
50 163 1
50 167 1
50 173 1
50 177 1
50 185 1
50 187 1
50 191 1
50 195 1
50 197 1
50 199 1
50 200 1
51 53 1
51 54 1
51 55 1
51 57 1
51 58 1
51 64 1
51 65 1
51 66 1
51 68 1
51 72 1
51 76 1
51 77 1
51 79 1
51 81 1
51 87 1
51 91 1
51 99 1
51 100 1
51 102 1
51 111 1
51 112 1
51 114 1
51 115 1
51 119 1
51 121 1
51 123 1
51 128 1
51 134 1
51 137 1
51 143 1
51 145 1
51 152 1
51 168 1
51 173 1
51 176 1
51 177 1
51 180 1
51 181 1
51 185 1
51 189 1
51 190 1
51 196 1
51 197 1
51 198 1
52 54 1
52 62 1
52 68 1
52 69 1
52 70 1
52 71 1
52 77 1
52 82 1
52 87 1
52 99 1
52 100 1
52 112 1
52 116 1
52 117 1
52 124 1
52 127 1
52 128 1
52 130 1
52 131 1
52 134 1
52 138 1
52 139 1
52 142 1
52 144 1
52 145 1
52 146 1
52 147 1
52 151 1
52 152 1
52 155 1
52 156 1
52 157 1
52 160 1
52 161 1
52 163 1
52 168 1
52 184 1
52 186 1
52 187 1
52 189 1
52 196 1
53 54 1
53 62 1
53 66 1
53 71 1
53 74 1
53 75 1
53 84 1
53 85 1
53 86 1
53 91 1
53 94 1
53 96 1
53 99 1
53 100 1
53 102 1
53 103 1
53 104 1
53 106 1
53 113 1
53 117 1
53 118 1
53 123 1
53 127 1
53 128 1
53 130 1
53 133 1
53 134 1
53 135 1
53 144 1
53 145 1
53 148 1
53 152 1
53 155 1
53 159 1
53 161 1
53 165 1
53 168 1
53 169 1
53 177 1
53 180 1
53 189 1
53 193 1
54 56 1
54 58 1
54 62 1
54 65 1
54 67 1
54 79 1
54 83 1
54 89 1
54 91 1
54 97 1
54 102 1
54 103 1
54 105 1
54 108 1
54 109 1
54 116 1
54 117 1
54 118 1
54 120 1
54 122 1
54 130 1
54 132 1
54 135 1
54 137 1
54 138 1
54 140 1
54 141 1
54 142 1
54 144 1
54 149 1
54 152 1
54 156 1
54 159 1
54 162 1
54 165 1
54 168 1
54 175 1
54 178 1
54 179 1
54 180 1
54 183 1
54 185 1
54 188 1
54 192 1
54 194 1
54 195 1
55 60 1
55 63 1
55 64 1
55 67 1
55 70 1
55 72 1
55 75 1
55 83 1
55 93 1
55 94 1
55 96 1
55 99 1
55 101 1
55 109 1
55 112 1
55 114 1
55 118 1
55 125 1
55 126 1
55 135 1
55 136 1
55 137 1
55 138 1
55 140 1
55 146 1
55 151 1
55 161 1
55 163 1
55 164 1
55 167 1
55 171 1
55 173 1
55 181 1
55 186 1
55 190 1
55 195 1
55 199 1
56 59 1
56 64 1
56 73 1
56 75 1
56 78 1
56 83 1
56 84 1
56 87 1
56 89 1
56 91 1
56 115 1
56 118 1
56 120 1
56 123 1
56 129 1
56 131 1
56 132 1
56 133 1
56 134 1
56 135 1
56 137 1
56 145 1
56 148 1
56 158 1
56 165 1
56 166 1
56 168 1
56 185 1
56 188 1
56 191 1
56 192 1
56 193 1
56 199 1
56 200 1
57 60 1
57 61 1
57 68 1
57 73 1
57 76 1
57 79 1
57 80 1
57 89 1
57 91 1
57 96 1
57 97 1
57 100 1
57 101 1
57 102 1
57 108 1
57 115 1
57 126 1
57 134 1
57 140 1
57 142 1
57 149 1
57 155 1
57 158 1
57 163 1
57 177 1
57 180 1
57 184 1
57 185 1
57 193 1
57 195 1
57 198 1
57 200 1
58 68 1
58 70 1
58 73 1
58 74 1
58 85 1
58 88 1
58 93 1
58 94 1
58 101 1
58 110 1
58 112 1
58 113 1
58 118 1
58 121 1
58 123 1
58 124 1
58 137 1
58 140 1
58 141 1
58 152 1
58 153 1
58 154 1
58 155 1
58 160 1
58 167 1
58 169 1
58 170 1
58 182 1
58 189 1
58 191 1
58 193 1
58 194 1
58 195 1
58 196 1
58 198 1
58 200 1
59 66 1
59 70 1
59 74 1
59 75 1
59 76 1
59 77 1
59 80 1
59 87 1
59 88 1
59 90 1
59 93 1
59 96 1
59 98 1
59 108 1
59 115 1
59 119 1
59 128 1
59 133 1
59 134 1
59 140 1
59 148 1
59 152 1
59 155 1
59 160 1
59 161 1
59 163 1
59 164 1
59 173 1
59 174 1
59 191 1
59 192 1
59 196 1
59 200 1
60 63 1
60 66 1
60 67 1
60 68 1
60 71 1
60 72 1
60 73 1
60 77 1
60 78 1
60 81 1
60 82 1
60 89 1
60 90 1
60 97 1
60 100 1
60 103 1
60 109 1
60 110 1
60 115 1
60 117 1
60 119 1
60 122 1
60 123 1
60 132 1
60 136 1
60 137 1
60 138 1
60 139 1
60 144 1
60 145 1
60 147 1
60 148 1
60 157 1
60 163 1
60 164 1
60 171 1
60 179 1
60 180 1
60 181 1
60 184 1
60 186 1
60 187 1
60 188 1
60 200 1
61 65 1
61 70 1
61 73 1
61 77 1
61 85 1
61 103 1
61 104 1
61 105 1
61 106 1
61 109 1
61 110 1
61 114 1
61 116 1
61 118 1
61 121 1
61 123 1
61 124 1
61 125 1
61 127 1
61 133 1
61 134 1
61 135 1
61 136 1
61 140 1
61 141 1
61 147 1
61 149 1
61 150 1
61 156 1
61 158 1
61 161 1
61 162 1
61 170 1
61 175 1
61 180 1
61 191 1
61 192 1
62 63 1
62 65 1
62 66 1
62 67 1
62 71 1
62 80 1
62 84 1
62 89 1
62 92 1
62 93 1
62 94 1
62 96 1
62 99 1
62 106 1
62 112 1
62 115 1
62 123 1
62 126 1
62 132 1
62 133 1
62 134 1
62 149 1
62 151 1
62 159 1
62 160 1
62 170 1
62 171 1
62 175 1
62 184 1
62 187 1
62 189 1
62 191 1
62 194 1
62 196 1
62 197 1
62 198 1
63 65 1
63 67 1
63 68 1
63 70 1
63 72 1
63 77 1
63 78 1
63 79 1
63 81 1
63 97 1
63 102 1
63 103 1
63 107 1
63 114 1
63 116 1
63 117 1
63 118 1
63 119 1
63 123 1
63 127 1
63 133 1
63 143 1
63 146 1
63 148 1
63 150 1
63 152 1
63 153 1
63 155 1
63 158 1
63 163 1
63 164 1
63 168 1
63 170 1
63 172 1
63 180 1
63 191 1
63 192 1
64 67 1
64 70 1
64 85 1
64 87 1
64 88 1
64 89 1
64 98 1
64 101 1
64 102 1
64 105 1
64 108 1
64 111 1
64 112 1
64 119 1
64 124 1
64 125 1
64 126 1
64 127 1
64 130 1
64 137 1
64 138 1
64 145 1
64 153 1
64 154 1
64 155 1
64 159 1
64 161 1
64 162 1
64 167 1
64 171 1
64 178 1
64 186 1
64 188 1
64 189 1
64 190 1
64 195 1
65 67 1
65 78 1
65 84 1
65 90 1
65 105 1
65 106 1
65 113 1
65 119 1
65 120 1
65 121 1
65 129 1
65 132 1
65 135 1
65 143 1
65 146 1
65 150 1
65 151 1
65 156 1
65 158 1
65 161 1
65 162 1
65 164 1
65 167 1
65 173 1
65 186 1
65 191 1
65 195 1
65 198 1
65 199 1
66 68 1
66 75 1
66 78 1
66 83 1
66 85 1
66 86 1
66 91 1
66 92 1
66 97 1
66 101 1
66 106 1
66 107 1
66 108 1
66 111 1
66 113 1
66 116 1
66 121 1
66 122 1
66 125 1
66 127 1
66 130 1
66 133 1
66 138 1
66 147 1
66 149 1
66 153 1
66 162 1
66 164 1
66 166 1
66 167 1
66 173 1
66 179 1
66 183 1
66 188 1
66 189 1
66 197 1
66 198 1
66 200 1
67 73 1
67 74 1
67 77 1
67 78 1
67 80 1
67 82 1
67 84 1
67 89 1
67 90 1
67 92 1
67 93 1
67 99 1
67 104 1
67 107 1
67 111 1
67 112 1
67 113 1
67 119 1
67 124 1
67 126 1
67 128 1
67 130 1
67 133 1
67 142 1
67 143 1
67 146 1
67 157 1
67 161 1
67 168 1
67 172 1
67 173 1
67 178 1
67 188 1
67 189 1
67 194 1
67 197 1
67 199 1
68 69 1
68 82 1
68 89 1
68 110 1
68 111 1
68 114 1
68 117 1
68 119 1
68 125 1
68 126 1
68 130 1
68 131 1
68 139 1
68 144 1
68 145 1
68 155 1
68 159 1
68 161 1
68 163 1
68 165 1
68 171 1
68 172 1
68 181 1
68 185 1
68 188 1
68 190 1
68 191 1
68 192 1
68 200 1
69 71 1
69 76 1
69 82 1
69 83 1
69 88 1
69 93 1
69 94 1
69 99 1
69 104 1
69 106 1
69 107 1
69 111 1
69 112 1
69 115 1
69 117 1
69 122 1
69 127 1
69 132 1
69 136 1
69 141 1
69 144 1
69 151 1
69 160 1
69 162 1
69 167 1
69 172 1
69 182 1
69 183 1
69 184 1
69 186 1
69 194 1
69 195 1
69 196 1
69 198 1
70 71 1
70 85 1
70 86 1
70 89 1
70 90 1
70 93 1
70 98 1
70 102 1
70 104 1
70 105 1
70 106 1
70 109 1
70 113 1
70 118 1
70 121 1
70 124 1
70 137 1
70 145 1
70 148 1
70 150 1
70 151 1
70 153 1
70 157 1
70 158 1
70 159 1
70 168 1
70 170 1
70 174 1
70 177 1
70 178 1
70 183 1
70 185 1
70 189 1
70 190 1
71 72 1
71 73 1
71 74 1
71 77 1
71 79 1
71 80 1
71 84 1
71 85 1
71 86 1
71 90 1
71 92 1
71 97 1
71 99 1
71 102 1
71 104 1
71 116 1
71 120 1
71 122 1
71 133 1
71 138 1
71 145 1
71 156 1
71 157 1
71 159 1
71 160 1
71 161 1
71 164 1
71 171 1
71 173 1
71 180 1
71 182 1
71 190 1
71 191 1
71 192 1
71 193 1
71 194 1
71 199 1
71 200 1
72 73 1
72 76 1
72 77 1
72 83 1
72 85 1
72 92 1
72 93 1
72 95 1
72 96 1
72 103 1
72 105 1
72 106 1
72 111 1
72 112 1
72 117 1
72 124 1
72 125 1
72 126 1
72 131 1
72 139 1
72 144 1
72 145 1
72 153 1
72 156 1
72 159 1
72 160 1
72 162 1
72 163 1
72 165 1
72 166 1
72 169 1
72 170 1
72 174 1
72 179 1
72 180 1
72 183 1
72 189 1
72 191 1
72 193 1
72 194 1
72 195 1
72 197 1
72 199 1
73 74 1
73 95 1
73 104 1
73 109 1
73 113 1
73 116 1
73 118 1
73 119 1
73 130 1
73 131 1
73 132 1
73 138 1
73 143 1
73 151 1
73 154 1
73 162 1
73 166 1
73 167 1
73 170 1
73 182 1
73 183 1
73 184 1
73 189 1
73 192 1
73 198 1
74 76 1
74 79 1
74 81 1
74 94 1
74 95 1
74 96 1
74 98 1
74 100 1
74 102 1
74 110 1
74 111 1
74 125 1
74 129 1
74 134 1
74 136 1
74 139 1
74 141 1
74 143 1
74 144 1
74 146 1
74 152 1
74 159 1
74 162 1
74 167 1
74 171 1
74 173 1
74 176 1
74 182 1
74 188 1
74 190 1
74 193 1
74 195 1
75 83 1
75 88 1
75 94 1
75 102 1
75 107 1
75 111 1
75 112 1
75 125 1
75 126 1
75 127 1
75 134 1
75 136 1
75 137 1
75 139 1
75 142 1
75 143 1
75 151 1
75 153 1
75 162 1
75 177 1
75 179 1
75 184 1
75 192 1
75 193 1
75 197 1
75 199 1
75 200 1
76 80 1
76 87 1
76 93 1
76 98 1
76 104 1
76 109 1
76 110 1
76 111 1
76 114 1
76 116 1
76 118 1
76 127 1
76 128 1
76 129 1
76 136 1
76 144 1
76 145 1
76 146 1
76 147 1
76 148 1
76 150 1
76 153 1
76 157 1
76 158 1
76 159 1
76 162 1
76 164 1
76 165 1
76 172 1
76 174 1
76 175 1
76 178 1
76 186 1
76 193 1
76 194 1
76 199 1
76 200 1
77 81 1
77 83 1
77 94 1
77 104 1
77 105 1
77 107 1
77 112 1
77 115 1
77 121 1
77 122 1
77 123 1
77 134 1
77 136 1
77 142 1
77 144 1
77 147 1
77 159 1
77 164 1
77 169 1
77 173 1
77 176 1
77 180 1
77 182 1
77 183 1
77 185 1
77 187 1
77 190 1
77 191 1
78 79 1
78 83 1
78 89 1
78 94 1
78 98 1
78 100 1
78 101 1
78 109 1
78 110 1
78 112 1
78 120 1
78 121 1
78 125 1
78 126 1
78 127 1
78 130 1
78 132 1
78 134 1
78 135 1
78 136 1
78 137 1
78 143 1
78 145 1
78 147 1
78 153 1
78 158 1
78 161 1
78 162 1
78 163 1
78 167 1
78 176 1
78 177 1
78 179 1
78 186 1
78 190 1
78 193 1
78 196 1
78 198 1
79 84 1
79 94 1
79 96 1
79 98 1
79 99 1
79 106 1
79 107 1
79 110 1
79 118 1
79 120 1
79 135 1
79 136 1
79 137 1
79 142 1
79 147 1
79 158 1
79 166 1
79 168 1
79 169 1
79 172 1
79 182 1
79 186 1
79 188 1
79 191 1
79 195 1
79 196 1
80 85 1
80 86 1
80 87 1
80 88 1
80 99 1
80 105 1
80 106 1
80 108 1
80 111 1
80 113 1
80 121 1
80 123 1
80 130 1
80 131 1
80 136 1
80 139 1
80 140 1
80 147 1
80 155 1
80 159 1
80 161 1
80 169 1
80 172 1
80 175 1
80 178 1
80 186 1
80 187 1
80 191 1
80 193 1
80 194 1
81 84 1
81 96 1
81 107 1
81 109 1
81 110 1
81 112 1
81 115 1
81 117 1
81 121 1
81 122 1
81 123 1
81 129 1
81 133 1
81 137 1
81 141 1
81 143 1
81 144 1
81 147 1
81 148 1
81 152 1
81 154 1
81 156 1
81 157 1
81 160 1
81 163 1
81 172 1
81 173 1
81 181 1
81 191 1
81 195 1
81 196 1
82 83 1
82 85 1
82 89 1
82 92 1
82 95 1
82 99 1
82 105 1
82 109 1
82 117 1
82 118 1
82 122 1
82 126 1
82 130 1
82 133 1
82 134 1
82 137 1
82 142 1
82 151 1
82 154 1
82 157 1
82 160 1
82 169 1
82 176 1
82 181 1
82 196 1
82 199 1
83 98 1
83 102 1
83 105 1
83 109 1
83 111 1
83 130 1
83 133 1
83 135 1
83 141 1
83 142 1
83 143 1
83 147 1
83 150 1
83 154 1
83 155 1
83 158 1
83 162 1
83 171 1
83 177 1
83 178 1
83 181 1
83 197 1
84 86 1
84 89 1
84 91 1
84 92 1
84 93 1
84 98 1
84 102 1
84 107 1
84 116 1
84 118 1
84 122 1
84 123 1
84 124 1
84 133 1
84 136 1
84 139 1
84 148 1
84 151 1
84 152 1
84 156 1
84 159 1
84 164 1
84 171 1
84 174 1
84 175 1
84 183 1
84 188 1
84 194 1
84 195 1
84 198 1
84 200 1
85 88 1
85 95 1
85 99 1
85 100 1
85 105 1
85 106 1
85 107 1
85 112 1
85 116 1
85 118 1
85 119 1
85 121 1
85 122 1
85 128 1
85 129 1
85 133 1
85 137 1
85 140 1
85 141 1
85 148 1
85 157 1
85 160 1
85 163 1
85 164 1
85 168 1
85 179 1
85 187 1
85 188 1
85 189 1
85 192 1
85 193 1
85 194 1
85 199 1
85 200 1
86 87 1
86 89 1
86 91 1
86 92 1
86 102 1
86 103 1
86 107 1
86 113 1
86 119 1
86 120 1
86 121 1
86 123 1
86 124 1
86 125 1
86 127 1
86 129 1
86 131 1
86 133 1
86 134 1
86 137 1
86 143 1
86 145 1
86 146 1
86 148 1
86 156 1
86 157 1
86 162 1
86 169 1
86 173 1
86 180 1
86 181 1
86 184 1
86 191 1
86 200 1
87 95 1
87 96 1
87 97 1
87 99 1
87 100 1
87 106 1
87 109 1
87 117 1
87 123 1
87 129 1
87 133 1
87 139 1
87 143 1
87 145 1
87 146 1
87 149 1
87 151 1
87 153 1
87 164 1
87 175 1
87 183 1
87 185 1
87 189 1
87 194 1
87 196 1
88 89 1
88 90 1
88 100 1
88 109 1
88 111 1
88 114 1
88 115 1
88 119 1
88 120 1
88 123 1
88 124 1
88 125 1
88 127 1
88 128 1
88 132 1
88 135 1
88 137 1
88 138 1
88 140 1
88 142 1
88 143 1
88 146 1
88 151 1
88 162 1
88 163 1
88 165 1
88 168 1
88 171 1
88 178 1
88 180 1
88 185 1
88 190 1
88 193 1
88 194 1
89 94 1
89 100 1
89 101 1
89 104 1
89 105 1
89 108 1
89 109 1
89 113 1
89 115 1
89 121 1
89 124 1
89 128 1
89 136 1
89 137 1
89 142 1
89 144 1
89 152 1
89 158 1
89 161 1
89 163 1
89 164 1
89 169 1
89 171 1
89 176 1
89 179 1
89 181 1
89 186 1
89 187 1
89 193 1
89 196 1
89 200 1
90 95 1
90 101 1
90 112 1
90 119 1
90 122 1
90 126 1
90 137 1
90 138 1
90 146 1
90 147 1
90 155 1
90 158 1
90 164 1
90 168 1
90 169 1
90 170 1
90 171 1
90 187 1
90 188 1
90 190 1
90 191 1
90 194 1
90 199 1
91 95 1
91 99 1
91 104 1
91 105 1
91 107 1
91 109 1
91 112 1
91 115 1
91 118 1
91 119 1
91 123 1
91 125 1
91 129 1
91 132 1
91 134 1
91 136 1
91 137 1
91 142 1
91 143 1
91 149 1
91 150 1
91 151 1
91 154 1
91 155 1
91 156 1
91 167 1
91 168 1
91 169 1
91 170 1
91 177 1
91 180 1
91 186 1
91 187 1
91 188 1
91 190 1
91 191 1
91 193 1
91 194 1
91 196 1
91 198 1
92 99 1
92 100 1
92 101 1
92 111 1
92 113 1
92 116 1
92 117 1
92 118 1
92 120 1
92 122 1
92 124 1
92 128 1
92 130 1
92 132 1
92 137 1
92 138 1
92 143 1
92 151 1
92 154 1
92 156 1
92 157 1
92 159 1
92 160 1
92 162 1
92 172 1
92 176 1
92 185 1
92 187 1
92 188 1
92 189 1
92 190 1
92 192 1
92 193 1
92 194 1
92 195 1
92 197 1
92 200 1
93 105 1
93 109 1
93 110 1
93 111 1
93 113 1
93 124 1
93 127 1
93 129 1
93 133 1
93 138 1
93 140 1
93 141 1
93 144 1
93 145 1
93 146 1
93 157 1
93 161 1
93 166 1
93 167 1
93 175 1
93 190 1
93 200 1
94 95 1
94 98 1
94 110 1
94 113 1
94 114 1
94 115 1
94 121 1
94 123 1
94 127 1
94 128 1
94 130 1
94 138 1
94 147 1
94 155 1
94 157 1
94 163 1
94 167 1
94 168 1
94 172 1
94 177 1
94 180 1
94 184 1
94 187 1
94 189 1
94 192 1
94 196 1
95 107 1
95 110 1
95 111 1
95 114 1
95 120 1
95 123 1
95 128 1
95 129 1
95 133 1
95 135 1
95 137 1
95 147 1
95 153 1
95 157 1
95 159 1
95 169 1
95 176 1
95 177 1
95 181 1
95 183 1
95 196 1
95 200 1
96 112 1
96 116 1
96 119 1
96 121 1
96 125 1
96 126 1
96 127 1
96 130 1
96 134 1
96 135 1
96 136 1
96 141 1
96 145 1
96 146 1
96 149 1
96 150 1
96 151 1
96 152 1
96 153 1
96 157 1
96 161 1
96 166 1
96 169 1
96 176 1
96 183 1
96 184 1
96 192 1
96 194 1
96 196 1
96 197 1
96 199 1
97 110 1
97 112 1
97 121 1
97 125 1
97 127 1
97 134 1
97 136 1
97 137 1
97 138 1
97 142 1
97 146 1
97 156 1
97 162 1
97 164 1
97 167 1
97 174 1
97 175 1
97 184 1
97 185 1
97 189 1
97 193 1
97 198 1
97 199 1
98 107 1
98 108 1
98 110 1
98 111 1
98 114 1
98 116 1
98 118 1
98 127 1
98 129 1
98 135 1
98 144 1
98 150 1
98 151 1
98 154 1
98 155 1
98 156 1
98 158 1
98 159 1
98 167 1
98 169 1
98 173 1
98 177 1
98 180 1
98 182 1
98 190 1
98 193 1
98 194 1
98 195 1
99 101 1
99 108 1
99 112 1
99 118 1
99 122 1
99 124 1
99 136 1
99 137 1
99 139 1
99 140 1
99 141 1
99 143 1
99 145 1
99 147 1
99 150 1
99 151 1
99 154 1
99 158 1
99 166 1
99 169 1
99 170 1
99 188 1
99 190 1
100 106 1
100 109 1
100 111 1
100 112 1
100 121 1
100 123 1
100 127 1
100 130 1
100 135 1
100 140 1
100 141 1
100 143 1
100 147 1
100 148 1
100 154 1
100 155 1
100 162 1
100 166 1
100 174 1
100 179 1
100 181 1
100 188 1
100 190 1
100 192 1
100 198 1
100 200 1
101 102 1
101 111 1
101 112 1
101 117 1
101 118 1
101 129 1
101 130 1
101 132 1
101 138 1
101 147 1
101 153 1
101 158 1
101 159 1
101 160 1
101 163 1
101 165 1
101 166 1
101 167 1
101 177 1
101 179 1
101 182 1
101 186 1
101 187 1
101 191 1
101 192 1
101 195 1
101 196 1
102 104 1
102 106 1
102 111 1
102 116 1
102 120 1
102 122 1
102 123 1
102 125 1
102 137 1
102 146 1
102 147 1
102 149 1
102 154 1
102 159 1
102 162 1
102 163 1
102 165 1
102 166 1
102 167 1
102 168 1
102 174 1
102 179 1
102 182 1
102 189 1
102 190 1
102 193 1
103 111 1
103 113 1
103 117 1
103 126 1
103 129 1
103 136 1
103 142 1
103 143 1
103 150 1
103 161 1
103 167 1
103 174 1
103 178 1
103 181 1
103 194 1
103 196 1
103 198 1
103 200 1
104 105 1
104 108 1
104 111 1
104 112 1
104 113 1
104 116 1
104 135 1
104 141 1
104 151 1
104 156 1
104 157 1
104 159 1
104 176 1
104 178 1
104 179 1
104 184 1
104 185 1
104 200 1
105 107 1
105 114 1
105 116 1
105 120 1
105 122 1
105 123 1
105 127 1
105 130 1
105 132 1
105 136 1
105 138 1
105 144 1
105 149 1
105 153 1
105 158 1
105 159 1
105 166 1
105 173 1
105 176 1
105 177 1
105 178 1
105 179 1
105 190 1
105 191 1
105 193 1
105 196 1
106 122 1
106 124 1
106 125 1
106 131 1
106 135 1
106 138 1
106 140 1
106 141 1
106 142 1
106 143 1
106 145 1
106 146 1
106 149 1
106 155 1
106 157 1
106 159 1
106 170 1
106 182 1
106 183 1
106 186 1
106 187 1
106 191 1
106 193 1
106 200 1
107 110 1
107 111 1
107 112 1
107 114 1
107 116 1
107 121 1
107 123 1
107 126 1
107 131 1
107 133 1
107 134 1
107 148 1
107 154 1
107 158 1
107 159 1
107 160 1
107 162 1
107 168 1
107 169 1
107 170 1
107 171 1
107 178 1
107 183 1
107 187 1
107 200 1
108 110 1
108 113 1
108 114 1
108 118 1
108 126 1
108 140 1
108 148 1
108 149 1
108 153 1
108 156 1
108 163 1
108 169 1
108 170 1
108 175 1
108 180 1
108 181 1
108 187 1
108 199 1
109 113 1
109 115 1
109 125 1
109 136 1
109 145 1
109 152 1
109 156 1
109 160 1
109 164 1
109 169 1
109 172 1
109 173 1
109 184 1
109 185 1
109 189 1
109 196 1
110 113 1
110 119 1
110 128 1
110 129 1
110 130 1
110 132 1
110 143 1
110 151 1
110 152 1
110 155 1
110 158 1
110 169 1
110 172 1
110 174 1
110 190 1
110 193 1
110 198 1
111 112 1
111 116 1
111 124 1
111 128 1
111 135 1
111 139 1
111 140 1
111 141 1
111 146 1
111 147 1
111 151 1
111 166 1
111 177 1
111 183 1
111 184 1
111 186 1
111 188 1
111 190 1
111 200 1
112 115 1
112 119 1
112 134 1
112 147 1
112 150 1
112 152 1
112 160 1
112 161 1
112 167 1
112 168 1
112 171 1
112 173 1
112 176 1
112 177 1
112 180 1
112 185 1
112 188 1
112 190 1
112 198 1
113 114 1
113 122 1
113 123 1
113 124 1
113 128 1
113 131 1
113 136 1
113 139 1
113 140 1
113 144 1
113 149 1
113 153 1
113 155 1
113 156 1
113 158 1
113 161 1
113 163 1
113 164 1
113 166 1
113 170 1
113 172 1
113 174 1
113 177 1
113 191 1
113 194 1
113 197 1
114 115 1
114 122 1
114 127 1
114 130 1
114 134 1
114 141 1
114 142 1
114 146 1
114 148 1
114 160 1
114 168 1
114 170 1
114 172 1
114 177 1
114 178 1
114 181 1
114 182 1
114 183 1
114 185 1
114 195 1
115 120 1
115 121 1
115 132 1
115 135 1
115 138 1
115 152 1
115 155 1
115 158 1
115 171 1
115 179 1
115 184 1
115 186 1
115 188 1
115 192 1
115 194 1
115 198 1
115 199 1
116 117 1
116 120 1
116 126 1
116 127 1
116 136 1
116 137 1
116 140 1
116 146 1
116 151 1
116 163 1
116 166 1
116 167 1
116 168 1
116 170 1
116 171 1
116 184 1
116 188 1
116 199 1
117 122 1
117 123 1
117 127 1
117 130 1
117 137 1
117 139 1
117 143 1
117 146 1
117 147 1
117 150 1
117 152 1
117 156 1
117 161 1
117 164 1
117 167 1
117 177 1
117 179 1
117 187 1
117 188 1
117 189 1
118 120 1
118 123 1
118 124 1
118 125 1
118 130 1
118 133 1
118 134 1
118 139 1
118 143 1
118 145 1
118 150 1
118 151 1
118 159 1
118 162 1
118 173 1
118 180 1
118 188 1
118 197 1
119 120 1
119 129 1
119 133 1
119 137 1
119 138 1
119 139 1
119 144 1
119 145 1
119 146 1
119 147 1
119 154 1
119 171 1
119 173 1
119 175 1
119 184 1
119 188 1
119 189 1
119 192 1
119 198 1
119 200 1
120 124 1
120 133 1
120 135 1
120 146 1
120 150 1
120 152 1
120 153 1
120 157 1
120 161 1
120 162 1
120 164 1
120 170 1
120 172 1
120 174 1
120 177 1
120 179 1
120 183 1
120 184 1
120 185 1
120 186 1
120 192 1
120 195 1
121 128 1
121 130 1
121 132 1
121 135 1
121 137 1
121 140 1
121 143 1
121 147 1
121 148 1
121 149 1
121 152 1
121 159 1
121 164 1
121 169 1
121 174 1
121 176 1
121 189 1
121 192 1
121 198 1
121 199 1
121 200 1
122 124 1
122 128 1
122 129 1
122 130 1
122 135 1
122 140 1
122 146 1
122 152 1
122 154 1
122 158 1
122 159 1
122 173 1
122 174 1
122 181 1
122 182 1
122 183 1
122 194 1
122 198 1
122 200 1
123 126 1
123 130 1
123 144 1
123 150 1
123 151 1
123 153 1
123 156 1
123 157 1
123 164 1
123 166 1
123 178 1
123 179 1
123 180 1
123 188 1
123 200 1
124 127 1
124 131 1
124 133 1
124 134 1
124 135 1
124 136 1
124 139 1
124 140 1
124 145 1
124 156 1
124 157 1
124 159 1
124 166 1
124 169 1
124 170 1
124 171 1
124 173 1
124 180 1
124 182 1
124 183 1
124 189 1
124 190 1
124 195 1
124 199 1
125 126 1
125 128 1
125 137 1
125 139 1
125 141 1
125 142 1
125 150 1
125 152 1
125 154 1
125 155 1
125 157 1
125 162 1
125 167 1
125 170 1
125 178 1
125 180 1
125 181 1
125 184 1
125 189 1
125 190 1
125 194 1
125 198 1
126 128 1
126 134 1
126 142 1
126 146 1
126 147 1
126 153 1
126 158 1
126 164 1
126 168 1
126 178 1
126 179 1
126 183 1
126 184 1
126 193 1
127 130 1
127 132 1
127 134 1
127 136 1
127 138 1
127 142 1
127 143 1
127 146 1
127 152 1
127 163 1
127 166 1
127 168 1
127 169 1
127 177 1
127 180 1
127 183 1
127 186 1
127 191 1
127 199 1
127 200 1
128 132 1
128 139 1
128 141 1
128 142 1
128 145 1
128 146 1
128 149 1
128 151 1
128 152 1
128 153 1
128 155 1
128 168 1
128 172 1
128 182 1
128 183 1
128 189 1
128 193 1
128 198 1
129 134 1
129 141 1
129 145 1
129 146 1
129 150 1
129 151 1
129 153 1
129 154 1
129 161 1
129 166 1
129 170 1
129 176 1
129 182 1
129 192 1
129 193 1
129 194 1
129 199 1
130 131 1
130 136 1
130 146 1
130 157 1
130 162 1
130 164 1
130 165 1
130 166 1
130 171 1
130 172 1
130 174 1
130 179 1
130 180 1
130 184 1
130 193 1
130 196 1
131 132 1
131 135 1
131 137 1
131 140 1
131 141 1
131 147 1
131 155 1
131 159 1
131 163 1
131 164 1
131 165 1
131 168 1
131 169 1
131 182 1
131 196 1
131 198 1
131 200 1
132 133 1
132 140 1
132 148 1
132 150 1
132 152 1
132 153 1
132 155 1
132 157 1
132 160 1
132 163 1
132 166 1
132 178 1
132 182 1
132 183 1
132 192 1
132 198 1
133 134 1
133 148 1
133 149 1
133 151 1
133 152 1
133 153 1
133 158 1
133 167 1
133 169 1
133 172 1
133 177 1
133 180 1
133 181 1
133 185 1
133 188 1
133 192 1
133 193 1
134 143 1
134 146 1
134 153 1
134 156 1
134 158 1
134 160 1
134 161 1
134 162 1
134 165 1
134 166 1
134 171 1
134 174 1
134 175 1
134 176 1
134 179 1
134 191 1
134 195 1
134 196 1
134 198 1
135 139 1
135 144 1
135 145 1
135 149 1
135 151 1
135 154 1
135 156 1
135 159 1
135 161 1
135 169 1
135 170 1
135 171 1
135 176 1
135 197 1
136 138 1
136 139 1
136 141 1
136 146 1
136 152 1
136 155 1
136 158 1
136 162 1
136 173 1
136 174 1
136 175 1
136 177 1
136 179 1
136 181 1
136 184 1
136 191 1
136 198 1
136 199 1
137 145 1
137 146 1
137 151 1
137 153 1
137 160 1
137 163 1
137 171 1
137 176 1
137 179 1
137 185 1
137 187 1
137 190 1
137 196 1
138 143 1
138 146 1
138 147 1
138 151 1
138 154 1
138 155 1
138 159 1
138 161 1
138 167 1
138 171 1
138 172 1
138 174 1
138 177 1
138 187 1
138 196 1
138 197 1
139 146 1
139 150 1
139 151 1
139 153 1
139 154 1
139 158 1
139 162 1
139 173 1
139 176 1
139 180 1
139 185 1
139 186 1
139 187 1
139 188 1
139 191 1
139 192 1
139 194 1
139 196 1
139 198 1
139 199 1
140 143 1
140 153 1
140 160 1
140 167 1
140 174 1
140 175 1
140 176 1
140 181 1
140 187 1
140 188 1
140 192 1
140 194 1
140 196 1
140 200 1
141 142 1
141 145 1
141 146 1
141 150 1
141 154 1
141 157 1
141 159 1
141 162 1
141 165 1
141 170 1
141 174 1
141 179 1
141 184 1
141 187 1
141 188 1
141 194 1
141 195 1
141 196 1
142 152 1
142 159 1
142 160 1
142 170 1
142 173 1
142 174 1
142 176 1
142 182 1
142 183 1
142 184 1
142 185 1
142 191 1
143 151 1
143 154 1
143 156 1
143 158 1
143 161 1
143 169 1
143 173 1
143 176 1
143 184 1
144 147 1
144 149 1
144 150 1
144 154 1
144 160 1
144 162 1
144 165 1
144 170 1
144 171 1
144 174 1
144 178 1
144 183 1
144 189 1
144 192 1
144 193 1
144 194 1
145 148 1
145 151 1
145 154 1
145 163 1
145 168 1
145 178 1
145 182 1
145 186 1
145 189 1
145 192 1
145 194 1
145 197 1
145 198 1
146 147 1
146 152 1
146 154 1
146 157 1
146 158 1
146 160 1
146 164 1
146 165 1
146 166 1
146 167 1
146 172 1
146 173 1
146 176 1
146 181 1
146 195 1
146 198 1
146 200 1
147 149 1
147 156 1
147 157 1
147 163 1
147 164 1
147 169 1
147 170 1
147 171 1
147 173 1
147 174 1
147 176 1
147 182 1
147 186 1
147 195 1
147 199 1
147 200 1
148 155 1
148 159 1
148 160 1
148 161 1
148 165 1
148 167 1
148 170 1
148 172 1
148 173 1
148 177 1
148 178 1
148 181 1
148 182 1
148 184 1
148 185 1
148 186 1
148 196 1
148 198 1
148 200 1
149 150 1
149 153 1
149 156 1
149 162 1
149 173 1
149 181 1
149 185 1
149 191 1
149 196 1
150 152 1
150 155 1
150 158 1
150 161 1
150 162 1
150 164 1
150 165 1
150 168 1
150 169 1
150 174 1
150 175 1
150 180 1
150 181 1
150 183 1
150 188 1
150 194 1
150 195 1
150 199 1
151 158 1
151 165 1
151 166 1
151 170 1
151 171 1
151 175 1
151 176 1
151 178 1
151 180 1
151 185 1
151 186 1
151 188 1
151 189 1
151 193 1
152 154 1
152 158 1
152 160 1
152 161 1
152 176 1
152 179 1
152 183 1
152 185 1
152 194 1
152 195 1
152 200 1
153 155 1
153 156 1
153 157 1
153 158 1
153 160 1
153 163 1
153 167 1
153 168 1
153 169 1
153 178 1
153 185 1
153 197 1
153 198 1
153 200 1
154 159 1
154 166 1
154 175 1
154 185 1
154 192 1
154 198 1
155 156 1
155 160 1
155 162 1
155 163 1
155 170 1
155 171 1
155 172 1
155 178 1
155 179 1
155 181 1
155 184 1
155 187 1
155 188 1
155 193 1
155 195 1
156 158 1
156 165 1
156 167 1
156 170 1
156 173 1
156 175 1
156 179 1
156 181 1
156 183 1
156 184 1
156 186 1
156 198 1
156 199 1
157 167 1
157 173 1
157 177 1
157 187 1
157 188 1
157 194 1
157 197 1
157 198 1
158 167 1
158 172 1
158 189 1
158 196 1
158 197 1
159 161 1
159 162 1
159 169 1
159 174 1
159 177 1
159 178 1
159 187 1
159 191 1
159 196 1
159 197 1
159 198 1
160 175 1
160 194 1
160 195 1
160 199 1
161 163 1
161 164 1
161 166 1
161 168 1
161 175 1
161 176 1
161 182 1
161 188 1
161 196 1
161 199 1
161 200 1
162 164 1
162 168 1
162 169 1
162 170 1
162 172 1
162 173 1
162 174 1
162 176 1
162 177 1
162 184 1
162 190 1
162 192 1
162 193 1
162 196 1
162 199 1
163 164 1
163 167 1
163 174 1
163 180 1
163 182 1
163 185 1
163 187 1
163 189 1
163 190 1
163 192 1
163 197 1
163 198 1
164 167 1
164 173 1
164 174 1
164 178 1
165 166 1
165 169 1
165 170 1
165 174 1
165 182 1
165 183 1
165 185 1
165 186 1
165 191 1
165 194 1
165 199 1
166 176 1
166 179 1
166 185 1
166 186 1
166 191 1
166 194 1
166 198 1
166 199 1
167 169 1
167 175 1
167 178 1
167 182 1
167 184 1
167 185 1
167 186 1
167 188 1
167 189 1
167 192 1
167 196 1
167 199 1
168 170 1
168 175 1
168 180 1
168 183 1
168 185 1
168 187 1
168 189 1
168 191 1
168 195 1
169 178 1
169 190 1
169 191 1
169 192 1
169 196 1
170 174 1
170 186 1
170 188 1
170 194 1
170 195 1
170 196 1
170 198 1
170 199 1
170 200 1
171 175 1
171 180 1
171 182 1
171 188 1
171 191 1
171 200 1
172 182 1
172 195 1
172 196 1
173 175 1
173 177 1
173 179 1
173 180 1
173 181 1
173 184 1
173 189 1
173 193 1
173 196 1
173 197 1
174 177 1
174 179 1
174 189 1
174 190 1
174 192 1
174 195 1
174 197 1
174 198 1
174 199 1
175 179 1
175 184 1
175 185 1
175 187 1
175 188 1
175 196 1
175 198 1
175 200 1
176 177 1
176 178 1
176 180 1
176 181 1
176 182 1
176 183 1
176 188 1
176 197 1
176 198 1
177 178 1
177 181 1
177 184 1
177 186 1
177 192 1
177 193 1
177 195 1
177 198 1
178 180 1
178 183 1
178 185 1
178 190 1
178 193 1
178 197 1
178 198 1
179 182 1
179 186 1
179 198 1
179 200 1
180 181 1
180 184 1
180 194 1
180 198 1
181 182 1
181 183 1
181 187 1
181 188 1
181 192 1
181 193 1
181 196 1
181 200 1
182 186 1
182 187 1
182 191 1
182 192 1
183 186 1
183 189 1
183 191 1
183 198 1
184 185 1
184 186 1
184 195 1
185 188 1
185 194 1
185 195 1
185 196 1
185 197 1
185 198 1
186 194 1
186 195 1
186 196 1
186 197 1
186 200 1
187 189 1
187 190 1
187 194 1
187 196 1
187 198 1
188 190 1
188 192 1
188 197 1
188 199 1
188 200 1
189 191 1
189 200 1
190 196 1
190 197 1
190 198 1
191 192 1
192 193 1
192 194 1
192 195 1
192 197 1
192 200 1
194 200 1
196 197 1
196 198 1
197 199 1
198 200 1
