200 6811
1 2 1
1 4 1
1 9 1
1 10 1
1 14 1
1 18 1
1 19 1
1 25 1
1 34 1
1 42 1
1 43 1
1 45 1
1 49 1
1 51 1
1 55 1
1 57 1
1 59 1
1 66 1
1 67 1
1 69 1
1 70 1
1 78 1
1 81 1
1 83 1
1 87 1
1 89 1
1 92 1
1 94 1
1 97 1
1 100 1
1 109 1
1 111 1
1 115 1
1 117 1
1 119 1
1 120 1
1 121 1
1 125 1
1 126 1
1 131 1
1 133 1
1 134 1
1 137 1
1 139 1
1 140 1
1 142 1
1 143 1
1 144 1
1 149 1
1 153 1
1 155 1
1 157 1
1 163 1
1 165 1
1 168 1
1 171 1
1 174 1
1 176 1
1 177 1
1 181 1
1 182 1
1 186 1
1 188 1
1 197 1
1 200 1
2 3 1
2 4 1
2 5 1
2 11 1
2 15 1
2 18 1
2 19 1
2 20 1
2 22 1
2 24 1
2 25 1
2 26 1
2 30 1
2 32 1
2 37 1
2 40 1
2 41 1
2 45 1
2 48 1
2 51 1
2 55 1
2 67 1
2 68 1
2 70 1
2 71 1
2 75 1
2 76 1
2 80 1
2 82 1
2 86 1
2 87 1
2 89 1
2 93 1
2 95 1
2 113 1
2 114 1
2 116 1
2 122 1
2 123 1
2 124 1
2 126 1
2 127 1
2 129 1
2 136 1
2 139 1
2 140 1
2 144 1
2 149 1
2 150 1
2 152 1
2 157 1
2 160 1
2 162 1
2 163 1
2 166 1
2 167 1
2 171 1
2 176 1
2 177 1
2 180 1
2 181 1
2 183 1
2 186 1
2 187 1
2 193 1
2 200 1
3 7 1
3 9 1
3 12 1
3 14 1
3 19 1
3 21 1
3 24 1
3 32 1
3 34 1
3 36 1
3 38 1
3 42 1
3 44 1
3 46 1
3 47 1
3 49 1
3 50 1
3 56 1
3 58 1
3 62 1
3 65 1
3 67 1
3 70 1
3 75 1
3 77 1
3 87 1
3 88 1
3 92 1
3 93 1
3 96 1
3 97 1
3 102 1
3 103 1
3 105 1
3 110 1
3 114 1
3 116 1
3 121 1
3 122 1
3 123 1
3 125 1
3 126 1
3 130 1
3 131 1
3 136 1
3 139 1
3 145 1
3 148 1
3 149 1
3 150 1
3 151 1
3 153 1
3 158 1
3 159 1
3 166 1
3 167 1
3 170 1
3 171 1
3 172 1
3 173 1
3 177 1
3 184 1
3 187 1
3 188 1
3 189 1
3 198 1
4 5 1
4 6 1
4 9 1
4 10 1
4 11 1
4 16 1
4 21 1
4 22 1
4 26 1
4 28 1
4 30 1
4 31 1
4 32 1
4 36 1
4 37 1
4 43 1
4 47 1
4 48 1
4 50 1
4 54 1
4 57 1
4 62 1
4 67 1
4 70 1
4 72 1
4 74 1
4 76 1
4 77 1
4 83 1
4 84 1
4 86 1
4 88 1
4 90 1
4 96 1
4 97 1
4 99 1
4 101 1
4 104 1
4 111 1
4 114 1
4 115 1
4 117 1
4 127 1
4 129 1
4 130 1
4 132 1
4 134 1
4 137 1
4 140 1
4 143 1
4 146 1
4 147 1
4 151 1
4 152 1
4 153 1
4 156 1
4 159 1
4 161 1
4 162 1
4 165 1
4 167 1
4 169 1
4 172 1
4 179 1
4 183 1
4 187 1
4 197 1
4 198 1
5 11 1
5 12 1
5 14 1
5 15 1
5 17 1
5 18 1
5 21 1
5 23 1
5 28 1
5 29 1
5 30 1
5 32 1
5 35 1
5 42 1
5 44 1
5 45 1
5 49 1
5 56 1
5 58 1
5 62 1
5 65 1
5 67 1
5 73 1
5 77 1
5 80 1
5 83 1
5 84 1
5 90 1
5 92 1
5 97 1
5 99 1
5 100 1
5 101 1
5 107 1
5 114 1
5 116 1
5 117 1
5 119 1
5 121 1
5 128 1
5 133 1
5 134 1
5 137 1
5 140 1
5 145 1
5 152 1
5 154 1
5 155 1
5 157 1
5 158 1
5 160 1
5 161 1
5 164 1
5 166 1
5 167 1
5 168 1
5 170 1
5 171 1
5 177 1
5 179 1
5 182 1
5 183 1
5 189 1
5 190 1
5 191 1
5 198 1
5 199 1
6 8 1
6 11 1
6 12 1
6 13 1
6 14 1
6 18 1
6 20 1
6 21 1
6 29 1
6 30 1
6 32 1
6 35 1
6 36 1
6 38 1
6 42 1
6 43 1
6 50 1
6 51 1
6 52 1
6 67 1
6 69 1
6 70 1
6 76 1
6 79 1
6 82 1
6 99 1
6 104 1
6 108 1
6 111 1
6 112 1
6 113 1
6 115 1
6 116 1
6 121 1
6 125 1
6 127 1
6 132 1
6 133 1
6 134 1
6 136 1
6 139 1
6 141 1
6 142 1
6 143 1
6 145 1
6 149 1
6 150 1
6 151 1
6 156 1
6 163 1
6 166 1
6 168 1
6 169 1
6 170 1
6 171 1
6 172 1
6 173 1
6 179 1
6 182 1
6 184 1
6 187 1
6 190 1
6 191 1
6 193 1
6 194 1
6 196 1
6 197 1
6 198 1
6 199 1
7 8 1
7 12 1
7 13 1
7 15 1
7 22 1
7 24 1
7 26 1
7 29 1
7 30 1
7 32 1
7 33 1
7 34 1
7 39 1
7 41 1
7 43 1
7 44 1
7 45 1
7 47 1
7 54 1
7 57 1
7 59 1
7 61 1
7 66 1
7 71 1
7 75 1
7 79 1
7 82 1
7 83 1
7 84 1
7 91 1
7 95 1
7 101 1
7 102 1
7 103 1
7 107 1
7 110 1
7 114 1
7 116 1
7 125 1
7 126 1
7 130 1
7 135 1
7 142 1
7 146 1
7 148 1
7 149 1
7 150 1
7 156 1
7 157 1
7 160 1
7 162 1
7 163 1
7 165 1
7 170 1
7 171 1
7 174 1
7 177 1
7 178 1
7 182 1
7 187 1
7 189 1
7 193 1
7 194 1
7 198 1
8 14 1
8 16 1
8 21 1
8 22 1
8 23 1
8 26 1
8 28 1
8 30 1
8 36 1
8 37 1
8 39 1
8 44 1
8 45 1
8 46 1
8 47 1
8 51 1
8 54 1
8 55 1
8 57 1
8 63 1
8 66 1
8 74 1
8 79 1
8 84 1
8 88 1
8 92 1
8 93 1
8 96 1
8 98 1
8 99 1
8 104 1
8 105 1
8 107 1
8 112 1
8 116 1
8 118 1
8 119 1
8 121 1
8 122 1
8 124 1
8 126 1
8 130 1
8 144 1
8 147 1
8 149 1
8 152 1
8 158 1
8 162 1
8 165 1
8 166 1
8 172 1
8 174 1
8 179 1
8 182 1
8 184 1
8 185 1
8 189 1
8 192 1
8 195 1
8 196 1
8 198 1
8 199 1
8 200 1
9 10 1
9 12 1
9 14 1
9 25 1
9 26 1
9 29 1
9 30 1
9 32 1
9 34 1
9 38 1
9 40 1
9 43 1
9 48 1
9 50 1
9 52 1
9 59 1
9 62 1
9 63 1
9 66 1
9 67 1
9 69 1
9 71 1
9 72 1
9 75 1
9 76 1
9 80 1
9 86 1
9 94 1
9 95 1
9 100 1
9 101 1
9 114 1
9 118 1
9 119 1
9 121 1
9 122 1
9 127 1
9 134 1
9 141 1
9 143 1
9 144 1
9 146 1
9 153 1
9 167 1
9 169 1
9 178 1
9 181 1
9 185 1
9 186 1
9 195 1
10 15 1
10 17 1
10 18 1
10 27 1
10 28 1
10 31 1
10 34 1
10 36 1
10 37 1
10 38 1
10 39 1
10 47 1
10 49 1
10 51 1
10 58 1
10 60 1
10 70 1
10 73 1
10 77 1
10 78 1
10 79 1
10 86 1
10 91 1
10 96 1
10 98 1
10 100 1
10 104 1
10 106 1
10 108 1
10 109 1
10 111 1
10 112 1
10 113 1
10 116 1
10 123 1
10 124 1
10 125 1
10 129 1
10 131 1
10 133 1
10 134 1
10 138 1
10 147 1
10 152 1
10 158 1
10 160 1
10 161 1
10 165 1
10 166 1
10 167 1
10 168 1
10 177 1
10 180 1
10 184 1
10 188 1
10 192 1
10 198 1
10 199 1
11 13 1
11 18 1
11 19 1
11 21 1
11 22 1
11 24 1
11 27 1
11 30 1
11 35 1
11 38 1
11 50 1
11 52 1
11 56 1
11 57 1
11 58 1
11 64 1
11 66 1
11 68 1
11 71 1
11 75 1
11 84 1
11 86 1
11 87 1
11 88 1
11 89 1
11 102 1
11 103 1
11 104 1
11 105 1
11 106 1
11 114 1
11 117 1
11 118 1
11 122 1
11 125 1
11 128 1
11 132 1
11 137 1
11 138 1
11 143 1
11 144 1
11 149 1
11 153 1
11 156 1
11 157 1
11 158 1
11 162 1
11 163 1
11 164 1
11 168 1
11 172 1
11 173 1
11 174 1
11 175 1
11 176 1
11 177 1
11 179 1
11 180 1
11 184 1
11 186 1
11 189 1
11 192 1
12 13 1
12 17 1
12 20 1
12 21 1
12 25 1
12 26 1
12 30 1
12 31 1
12 33 1
12 41 1
12 42 1
12 46 1
12 51 1
12 52 1
12 63 1
12 64 1
12 66 1
12 67 1
12 78 1
12 81 1
12 82 1
12 85 1
12 86 1
12 88 1
12 89 1
12 91 1
12 98 1
12 100 1
12 104 1
12 105 1
12 106 1
12 107 1
12 110 1
12 113 1
12 119 1
12 124 1
12 132 1
12 133 1
12 140 1
12 141 1
12 144 1
12 145 1
12 149 1
12 151 1
12 154 1
12 155 1
12 157 1
12 159 1
12 160 1
12 166 1
12 167 1
12 170 1
12 171 1
12 178 1
12 180 1
12 181 1
12 183 1
12 187 1
12 189 1
12 195 1
12 198 1
12 199 1
12 200 1
13 15 1
13 16 1
13 20 1
13 22 1
13 28 1
13 33 1
13 36 1
13 38 1
13 39 1
13 45 1
13 49 1
13 55 1
13 56 1
13 57 1
13 62 1
13 66 1
13 81 1
13 82 1
13 84 1
13 87 1
13 90 1
13 91 1
13 92 1
13 94 1
13 107 1
13 108 1
13 109 1
13 110 1
13 113 1
13 114 1
13 115 1
13 116 1
13 117 1
13 120 1
13 123 1
13 125 1
13 127 1
13 128 1
13 131 1
13 132 1
13 138 1
13 144 1
13 145 1
13 148 1
13 149 1
13 153 1
13 156 1
13 157 1
13 162 1
13 163 1
13 164 1
13 166 1
13 167 1
13 172 1
13 174 1
13 176 1
13 177 1
13 185 1
13 192 1
13 193 1
13 200 1
14 17 1
14 19 1
14 20 1
14 21 1
14 22 1
14 23 1
14 24 1
14 32 1
14 38 1
14 45 1
14 47 1
14 48 1
14 49 1
14 53 1
14 56 1
14 58 1
14 61 1
14 67 1
14 70 1
14 71 1
14 73 1
14 79 1
14 83 1
14 84 1
14 85 1
14 89 1
14 91 1
14 92 1
14 94 1
14 97 1
14 98 1
14 101 1
14 102 1
14 107 1
14 109 1
14 112 1
14 115 1
14 116 1
14 123 1
14 124 1
14 125 1
14 127 1
14 131 1
14 135 1
14 141 1
14 142 1
14 144 1
14 152 1
14 156 1
14 158 1
14 160 1
14 164 1
14 166 1
14 167 1
14 168 1
14 170 1
14 171 1
14 174 1
14 176 1
14 179 1
14 184 1
14 185 1
14 187 1
14 189 1
14 192 1
14 197 1
14 198 1
14 199 1
14 200 1
15 16 1
15 17 1
15 19 1
15 20 1
15 22 1
15 23 1
15 30 1
15 31 1
15 32 1
15 35 1
15 39 1
15 41 1
15 42 1
15 43 1
15 47 1
15 52 1
15 53 1
15 56 1
15 58 1
15 60 1
15 61 1
15 62 1
15 65 1
15 68 1
15 81 1
15 84 1
15 87 1
15 90 1
15 91 1
15 93 1
15 94 1
15 95 1
15 97 1
15 100 1
15 103 1
15 104 1
15 108 1
15 110 1
15 114 1
15 115 1
15 118 1
15 121 1
15 123 1
15 130 1
15 137 1
15 142 1
15 145 1
15 150 1
15 155 1
15 160 1
15 161 1
15 165 1
15 166 1
15 167 1
15 171 1
15 173 1
15 176 1
15 180 1
15 186 1
15 189 1
15 190 1
16 18 1
16 29 1
16 48 1
16 51 1
16 56 1
16 58 1
16 59 1
16 63 1
16 64 1
16 65 1
16 66 1
16 69 1
16 76 1
16 79 1
16 80 1
16 81 1
16 83 1
16 84 1
16 85 1
16 86 1
16 89 1
16 93 1
16 94 1
16 97 1
16 101 1
16 102 1
16 104 1
16 105 1
16 109 1
16 113 1
16 122 1
16 124 1
16 125 1
16 129 1
16 130 1
16 132 1
16 133 1
16 137 1
16 140 1
16 141 1
16 142 1
16 143 1
16 146 1
16 149 1
16 152 1
16 153 1
16 157 1
16 164 1
16 165 1
16 166 1
16 169 1
16 172 1
16 174 1
16 177 1
16 178 1
16 181 1
16 182 1
16 184 1
16 186 1
16 187 1
16 188 1
16 191 1
16 196 1
16 199 1
17 18 1
17 19 1
17 20 1
17 21 1
17 23 1
17 24 1
17 27 1
17 29 1
17 34 1
17 35 1
17 36 1
17 37 1
17 39 1
17 40 1
17 41 1
17 44 1
17 49 1
17 51 1
17 58 1
17 59 1
17 61 1
17 68 1
17 70 1
17 74 1
17 77 1
17 89 1
17 91 1
17 92 1
17 95 1
17 96 1
17 97 1
17 101 1
17 105 1
17 110 1
17 119 1
17 122 1
17 127 1
17 136 1
17 137 1
17 142 1
17 147 1
17 148 1
17 154 1
17 159 1
17 162 1
17 164 1
17 170 1
17 172 1
17 173 1
17 177 1
17 186 1
17 188 1
17 189 1
17 190 1
17 192 1
17 193 1
17 197 1
17 199 1
17 200 1
18 23 1
18 26 1
18 29 1
18 36 1
18 37 1
18 43 1
18 47 1
18 48 1
18 53 1
18 59 1
18 61 1
18 63 1
18 64 1
18 69 1
18 71 1
18 75 1
18 80 1
18 82 1
18 87 1
18 88 1
18 89 1
18 100 1
18 102 1
18 103 1
18 104 1
18 105 1
18 107 1
18 109 1
18 111 1
18 113 1
18 117 1
18 119 1
18 121 1
18 123 1
18 125 1
18 129 1
18 131 1
18 135 1
18 138 1
18 139 1
18 143 1
18 144 1
18 145 1
18 146 1
18 149 1
18 153 1
18 155 1
18 158 1
18 161 1
18 165 1
18 166 1
18 168 1
18 170 1
18 176 1
18 178 1
18 179 1
18 183 1
18 184 1
18 185 1
18 187 1
18 195 1
18 198 1
19 21 1
19 22 1
19 27 1
19 32 1
19 34 1
19 39 1
19 40 1
19 41 1
19 44 1
19 45 1
19 50 1
19 51 1
19 58 1
19 59 1
19 60 1
19 61 1
19 63 1
19 64 1
19 66 1
19 68 1
19 70 1
19 73 1
19 75 1
19 84 1
19 87 1
19 88 1
19 95 1
19 96 1
19 104 1
19 107 1
19 109 1
19 112 1
19 118 1
19 121 1
19 122 1
19 123 1
19 128 1
19 129 1
19 130 1
19 135 1
19 136 1
19 140 1
19 142 1
19 146 1
19 150 1
19 151 1
19 152 1
19 154 1
19 157 1
19 164 1
19 174 1
19 176 1
19 179 1
19 187 1
19 193 1
20 22 1
20 23 1
20 26 1
20 36 1
20 37 1
20 46 1
20 49 1
20 50 1
20 52 1
20 56 1
20 61 1
20 63 1
20 64 1
20 65 1
20 66 1
20 68 1
20 71 1
20 73 1
20 77 1
20 81 1
20 84 1
20 85 1
20 86 1
20 98 1
20 100 1
20 103 1
20 104 1
20 108 1
20 110 1
20 119 1
20 122 1
20 123 1
20 130 1
20 132 1
20 133 1
20 136 1
20 138 1
20 140 1
20 141 1
20 145 1
20 147 1
20 150 1
20 151 1
20 154 1
20 158 1
20 161 1
20 164 1
20 165 1
20 166 1
20 167 1
20 169 1
20 173 1
20 174 1
20 175 1
20 176 1
20 185 1
20 186 1
20 187 1
20 190 1
20 191 1
20 195 1
20 199 1
21 24 1
21 30 1
21 31 1
21 37 1
21 41 1
21 42 1
21 45 1
21 48 1
21 52 1
21 53 1
21 54 1
21 60 1
21 68 1
21 72 1
21 75 1
21 76 1
21 79 1
21 80 1
21 83 1
21 85 1
21 90 1
21 93 1
21 94 1
21 95 1
21 96 1
21 99 1
21 102 1
21 103 1
21 104 1
21 109 1
21 114 1
21 115 1
21 123 1
21 125 1
21 126 1
21 139 1
21 143 1
21 150 1
21 151 1
21 154 1
21 160 1
21 162 1
21 163 1
21 170 1
21 171 1
21 172 1
21 180 1
21 182 1
21 184 1
21 185 1
21 188 1
21 190 1
21 193 1
21 195 1
21 200 1
22 27 1
22 28 1
22 37 1
22 39 1
22 41 1
22 44 1
22 45 1
22 48 1
22 50 1
22 54 1
22 59 1
22 64 1
22 66 1
22 67 1
22 69 1
22 74 1
22 78 1
22 79 1
22 80 1
22 81 1
22 82 1
22 84 1
22 88 1
22 94 1
22 96 1
22 97 1
22 100 1
22 101 1
22 110 1
22 112 1
22 114 1
22 115 1
22 116 1
22 118 1
22 120 1
22 122 1
22 123 1
22 126 1
22 132 1
22 136 1
22 139 1
22 141 1
22 147 1
22 148 1
22 149 1
22 150 1
22 153 1
22 158 1
22 159 1
22 168 1
22 169 1
22 179 1
22 180 1
22 182 1
22 185 1
22 186 1
22 188 1
22 193 1
22 195 1
22 196 1
22 198 1
23 28 1
23 30 1
23 32 1
23 39 1
23 42 1
23 45 1
23 61 1
23 63 1
23 67 1
23 69 1
23 70 1
23 80 1
23 82 1
23 86 1
23 87 1
23 88 1
23 91 1
23 93 1
23 94 1
23 99 1
23 101 1
23 102 1
23 110 1
23 112 1
23 118 1
23 122 1
23 123 1
23 125 1
23 126 1
23 128 1
23 133 1
23 134 1
23 135 1
23 137 1
23 139 1
23 140 1
23 141 1
23 145 1
23 147 1
23 151 1
23 157 1
23 160 1
23 165 1
23 168 1
23 172 1
23 176 1
23 180 1
23 185 1
23 186 1
23 188 1
23 190 1
23 191 1
23 196 1
23 197 1
23 199 1
24 28 1
24 32 1
24 33 1
24 35 1
24 42 1
24 46 1
24 51 1
24 60 1
24 63 1
24 65 1
24 70 1
24 77 1
24 78 1
24 81 1
24 82 1
24 83 1
24 88 1
24 89 1
24 94 1
24 96 1
24 98 1
24 100 1
24 114 1
24 115 1
24 116 1
24 126 1
24 128 1
24 130 1
24 132 1
24 133 1
24 139 1
24 140 1
24 142 1
24 144 1
24 145 1
24 146 1
24 149 1
24 156 1
24 157 1
24 161 1
24 162 1
24 164 1
24 165 1
24 166 1
24 168 1
24 169 1
24 172 1
24 173 1
24 174 1
24 175 1
24 179 1
24 180 1
24 182 1
24 185 1
24 190 1
24 192 1
24 194 1
24 197 1
24 199 1
25 26 1
25 28 1
25 35 1
25 41 1
25 42 1
25 51 1
25 53 1
25 57 1
25 59 1
25 61 1
25 62 1
25 68 1
25 71 1
25 77 1
25 79 1
25 80 1
25 81 1
25 87 1
25 89 1
25 90 1
25 94 1
25 96 1
25 98 1
25 100 1
25 107 1
25 110 1
25 111 1
25 115 1
25 124 1
25 132 1
25 133 1
25 135 1
25 136 1
25 142 1
25 148 1
25 149 1
25 150 1
25 151 1
25 154 1
25 155 1
25 156 1
25 157 1
25 160 1
25 163 1
25 164 1
25 165 1
25 168 1
25 169 1
25 170 1
25 172 1
25 173 1
25 175 1
25 177 1
25 178 1
25 179 1
25 185 1
25 186 1
25 188 1
25 194 1
26 28 1
26 31 1
26 32 1
26 33 1
26 38 1
26 41 1
26 44 1
26 46 1
26 47 1
26 48 1
26 49 1
26 50 1
26 54 1
26 56 1
26 63 1
26 64 1
26 68 1
26 73 1
26 75 1
26 77 1
26 78 1
26 84 1
26 86 1
26 88 1
26 90 1
26 96 1
26 97 1
26 100 1
26 109 1
26 111 1
26 114 1
26 116 1
26 117 1
26 122 1
26 128 1
26 132 1
26 134 1
26 137 1
26 138 1
26 147 1
26 150 1
26 151 1
26 159 1
26 163 1
26 165 1
26 166 1
26 174 1
26 175 1
26 179 1
26 181 1
26 182 1
26 184 1
26 187 1
26 188 1
26 191 1
26 193 1
26 194 1
26 196 1
26 197 1
26 199 1
27 29 1
27 31 1
27 34 1
27 35 1
27 36 1
27 37 1
27 40 1
27 41 1
27 42 1
27 44 1
27 52 1
27 53 1
27 54 1
27 57 1
27 58 1
27 63 1
27 64 1
27 67 1
27 68 1
27 69 1
27 70 1
27 74 1
27 82 1
27 85 1
27 90 1
27 93 1
27 99 1
27 102 1
27 103 1
27 107 1
27 108 1
27 112 1
27 113 1
27 114 1
27 115 1
27 116 1
27 125 1
27 126 1
27 127 1
27 133 1
27 134 1
27 136 1
27 137 1
27 138 1
27 139 1
27 141 1
27 142 1
27 144 1
27 147 1
27 148 1
27 151 1
27 153 1
27 157 1
27 158 1
27 160 1
27 164 1
27 173 1
27 174 1
27 176 1
27 183 1
27 187 1
27 189 1
27 197 1
27 198 1
27 199 1
28 42 1
28 44 1
28 47 1
28 49 1
28 53 1
28 57 1
28 62 1
28 69 1
28 70 1
28 77 1
28 78 1
28 82 1
28 88 1
28 91 1
28 94 1
28 95 1
28 97 1
28 101 1
28 102 1
28 108 1
28 111 1
28 112 1
28 113 1
28 119 1
28 122 1
28 123 1
28 124 1
28 128 1
28 129 1
28 131 1
28 137 1
28 138 1
28 145 1
28 153 1
28 155 1
28 156 1
28 168 1
28 171 1
28 173 1
28 175 1
28 178 1
28 187 1
28 194 1
28 195 1
28 196 1
29 30 1
29 31 1
29 34 1
29 36 1
29 37 1
29 39 1
29 42 1
29 45 1
29 46 1
29 48 1
29 53 1
29 55 1
29 60 1
29 61 1
29 62 1
29 66 1
29 68 1
29 70 1
29 74 1
29 75 1
29 76 1
29 77 1
29 80 1
29 81 1
29 83 1
29 84 1
29 85 1
29 91 1
29 92 1
29 101 1
29 102 1
29 107 1
29 110 1
29 111 1
29 114 1
29 118 1
29 120 1
29 123 1
29 125 1
29 128 1
29 129 1
29 132 1
29 134 1
29 136 1
29 146 1
29 153 1
29 155 1
29 159 1
29 160 1
29 168 1
29 169 1
29 170 1
29 177 1
29 178 1
29 179 1
29 181 1
29 183 1
29 190 1
29 191 1
29 198 1
30 31 1
30 34 1
30 35 1
30 36 1
30 37 1
30 40 1
30 57 1
30 59 1
30 62 1
30 66 1
30 67 1
30 71 1
30 73 1
30 80 1
30 81 1
30 85 1
30 86 1
30 88 1
30 95 1
30 98 1
30 100 1
30 102 1
30 107 1
30 108 1
30 109 1
30 113 1
30 115 1
30 119 1
30 120 1
30 122 1
30 124 1
30 128 1
30 131 1
30 133 1
30 135 1
30 136 1
30 138 1
30 139 1
30 148 1
30 149 1
30 150 1
30 152 1
30 153 1
30 157 1
30 159 1
30 160 1
30 165 1
30 166 1
30 168 1
30 175 1
30 183 1
30 185 1
30 187 1
30 192 1
30 194 1
30 195 1
30 197 1
30 200 1
31 34 1
31 36 1
31 38 1
31 45 1
31 46 1
31 52 1
31 56 1
31 58 1
31 59 1
31 60 1
31 64 1
31 66 1
31 67 1
31 69 1
31 70 1
31 71 1
31 78 1
31 79 1
31 80 1
31 82 1
31 88 1
31 92 1
31 96 1
31 97 1
31 99 1
31 101 1
31 103 1
31 111 1
31 112 1
31 113 1
31 114 1
31 117 1
31 120 1
31 128 1
31 133 1
31 135 1
31 138 1
31 144 1
31 147 1
31 151 1
31 155 1
31 156 1
31 166 1
31 170 1
31 173 1
31 180 1
31 181 1
31 182 1
31 189 1
31 191 1
31 194 1
31 197 1
31 200 1
32 33 1
32 36 1
32 37 1
32 40 1
32 45 1
32 47 1
32 49 1
32 50 1
32 52 1
32 60 1
32 64 1
32 68 1
32 70 1
32 85 1
32 87 1
32 88 1
32 90 1
32 91 1
32 93 1
32 95 1
32 97 1
32 102 1
32 104 1
32 109 1
32 110 1
32 111 1
32 112 1
32 114 1
32 117 1
32 119 1
32 122 1
32 132 1
32 133 1
32 139 1
32 150 1
32 153 1
32 157 1
32 159 1
32 166 1
32 168 1
32 169 1
32 170 1
32 172 1
32 175 1
32 176 1
32 177 1
32 178 1
32 180 1
32 183 1
32 184 1
32 186 1
32 187 1
32 188 1
32 189 1
32 192 1
32 193 1
32 194 1
32 196 1
32 199 1
33 37 1
33 38 1
33 39 1
33 43 1
33 46 1
33 57 1
33 64 1
33 70 1
33 78 1
33 79 1
33 83 1
33 84 1
33 88 1
33 92 1
33 97 1
33 101 1
33 102 1
33 103 1
33 105 1
33 106 1
33 110 1
33 118 1
33 120 1
33 125 1
33 134 1
33 138 1
33 139 1
33 142 1
33 143 1
33 146 1
33 150 1
33 158 1
33 161 1
33 163 1
33 164 1
33 168 1
33 171 1
33 172 1
33 173 1
33 174 1
33 179 1
33 184 1
33 186 1
33 187 1
33 190 1
33 191 1
33 195 1
33 196 1
34 35 1
34 36 1
34 41 1
34 46 1
34 48 1
34 51 1
34 53 1
34 56 1
34 69 1
34 70 1
34 72 1
34 75 1
34 76 1
34 79 1
34 81 1
34 83 1
34 85 1
34 92 1
34 93 1
34 95 1
34 96 1
34 97 1
34 98 1
34 101 1
34 103 1
34 104 1
34 108 1
34 110 1
34 112 1
34 113 1
34 114 1
34 115 1
34 116 1
34 119 1
34 120 1
34 125 1
34 127 1
34 129 1
34 136 1
34 140 1
34 143 1
34 144 1
34 147 1
34 148 1
34 151 1
34 154 1
34 155 1
34 156 1
34 161 1
34 162 1
34 163 1
34 164 1
34 166 1
34 168 1
34 169 1
34 173 1
34 174 1
34 175 1
34 178 1
34 184 1
34 185 1
34 188 1
34 189 1
34 190 1
34 196 1
34 199 1
35 36 1
35 42 1
35 44 1
35 45 1
35 46 1
35 47 1
35 49 1
35 51 1
35 53 1
35 54 1
35 55 1
35 56 1
35 57 1
35 59 1
35 60 1
35 68 1
35 70 1
35 73 1
35 76 1
35 78 1
35 79 1
35 81 1
35 83 1
35 85 1
35 86 1
35 87 1
35 89 1
35 94 1
35 97 1
35 101 1
35 103 1
35 104 1
35 107 1
35 111 1
35 115 1
35 117 1
35 120 1
35 125 1
35 126 1
35 132 1
35 135 1
35 142 1
35 144 1
35 146 1
35 152 1
35 158 1
35 160 1
35 161 1
35 162 1
35 165 1
35 167 1
35 172 1
35 178 1
35 180 1
35 181 1
35 183 1
35 185 1
35 186 1
35 187 1
35 190 1
35 194 1
36 37 1
36 38 1
36 40 1
36 45 1
36 48 1
36 52 1
36 53 1
36 54 1
36 58 1
36 59 1
36 60 1
36 62 1
36 64 1
36 72 1
36 73 1
36 74 1
36 85 1
36 86 1
36 87 1
36 91 1
36 93 1
36 94 1
36 97 1
36 98 1
36 99 1
36 103 1
36 104 1
36 105 1
36 110 1
36 113 1
36 116 1
36 119 1
36 122 1
36 123 1
36 124 1
36 125 1
36 129 1
36 130 1
36 138 1
36 141 1
36 144 1
36 147 1
36 151 1
36 158 1
36 161 1
36 162 1
36 168 1
36 169 1
36 170 1
36 171 1
36 175 1
36 176 1
36 181 1
36 186 1
36 187 1
36 191 1
36 194 1
36 197 1
37 39 1
37 40 1
37 44 1
37 45 1
37 46 1
37 48 1
37 52 1
37 54 1
37 61 1
37 69 1
37 75 1
37 77 1
37 80 1
37 84 1
37 86 1
37 96 1
37 97 1
37 101 1
37 105 1
37 108 1
37 109 1
37 111 1
37 113 1
37 114 1
37 117 1
37 119 1
37 121 1
37 124 1
37 125 1
37 126 1
37 136 1
37 137 1
37 138 1
37 140 1
37 151 1
37 152 1
37 157 1
37 158 1
37 159 1
37 161 1
37 162 1
37 163 1
37 165 1
37 169 1
37 179 1
37 180 1
37 183 1
37 185 1
37 186 1
37 189 1
37 193 1
37 194 1
37 195 1
37 196 1
37 197 1
38 41 1
38 43 1
38 44 1
38 48 1
38 49 1
38 50 1
38 52 1
38 53 1
38 56 1
38 58 1
38 60 1
38 69 1
38 72 1
38 73 1
38 78 1
38 80 1
38 81 1
38 84 1
38 86 1
38 90 1
38 95 1
38 96 1
38 99 1
38 100 1
38 109 1
38 113 1
38 121 1
38 126 1
38 131 1
38 134 1
38 138 1
38 149 1
38 150 1
38 151 1
38 157 1
38 158 1
38 160 1
38 162 1
38 164 1
38 166 1
38 167 1
38 169 1
38 172 1
38 176 1
38 177 1
38 179 1
38 180 1
38 181 1
38 184 1
38 189 1
38 200 1
39 41 1
39 48 1
39 50 1
39 57 1
39 58 1
39 59 1
39 61 1
39 67 1
39 68 1
39 69 1
39 74 1
39 75 1
39 77 1
39 78 1
39 83 1
39 87 1
39 89 1
39 95 1
39 97 1
39 98 1
39 99 1
39 109 1
39 110 1
39 113 1
39 115 1
39 118 1
39 119 1
39 120 1
39 122 1
39 124 1
39 126 1
39 130 1
39 131 1
39 135 1
39 139 1
39 140 1
39 143 1
39 144 1
39 147 1
39 148 1
39 149 1
39 152 1
39 153 1
39 155 1
39 156 1
39 157 1
39 160 1
39 163 1
39 164 1
39 165 1
39 174 1
39 180 1
39 183 1
39 185 1
39 186 1
39 190 1
39 191 1
39 192 1
40 41 1
40 44 1
40 47 1
40 48 1
40 49 1
40 50 1
40 56 1
40 63 1
40 64 1
40 67 1
40 68 1
40 69 1
40 73 1
40 75 1
40 80 1
40 81 1
40 84 1
40 87 1
40 93 1
40 97 1
40 102 1
40 104 1
40 108 1
40 110 1
40 112 1
40 119 1
40 121 1
40 123 1
40 127 1
40 128 1
40 131 1
40 133 1
40 135 1
40 139 1
40 142 1
40 146 1
40 151 1
40 152 1
40 170 1
40 171 1
40 173 1
40 174 1
40 178 1
40 180 1
40 182 1
40 184 1
40 186 1
40 191 1
40 192 1
40 197 1
40 198 1
40 199 1
41 44 1
41 46 1
41 48 1
41 49 1
41 51 1
41 53 1
41 54 1
41 59 1
41 63 1
41 67 1
41 68 1
41 70 1
41 72 1
41 75 1
41 76 1
41 81 1
41 82 1
41 85 1
41 97 1
41 98 1
41 104 1
41 105 1
41 109 1
41 110 1
41 111 1
41 112 1
41 113 1
41 114 1
41 116 1
41 120 1
41 122 1
41 127 1
41 129 1
41 130 1
41 131 1
41 133 1
41 137 1
41 140 1
41 141 1
41 143 1
41 144 1
41 149 1
41 152 1
41 154 1
41 163 1
41 165 1
41 167 1
41 171 1
41 173 1
41 176 1
41 177 1
41 180 1
41 184 1
41 185 1
41 190 1
41 191 1
41 194 1
41 198 1
41 199 1
42 43 1
42 45 1
42 47 1
42 49 1
42 50 1
42 52 1
42 53 1
42 54 1
42 57 1
42 58 1
42 64 1
42 67 1
42 68 1
42 70 1
42 72 1
42 74 1
42 82 1
42 83 1
42 87 1
42 89 1
42 94 1
42 97 1
42 99 1
42 100 1
42 103 1
42 107 1
42 114 1
42 118 1
42 119 1
42 122 1
42 123 1
42 124 1
42 125 1
42 130 1
42 136 1
42 142 1
42 145 1
42 146 1
42 149 1
42 153 1
42 160 1
42 161 1
42 163 1
42 164 1
42 168 1
42 174 1
42 181 1
42 187 1
42 189 1
42 192 1
42 194 1
42 195 1
43 47 1
43 51 1
43 54 1
43 59 1
43 61 1
43 63 1
43 65 1
43 66 1
43 67 1
43 68 1
43 71 1
43 72 1
43 74 1
43 76 1
43 80 1
43 83 1
43 84 1
43 87 1
43 89 1
43 92 1
43 93 1
43 94 1
43 96 1
43 97 1
43 98 1
43 100 1
43 104 1
43 106 1
43 110 1
43 116 1
43 122 1
43 123 1
43 130 1
43 131 1
43 132 1
43 138 1
43 145 1
43 149 1
43 150 1
43 160 1
43 162 1
43 164 1
43 167 1
43 168 1
43 171 1
43 175 1
43 178 1
43 180 1
43 181 1
43 187 1
43 191 1
43 192 1
43 198 1
44 45 1
44 49 1
44 59 1
44 64 1
44 66 1
44 71 1
44 73 1
44 78 1
44 81 1
44 82 1
44 85 1
44 87 1
44 92 1
44 94 1
44 95 1
44 96 1
44 99 1
44 100 1
44 102 1
44 106 1
44 108 1
44 112 1
44 113 1
44 114 1
44 118 1
44 120 1
44 122 1
44 124 1
44 130 1
44 131 1
44 139 1
44 141 1
44 150 1
44 160 1
44 167 1
44 169 1
44 170 1
44 171 1
44 176 1
44 178 1
44 179 1
44 182 1
44 183 1
44 192 1
44 193 1
44 194 1
44 196 1
44 199 1
44 200 1
45 48 1
45 51 1
45 53 1
45 54 1
45 57 1
45 63 1
45 70 1
45 72 1
45 76 1
45 77 1
45 79 1
45 80 1
45 81 1
45 86 1
45 89 1
45 94 1
45 96 1
45 98 1
45 102 1
45 105 1
45 106 1
45 113 1
45 116 1
45 118 1
45 121 1
45 123 1
45 124 1
45 125 1
45 129 1
45 134 1
45 135 1
45 136 1
45 139 1
45 140 1
45 142 1
45 143 1
45 145 1
45 147 1
45 151 1
45 155 1
45 162 1
45 163 1
45 164 1
45 168 1
45 169 1
45 173 1
45 181 1
45 182 1
45 183 1
45 184 1
45 191 1
45 192 1
45 193 1
45 196 1
45 198 1
46 47 1
46 48 1
46 50 1
46 51 1
46 52 1
46 54 1
46 57 1
46 70 1
46 78 1
46 81 1
46 82 1
46 88 1
46 90 1
46 91 1
46 94 1
46 96 1
46 97 1
46 110 1
46 112 1
46 116 1
46 118 1
46 124 1
46 128 1
46 130 1
46 135 1
46 136 1
46 137 1
46 138 1
46 140 1
46 142 1
46 145 1
46 146 1
46 150 1
46 151 1
46 152 1
46 153 1
46 156 1
46 157 1
46 160 1
46 162 1
46 163 1
46 165 1
46 167 1
46 179 1
46 180 1
46 184 1
46 187 1
46 188 1
46 192 1
46 193 1
46 194 1
46 197 1
47 48 1
47 50 1
47 54 1
47 59 1
47 65 1
47 66 1
47 67 1
47 68 1
47 71 1
47 74 1
47 80 1
47 82 1
47 84 1
47 85 1
47 89 1
47 93 1
47 94 1
47 95 1
47 102 1
47 103 1
47 108 1
47 110 1
47 117 1
47 121 1
47 122 1
47 128 1
47 130 1
47 134 1
47 140 1
47 141 1
47 143 1
47 145 1
47 147 1
47 148 1
47 153 1
47 155 1
47 156 1
47 158 1
47 160 1
47 168 1
47 172 1
47 179 1
47 180 1
47 189 1
47 190 1
47 191 1
47 195 1
47 198 1
48 60 1
48 70 1
48 71 1
48 74 1
48 77 1
48 78 1
48 79 1
48 80 1
48 83 1
48 84 1
48 87 1
48 88 1
48 89 1
48 95 1
48 98 1
48 101 1
48 103 1
48 107 1
48 109 1
48 110 1
48 112 1
48 115 1
48 118 1
48 121 1
48 123 1
48 124 1
48 125 1
48 132 1
48 136 1
48 141 1
48 145 1
48 150 1
48 152 1
48 156 1
48 159 1
48 162 1
48 163 1
48 165 1
48 167 1
48 170 1
48 173 1
48 174 1
48 175 1
48 176 1
48 178 1
48 183 1
48 185 1
48 187 1
48 192 1
48 193 1
48 197 1
48 199 1
49 53 1
49 56 1
49 59 1
49 67 1
49 68 1
49 69 1
49 72 1
49 73 1
49 74 1
49 77 1
49 78 1
49 82 1
49 85 1
49 88 1
49 91 1
49 94 1
49 99 1
49 101 1
49 106 1
49 112 1
49 113 1
49 117 1
49 120 1
49 122 1
49 124 1
49 125 1
49 131 1
49 138 1
49 139 1
49 145 1
49 147 1
49 148 1
49 149 1
49 150 1
49 155 1
49 157 1
49 159 1
49 161 1
49 162 1
49 171 1
49 172 1
49 176 1
49 187 1
49 188 1
49 191 1
49 192 1
49 193 1
50 51 1
50 52 1
50 53 1
50 56 1
50 58 1
50 60 1
50 64 1
50 66 1
50 70 1
50 72 1
50 74 1
50 76 1
50 77 1
50 79 1
50 82 1
50 83 1
50 88 1
50 89 1
50 90 1
50 92 1
50 93 1
50 94 1
50 96 1
50 98 1
50 103 1
50 104 1
50 107 1
50 113 1
50 120 1
50 122 1
50 123 1
50 124 1
50 126 1
50 127 1
50 131 1
50 136 1
50 137 1
50 138 1
50 140 1
50 141 1
50 142 1
50 144 1
50 148 1
50 149 1
50 156 1
50 159 1
50 162 1
50 170 1
50 174 1
50 175 1
50 177 1
50 178 1
50 180 1
50 183 1
50 184 1
50 187 1
50 192 1
50 198 1
50 200 1
51 55 1
51 57 1
51 58 1
51 63 1
51 65 1
51 66 1
51 68 1
51 69 1
51 70 1
51 72 1
51 76 1
51 77 1
51 80 1
51 81 1
51 83 1
51 86 1
51 89 1
51 97 1
51 98 1
51 99 1
51 102 1
51 104 1
51 106 1
51 107 1
51 108 1
51 117 1
51 122 1
51 123 1
51 125 1
51 127 1
51 129 1
51 132 1
51 133 1
51 137 1
51 140 1
51 145 1
51 148 1
51 150 1
51 157 1
51 162 1
51 167 1
51 168 1
51 171 1
51 172 1
51 173 1
51 175 1
51 179 1
51 181 1
51 186 1
51 190 1
51 191 1
51 193 1
51 199 1
52 53 1
52 55 1
52 61 1
52 62 1
52 64 1
52 68 1
52 70 1
52 71 1
52 87 1
52 90 1
52 94 1
52 101 1
52 102 1
52 103 1
52 107 1
52 110 1
52 111 1
52 115 1
52 117 1
52 118 1
52 124 1
52 126 1
52 130 1
52 132 1
52 134 1
52 139 1
52 144 1
52 146 1
52 148 1
52 150 1
52 152 1
52 153 1
52 157 1
52 159 1
52 164 1
52 167 1
52 171 1
52 172 1
52 173 1
52 187 1
52 188 1
52 191 1
52 192 1
52 193 1
52 194 1
52 195 1
52 197 1
52 199 1
52 200 1
53 55 1
53 57 1
53 58 1
53 64 1
53 71 1
53 82 1
53 86 1
53 94 1
53 105 1
53 106 1
53 108 1
53 111 1
53 112 1
53 118 1
53 119 1
53 126 1
53 127 1
53 129 1
53 130 1
53 132 1
53 134 1
53 136 1
53 138 1
53 139 1
53 146 1
53 148 1
53 150 1
53 152 1
53 155 1
53 160 1
53 164 1
53 166 1
53 167 1
53 173 1
53 174 1
53 180 1
53 184 1
53 187 1
53 191 1
53 194 1
53 198 1
54 55 1
54 56 1
54 63 1
54 69 1
54 72 1
54 74 1
54 75 1
54 77 1
54 83 1
54 86 1
54 87 1
54 89 1
54 90 1
54 91 1
54 92 1
54 95 1
54 97 1
54 103 1
54 108 1
54 109 1
54 113 1
54 114 1
54 123 1
54 124 1
54 125 1
54 126 1
54 129 1
54 131 1
54 132 1
54 134 1
54 137 1
54 138 1
54 140 1
54 147 1
54 148 1
54 149 1
54 155 1
54 159 1
54 162 1
54 168 1
54 171 1
54 177 1
54 180 1
54 181 1
54 183 1
54 184 1
54 189 1
54 190 1
54 193 1
54 195 1
54 200 1
55 57 1
55 60 1
55 61 1
55 66 1
55 76 1
55 80 1
55 82 1
55 86 1
55 87 1
55 89 1
55 93 1
55 96 1
55 97 1
55 98 1
55 99 1
55 108 1
55 109 1
55 112 1
55 113 1
55 114 1
55 121 1
55 124 1
55 125 1
55 127 1
55 129 1
55 132 1
55 133 1
55 146 1
55 148 1
55 151 1
55 153 1
55 155 1
55 157 1
55 158 1
55 163 1
55 167 1
55 168 1
55 173 1
55 175 1
55 182 1
55 183 1
55 184 1
55 186 1
55 188 1
55 190 1
55 192 1
55 194 1
55 197 1
55 198 1
55 199 1
56 57 1
56 61 1
56 67 1
56 69 1
56 70 1
56 72 1
56 75 1
56 78 1
56 79 1
56 80 1
56 102 1
56 105 1
56 110 1
56 111 1
56 112 1
56 113 1
56 120 1
56 124 1
56 125 1
56 127 1
56 131 1
56 133 1
56 134 1
56 136 1
56 137 1
56 139 1
56 145 1
56 150 1
56 154 1
56 158 1
56 159 1
56 160 1
56 165 1
56 170 1
56 175 1
56 178 1
56 179 1
56 180 1
56 183 1
56 189 1
56 193 1
56 194 1
56 195 1
56 199 1
56 200 1
57 64 1
57 65 1
57 67 1
57 68 1
57 70 1
57 76 1
57 77 1
57 79 1
57 92 1
57 93 1
57 95 1
57 97 1
57 98 1
57 99 1
57 108 1
57 114 1
57 115 1
57 117 1
57 119 1
57 120 1
57 124 1
57 128 1
57 130 1
57 131 1
57 137 1
57 141 1
57 144 1
57 145 1
57 146 1
57 147 1
57 149 1
57 150 1
57 152 1
57 153 1
57 155 1
57 157 1
57 158 1
57 160 1
57 164 1
57 165 1
57 166 1
57 167 1
57 168 1
57 169 1
57 171 1
57 175 1
57 176 1
57 184 1
57 189 1
57 193 1
57 195 1
57 197 1
57 200 1
58 60 1
58 68 1
58 71 1
58 72 1
58 78 1
58 80 1
58 82 1
58 83 1
58 84 1
58 85 1
58 88 1
58 94 1
58 96 1
58 97 1
58 98 1
58 101 1
58 103 1
58 104 1
58 106 1
58 109 1
58 110 1
58 111 1
58 112 1
58 114 1
58 118 1
58 122 1
58 124 1
58 125 1
58 127 1
58 128 1
58 129 1
58 130 1
58 131 1
58 140 1
58 141 1
58 147 1
58 149 1
58 150 1
58 151 1
58 153 1
58 154 1
58 156 1
58 158 1
58 159 1
58 163 1
58 165 1
58 177 1
58 178 1
58 184 1
58 186 1
58 189 1
59 61 1
59 63 1
59 65 1
59 66 1
59 70 1
59 71 1
59 75 1
59 77 1
59 79 1
59 82 1
59 83 1
59 87 1
59 88 1
59 90 1
59 94 1
59 98 1
59 100 1
59 102 1
59 103 1
59 109 1
59 110 1
59 112 1
59 113 1
59 116 1
59 119 1
59 122 1
59 127 1
59 128 1
59 129 1
59 134 1
59 137 1
59 138 1
59 139 1
59 140 1
59 141 1
59 143 1
59 144 1
59 145 1
59 147 1
59 148 1
59 149 1
59 153 1
59 158 1
59 162 1
59 169 1
59 170 1
59 171 1
59 172 1
59 174 1
59 177 1
59 180 1
59 198 1
59 200 1
60 66 1
60 69 1
60 70 1
60 75 1
60 76 1
60 79 1
60 81 1
60 83 1
60 84 1
60 85 1
60 86 1
60 89 1
60 91 1
60 93 1
60 94 1
60 96 1
60 100 1
60 101 1
60 105 1
60 107 1
60 109 1
60 113 1
60 114 1
60 119 1
60 122 1
60 124 1
60 125 1
60 129 1
60 135 1
60 136 1
60 140 1
60 143 1
60 145 1
60 147 1
60 149 1
60 153 1
60 159 1
60 160 1
60 163 1
60 168 1
60 171 1
60 173 1
60 174 1
60 176 1
60 177 1
60 181 1
60 190 1
60 192 1
60 193 1
60 194 1
60 196 1
60 199 1
61 63 1
61 66 1
61 67 1
61 69 1
61 72 1
61 73 1
61 76 1
61 77 1
61 79 1
61 85 1
61 88 1
61 89 1
61 92 1
61 96 1
61 98 1
61 102 1
61 104 1
61 106 1
61 110 1
61 120 1
61 124 1
61 126 1
61 128 1
61 132 1
61 135 1
61 136 1
61 137 1
61 144 1
61 145 1
61 146 1
61 150 1
61 151 1
61 159 1
61 161 1
61 162 1
61 164 1
61 165 1
61 169 1
61 170 1
61 171 1
61 172 1
61 174 1
61 175 1
61 178 1
61 179 1
61 188 1
61 190 1
61 192 1
61 193 1
61 195 1
61 198 1
62 67 1
62 68 1
62 74 1
62 75 1
62 76 1
62 79 1
62 81 1
62 82 1
62 84 1
62 94 1
62 100 1
62 101 1
62 104 1
62 106 1
62 107 1
62 109 1
62 110 1
62 113 1
62 114 1
62 116 1
62 118 1
62 126 1
62 127 1
62 128 1
62 130 1
62 131 1
62 140 1
62 144 1
62 146 1
62 148 1
62 154 1
62 157 1
62 161 1
62 170 1
62 176 1
62 180 1
62 186 1
62 187 1
62 191 1
62 195 1
63 68 1
63 69 1
63 70 1
63 75 1
63 76 1
63 78 1
63 79 1
63 80 1
63 81 1
63 82 1
63 83 1
63 86 1
63 89 1
63 90 1
63 91 1
63 100 1
63 101 1
63 103 1
63 106 1
63 107 1
63 109 1
63 113 1
63 118 1
63 119 1
63 120 1
63 121 1
63 122 1
63 123 1
63 124 1
63 130 1
63 136 1
63 139 1
63 140 1
63 152 1
63 155 1
63 159 1
63 160 1
63 164 1
63 167 1
63 168 1
63 174 1
63 178 1
63 179 1
63 180 1
63 185 1
63 188 1
63 189 1
63 192 1
63 195 1
63 198 1
63 199 1
64 71 1
64 73 1
64 74 1
64 75 1
64 76 1
64 81 1
64 83 1
64 87 1
64 88 1
64 91 1
64 92 1
64 100 1
64 102 1
64 106 1
64 109 1
64 112 1
64 114 1
64 115 1
64 120 1
64 121 1
64 122 1
64 123 1
64 125 1
64 128 1
64 133 1
64 140 1
64 146 1
64 148 1
64 153 1
64 155 1
64 157 1
64 158 1
64 159 1
64 160 1
64 161 1
64 162 1
64 166 1
64 167 1
64 170 1
64 171 1
64 173 1
64 177 1
64 181 1
64 182 1
64 183 1
64 186 1
64 187 1
64 189 1
64 192 1
64 196 1
64 199 1
64 200 1
65 67 1
65 75 1
65 77 1
65 78 1
65 87 1
65 89 1
65 96 1
65 97 1
65 104 1
65 109 1
65 111 1
65 114 1
65 115 1
65 119 1
65 120 1
65 121 1
65 123 1
65 124 1
65 131 1
65 136 1
65 143 1
65 144 1
65 147 1
65 148 1
65 152 1
65 153 1
65 156 1
65 157 1
65 158 1
65 159 1
65 160 1
65 162 1
65 164 1
65 166 1
65 167 1
65 170 1
65 174 1
65 179 1
65 189 1
65 190 1
65 193 1
65 194 1
65 197 1
65 199 1
66 68 1
66 76 1
66 77 1
66 78 1
66 80 1
66 83 1
66 88 1
66 89 1
66 92 1
66 94 1
66 96 1
66 97 1
66 98 1
66 101 1
66 102 1
66 103 1
66 109 1
66 111 1
66 112 1
66 114 1
66 122 1
66 126 1
66 127 1
66 128 1
66 131 1
66 132 1
66 136 1
66 149 1
66 151 1
66 152 1
66 158 1
66 160 1
66 161 1
66 163 1
66 167 1
66 169 1
66 171 1
66 172 1
66 173 1
66 177 1
66 178 1
66 180 1
66 182 1
66 183 1
66 184 1
66 185 1
66 192 1
66 193 1
66 196 1
66 200 1
67 73 1
67 77 1
67 79 1
67 80 1
67 82 1
67 84 1
67 85 1
67 90 1
67 93 1
67 96 1
67 97 1
67 99 1
67 101 1
67 106 1
67 107 1
67 108 1
67 111 1
67 112 1
67 114 1
67 119 1
67 121 1
67 122 1
67 123 1
67 125 1
67 132 1
67 133 1
67 134 1
67 135 1
67 137 1
67 141 1
67 143 1
67 150 1
67 161 1
67 164 1
67 167 1
67 168 1
67 172 1
67 174 1
67 180 1
67 184 1
67 185 1
67 186 1
67 187 1
67 189 1
67 191 1
67 193 1
67 194 1
67 195 1
67 199 1
68 69 1
68 73 1
68 75 1
68 76 1
68 77 1
68 79 1
68 80 1
68 83 1
68 84 1
68 85 1
68 86 1
68 94 1
68 97 1
68 99 1
68 102 1
68 105 1
68 110 1
68 112 1
68 118 1
68 119 1
68 123 1
68 125 1
68 129 1
68 132 1
68 138 1
68 144 1
68 145 1
68 147 1
68 151 1
68 153 1
68 158 1
68 162 1
68 163 1
68 166 1
68 170 1
68 171 1
68 180 1
68 181 1
68 182 1
68 184 1
68 186 1
68 187 1
68 189 1
68 192 1
68 194 1
68 195 1
69 75 1
69 78 1
69 82 1
69 83 1
69 87 1
69 88 1
69 89 1
69 93 1
69 95 1
69 100 1
69 102 1
69 105 1
69 106 1
69 109 1
69 111 1
69 112 1
69 117 1
69 119 1
69 124 1
69 125 1
69 128 1
69 131 1
69 132 1
69 138 1
69 139 1
69 140 1
69 142 1
69 152 1
69 156 1
69 157 1
69 159 1
69 167 1
69 168 1
69 169 1
69 176 1
69 177 1
69 178 1
69 180 1
69 182 1
69 183 1
69 184 1
69 193 1
69 196 1
70 71 1
70 72 1
70 73 1
70 77 1
70 79 1
70 80 1
70 86 1
70 95 1
70 97 1
70 98 1
70 99 1
70 100 1
70 101 1
70 105 1
70 107 1
70 108 1
70 112 1
70 116 1
70 119 1
70 121 1
70 124 1
70 125 1
70 127 1
70 132 1
70 133 1
70 134 1
70 144 1
70 145 1
70 146 1
70 150 1
70 153 1
70 155 1
70 156 1
70 158 1
70 159 1
70 164 1
70 167 1
70 168 1
70 169 1
70 170 1
70 171 1
70 173 1
70 174 1
70 175 1
70 178 1
70 181 1
70 184 1
70 185 1
70 187 1
70 188 1
70 193 1
70 199 1
71 72 1
71 76 1
71 82 1
71 84 1
71 86 1
71 87 1
71 88 1
71 94 1
71 97 1
71 99 1
71 101 1
71 102 1
71 105 1
71 106 1
71 108 1
71 110 1
71 111 1
71 114 1
71 116 1
71 119 1
71 125 1
71 128 1
71 130 1
71 132 1
71 143 1
71 146 1
71 151 1
71 163 1
71 166 1
71 169 1
71 175 1
71 180 1
71 182 1
71 185 1
71 191 1
71 195 1
71 197 1
72 73 1
72 75 1
72 77 1
72 82 1
72 87 1
72 94 1
72 99 1
72 101 1
72 107 1
72 109 1
72 110 1
72 111 1
72 112 1
72 115 1
72 130 1
72 131 1
72 139 1
72 145 1
72 147 1
72 148 1
72 149 1
72 152 1
72 153 1
72 159 1
72 160 1
72 161 1
72 162 1
72 163 1
72 166 1
72 167 1
72 169 1
72 176 1
72 177 1
72 180 1
72 185 1
72 186 1
72 188 1
72 199 1
73 75 1
73 76 1
73 81 1
73 85 1
73 98 1
73 100 1
73 102 1
73 103 1
73 106 1
73 109 1
73 113 1
73 114 1
73 116 1
73 117 1
73 119 1
73 127 1
73 129 1
73 130 1
73 142 1
73 143 1
73 151 1
73 152 1
73 153 1
73 157 1
73 158 1
73 159 1
73 160 1
73 165 1
73 168 1
73 177 1
73 179 1
73 182 1
73 186 1
73 187 1
73 189 1
73 191 1
73 194 1
73 195 1
73 197 1
73 200 1
74 83 1
74 85 1
74 86 1
74 87 1
74 89 1
74 91 1
74 93 1
74 94 1
74 102 1
74 104 1
74 106 1
74 109 1
74 110 1
74 112 1
74 114 1
74 119 1
74 121 1
74 124 1
74 126 1
74 128 1
74 131 1
74 132 1
74 138 1
74 139 1
74 146 1
74 149 1
74 151 1
74 152 1
74 153 1
74 154 1
74 155 1
74 161 1
74 164 1
74 169 1
74 170 1
74 172 1
74 173 1
74 175 1
74 176 1
74 177 1
74 178 1
74 179 1
74 181 1
74 182 1
74 183 1
74 187 1
74 189 1
74 190 1
74 192 1
74 193 1
74 197 1
74 198 1
74 199 1
74 200 1
75 78 1
75 80 1
75 84 1
75 85 1
75 86 1
75 88 1
75 90 1
75 95 1
75 100 1
75 103 1
75 105 1
75 111 1
75 112 1
75 115 1
75 116 1
75 117 1
75 120 1
75 123 1
75 124 1
75 130 1
75 132 1
75 134 1
75 136 1
75 146 1
75 151 1
75 153 1
75 157 1
75 161 1
75 162 1
75 169 1
75 172 1
75 176 1
75 178 1
75 184 1
75 190 1
75 193 1
75 194 1
75 195 1
75 196 1
75 197 1
76 78 1
76 80 1
76 82 1
76 83 1
76 86 1
76 93 1
76 98 1
76 99 1
76 100 1
76 105 1
76 108 1
76 112 1
76 113 1
76 114 1
76 116 1
76 118 1
76 119 1
76 120 1
76 121 1
76 127 1
76 128 1
76 129 1
76 131 1
76 136 1
76 140 1
76 142 1
76 143 1
76 146 1
76 151 1
76 153 1
76 154 1
76 157 1
76 158 1
76 159 1
76 165 1
76 166 1
76 168 1
76 172 1
76 174 1
76 176 1
76 179 1
76 182 1
76 184 1
76 185 1
76 188 1
76 190 1
76 192 1
76 194 1
76 197 1
77 78 1
77 79 1
77 80 1
77 85 1
77 86 1
77 95 1
77 96 1
77 98 1
77 100 1
77 105 1
77 107 1
77 108 1
77 111 1
77 112 1
77 114 1
77 115 1
77 117 1
77 120 1
77 122 1
77 131 1
77 132 1
77 135 1
77 136 1
77 140 1
77 143 1
77 147 1
77 149 1
77 150 1
77 154 1
77 155 1
77 157 1
77 162 1
77 166 1
77 168 1
77 171 1
77 175 1
77 176 1
77 179 1
77 181 1
77 184 1
77 185 1
77 187 1
77 190 1
77 191 1
77 196 1
77 199 1
78 80 1
78 81 1
78 83 1
78 91 1
78 92 1
78 93 1
78 95 1
78 100 1
78 101 1
78 103 1
78 109 1
78 112 1
78 132 1
78 134 1
78 137 1
78 141 1
78 144 1
78 146 1
78 147 1
78 153 1
78 155 1
78 162 1
78 165 1
78 167 1
78 170 1
78 177 1
78 179 1
78 185 1
78 188 1
78 189 1
78 195 1
78 197 1
78 200 1
79 80 1
79 81 1
79 86 1
79 89 1
79 94 1
79 98 1
79 100 1
79 101 1
79 102 1
79 103 1
79 104 1
79 108 1
79 110 1
79 113 1
79 115 1
79 116 1
79 120 1
79 122 1
79 123 1
79 130 1
79 131 1
79 142 1
79 152 1
79 153 1
79 160 1
79 163 1
79 174 1
79 175 1
79 176 1
79 181 1
79 182 1
79 185 1
79 188 1
79 190 1
79 191 1
79 194 1
79 197 1
79 199 1
80 87 1
80 96 1
80 104 1
80 105 1
80 110 1
80 115 1
80 117 1
80 119 1
80 123 1
80 128 1
80 129 1
80 130 1
80 131 1
80 136 1
80 137 1
80 147 1
80 148 1
80 150 1
80 151 1
80 152 1
80 153 1
80 155 1
80 158 1
80 159 1
80 163 1
80 168 1
80 170 1
80 171 1
80 176 1
80 186 1
80 191 1
80 192 1
81 83 1
81 84 1
81 85 1
81 95 1
81 96 1
81 105 1
81 111 1
81 112 1
81 114 1
81 116 1
81 120 1
81 121 1
81 122 1
81 126 1
81 128 1
81 129 1
81 131 1
81 133 1
81 148 1
81 150 1
81 151 1
81 152 1
81 154 1
81 158 1
81 160 1
81 161 1
81 162 1
81 164 1
81 165 1
81 168 1
81 169 1
81 170 1
81 171 1
81 172 1
81 175 1
81 176 1
81 177 1
81 181 1
81 182 1
81 196 1
81 197 1
81 200 1
82 86 1
82 89 1
82 91 1
82 99 1
82 105 1
82 106 1
82 107 1
82 108 1
82 112 1
82 114 1
82 117 1
82 119 1
82 120 1
82 121 1
82 127 1
82 129 1
82 130 1
82 135 1
82 140 1
82 145 1
82 149 1
82 150 1
82 151 1
82 155 1
82 157 1
82 158 1
82 159 1
82 160 1
82 161 1
82 164 1
82 167 1
82 168 1
82 172 1
82 173 1
82 177 1
82 179 1
82 180 1
82 185 1
82 188 1
82 190 1
82 193 1
82 200 1
83 84 1
83 85 1
83 91 1
83 93 1
83 94 1
83 96 1
83 99 1
83 101 1
83 107 1
83 108 1
83 109 1
83 110 1
83 111 1
83 112 1
83 113 1
83 117 1
83 118 1
83 120 1
83 122 1
83 123 1
83 125 1
83 127 1
83 131 1
83 134 1
83 136 1
83 138 1
83 139 1
83 141 1
83 143 1
83 144 1
83 150 1
83 152 1
83 154 1
83 159 1
83 160 1
83 170 1
83 172 1
83 173 1
83 174 1
83 176 1
83 177 1
83 179 1
83 180 1
83 181 1
83 182 1
83 184 1
83 188 1
83 191 1
83 196 1
83 199 1
84 87 1
84 89 1
84 93 1
84 94 1
84 95 1
84 100 1
84 102 1
84 105 1
84 107 1
84 109 1
84 115 1
84 123 1
84 127 1
84 129 1
84 130 1
84 133 1
84 135 1
84 136 1
84 137 1
84 142 1
84 147 1
84 150 1
84 152 1
84 153 1
84 154 1
84 158 1
84 159 1
84 162 1
84 163 1
84 164 1
84 170 1
84 171 1
84 175 1
84 176 1
84 182 1
84 185 1
84 187 1
84 188 1
84 195 1
84 196 1
84 198 1
84 200 1
85 88 1
85 89 1
85 91 1
85 94 1
85 102 1
85 104 1
85 105 1
85 108 1
85 111 1
85 112 1
85 114 1
85 117 1
85 122 1
85 127 1
85 128 1
85 129 1
85 135 1
85 138 1
85 140 1
85 144 1
85 149 1
85 150 1
85 153 1
85 160 1
85 161 1
85 165 1
85 169 1
85 173 1
85 176 1
85 177 1
85 179 1
85 187 1
85 193 1
85 194 1
85 195 1
85 198 1
86 95 1
86 104 1
86 105 1
86 112 1
86 121 1
86 125 1
86 126 1
86 130 1
86 137 1
86 141 1
86 146 1
86 152 1
86 155 1
86 156 1
86 159 1
86 163 1
86 166 1
86 170 1
86 171 1
86 180 1
86 182 1
86 186 1
86 187 1
86 188 1
86 197 1
86 198 1
87 93 1
87 97 1
87 99 1
87 100 1
87 101 1
87 102 1
87 103 1
87 104 1
87 107 1
87 115 1
87 117 1
87 123 1
87 128 1
87 129 1
87 131 1
87 132 1
87 133 1
87 135 1
87 136 1
87 137 1
87 144 1
87 147 1
87 155 1
87 157 1
87 166 1
87 168 1
87 170 1
87 173 1
87 177 1
87 180 1
87 181 1
87 185 1
87 191 1
87 195 1
87 200 1
88 89 1
88 90 1
88 92 1
88 96 1
88 98 1
88 100 1
88 102 1
88 103 1
88 104 1
88 107 1
88 108 1
88 109 1
88 111 1
88 116 1
88 118 1
88 122 1
88 124 1
88 125 1
88 128 1
88 130 1
88 131 1
88 133 1
88 137 1
88 139 1
88 140 1
88 149 1
88 153 1
88 155 1
88 156 1
88 160 1
88 162 1
88 163 1
88 167 1
88 169 1
88 170 1
88 172 1
88 178 1
88 179 1
88 183 1
88 184 1
88 185 1
88 187 1
88 190 1
88 192 1
88 193 1
88 195 1
88 199 1
89 92 1
89 97 1
89 100 1
89 102 1
89 107 1
89 108 1
89 112 1
89 115 1
89 116 1
89 118 1
89 127 1
89 131 1
89 132 1
89 135 1
89 136 1
89 139 1
89 142 1
89 144 1
89 145 1
89 148 1
89 150 1
89 151 1
89 155 1
89 157 1
89 158 1
89 159 1
89 162 1
89 164 1
89 169 1
89 173 1
89 174 1
89 176 1
89 178 1
89 183 1
89 194 1
89 195 1
89 196 1
89 199 1
90 99 1
90 101 1
90 102 1
90 104 1
90 106 1
90 108 1
90 109 1
90 111 1
90 114 1
90 117 1
90 118 1
90 126 1
90 127 1
90 129 1
90 132 1
90 134 1
90 136 1
90 140 1
90 142 1
90 144 1
90 145 1
90 148 1
90 153 1
90 164 1
90 170 1
90 177 1
90 178 1
90 180 1
90 183 1
90 190 1
90 191 1
90 192 1
90 194 1
90 197 1
90 200 1
91 92 1
91 97 1
91 98 1
91 106 1
91 107 1
91 112 1
91 116 1
91 121 1
91 122 1
91 124 1
91 127 1
91 128 1
91 131 1
91 133 1
91 142 1
91 144 1
91 147 1
91 150 1
91 154 1
91 161 1
91 163 1
91 164 1
91 170 1
91 171 1
91 173 1
91 178 1
91 180 1
91 182 1
91 190 1
91 199 1
92 93 1
92 109 1
92 112 1
92 114 1
92 123 1
92 124 1
92 125 1
92 127 1
92 130 1
92 134 1
92 135 1
92 136 1
92 137 1
92 144 1
92 150 1
92 151 1
92 153 1
92 156 1
92 158 1
92 162 1
92 163 1
92 165 1
92 166 1
92 169 1
92 170 1
92 172 1
92 173 1
92 176 1
92 178 1
92 182 1
92 184 1
92 188 1
92 190 1
92 191 1
92 192 1
92 196 1
92 197 1
92 198 1
93 95 1
93 96 1
93 98 1
93 106 1
93 107 1
93 108 1
93 109 1
93 111 1
93 114 1
93 115 1
93 120 1
93 122 1
93 124 1
93 125 1
93 126 1
93 132 1
93 133 1
93 135 1
93 137 1
93 138 1
93 141 1
93 143 1
93 147 1
93 148 1
93 150 1
93 151 1
93 152 1
93 153 1
93 155 1
93 156 1
93 160 1
93 163 1
93 168 1
93 173 1
93 174 1
93 175 1
93 176 1
93 179 1
93 183 1
93 184 1
93 185 1
93 187 1
93 188 1
93 193 1
93 196 1
93 199 1
93 200 1
94 95 1
94 96 1
94 97 1
94 101 1
94 113 1
94 114 1
94 115 1
94 119 1
94 124 1
94 125 1
94 130 1
94 133 1
94 136 1
94 139 1
94 141 1
94 144 1
94 147 1
94 148 1
94 149 1
94 151 1
94 152 1
94 154 1
94 155 1
94 159 1
94 161 1
94 165 1
94 166 1
94 167 1
94 168 1
94 169 1
94 170 1
94 174 1
94 176 1
94 179 1
94 180 1
94 184 1
94 187 1
94 196 1
94 197 1
94 200 1
95 105 1
95 106 1
95 107 1
95 109 1
95 110 1
95 111 1
95 114 1
95 116 1
95 123 1
95 125 1
95 133 1
95 134 1
95 135 1
95 141 1
95 142 1
95 147 1
95 149 1
95 152 1
95 155 1
95 158 1
95 161 1
95 163 1
95 164 1
95 173 1
95 178 1
95 179 1
95 181 1
95 182 1
95 191 1
95 196 1
96 103 1
96 112 1
96 116 1
96 118 1
96 124 1
96 127 1
96 131 1
96 133 1
96 134 1
96 135 1
96 136 1
96 138 1
96 139 1
96 145 1
96 149 1
96 153 1
96 154 1
96 160 1
96 164 1
96 167 1
96 169 1
96 170 1
96 171 1
96 178 1
96 179 1
96 180 1
96 181 1
96 182 1
96 189 1
96 190 1
96 191 1
96 196 1
96 199 1
96 200 1
97 99 1
97 100 1
97 102 1
97 109 1
97 110 1
97 116 1
97 117 1
97 118 1
97 120 1
97 124 1
97 125 1
97 130 1
97 134 1
97 135 1
97 136 1
97 138 1
97 146 1
97 147 1
97 152 1
97 157 1
97 159 1
97 161 1
97 163 1
97 164 1
97 168 1
97 169 1
97 172 1
97 173 1
97 175 1
97 176 1
97 179 1
97 180 1
97 181 1
97 182 1
97 183 1
97 184 1
97 185 1
97 194 1
98 100 1
98 103 1
98 105 1
98 106 1
98 107 1
98 113 1
98 114 1
98 117 1
98 118 1
98 123 1
98 126 1
98 127 1
98 129 1
98 130 1
98 134 1
98 140 1
98 154 1
98 155 1
98 159 1
98 160 1
98 161 1
98 164 1
98 173 1
98 174 1
98 175 1
98 176 1
98 180 1
98 184 1
98 185 1
98 188 1
98 190 1
98 195 1
98 196 1
98 197 1
99 105 1
99 106 1
99 109 1
99 111 1
99 112 1
99 115 1
99 116 1
99 117 1
99 120 1
99 121 1
99 122 1
99 123 1
99 127 1
99 138 1
99 139 1
99 140 1
99 142 1
99 146 1
99 148 1
99 153 1
99 154 1
99 155 1
99 161 1
99 169 1
99 171 1
99 173 1
99 177 1
99 178 1
99 181 1
99 182 1
99 183 1
99 184 1
99 188 1
99 194 1
99 197 1
100 102 1
100 104 1
100 105 1
100 108 1
100 109 1
100 110 1
100 113 1
100 124 1
100 125 1
100 128 1
100 131 1
100 132 1
100 133 1
100 135 1
100 138 1
100 139 1
100 141 1
100 143 1
100 145 1
100 146 1
100 148 1
100 151 1
100 154 1
100 157 1
100 158 1
100 162 1
100 163 1
100 171 1
100 172 1
100 176 1
100 180 1
100 181 1
100 186 1
100 189 1
100 191 1
100 192 1
100 193 1
100 194 1
100 197 1
100 200 1
101 102 1
101 103 1
101 104 1
101 105 1
101 109 1
101 114 1
101 117 1
101 122 1
101 126 1
101 130 1
101 140 1
101 145 1
101 146 1
101 148 1
101 151 1
101 155 1
101 158 1
101 160 1
101 163 1
101 164 1
101 165 1
101 170 1
101 172 1
101 176 1
101 177 1
101 179 1
101 183 1
101 184 1
101 190 1
101 193 1
101 195 1
101 198 1
101 199 1
102 105 1
102 123 1
102 124 1
102 126 1
102 128 1
102 134 1
102 142 1
102 143 1
102 145 1
102 147 1
102 149 1
102 152 1
102 157 1
102 160 1
102 162 1
102 170 1
102 171 1
102 172 1
102 176 1
102 179 1
102 181 1
102 183 1
102 186 1
102 189 1
102 190 1
102 191 1
102 192 1
102 194 1
102 196 1
102 199 1
103 106 1
103 109 1
103 110 1
103 111 1
103 112 1
103 116 1
103 117 1
103 118 1
103 122 1
103 124 1
103 131 1
103 133 1
103 134 1
103 136 1
103 138 1
103 140 1
103 141 1
103 142 1
103 144 1
103 155 1
103 161 1
103 162 1
103 164 1
103 165 1
103 166 1
103 168 1
103 170 1
103 174 1
103 176 1
103 180 1
103 183 1
103 185 1
103 186 1
103 187 1
103 190 1
103 193 1
103 194 1
103 195 1
103 198 1
103 199 1
104 105 1
104 106 1
104 108 1
104 109 1
104 111 1
104 113 1
104 115 1
104 119 1
104 124 1
104 125 1
104 126 1
104 128 1
104 129 1
104 131 1
104 133 1
104 135 1
104 137 1
104 138 1
104 140 1
104 151 1
104 158 1
104 160 1
104 161 1
104 170 1
104 173 1
104 178 1
104 181 1
104 184 1
104 185 1
104 186 1
104 187 1
104 188 1
104 191 1
104 195 1
104 196 1
104 197 1
104 199 1
105 113 1
105 114 1
105 118 1
105 119 1
105 121 1
105 124 1
105 126 1
105 131 1
105 133 1
105 135 1
105 140 1
105 146 1
105 148 1
105 150 1
105 151 1
105 152 1
105 153 1
105 156 1
105 157 1
105 159 1
105 161 1
105 162 1
105 163 1
105 164 1
105 165 1
105 166 1
105 167 1
105 170 1
105 173 1
105 174 1
105 179 1
105 180 1
105 181 1
105 183 1
105 184 1
105 186 1
105 190 1
105 192 1
105 193 1
105 194 1
105 195 1
105 197 1
106 111 1
106 117 1
106 118 1
106 119 1
106 120 1
106 122 1
106 124 1
106 127 1
106 129 1
106 130 1
106 134 1
106 137 1
106 141 1
106 148 1
106 149 1
106 154 1
106 156 1
106 158 1
106 160 1
106 161 1
106 163 1
106 166 1
106 167 1
106 174 1
106 175 1
106 181 1
106 187 1
106 188 1
106 193 1
106 194 1
106 195 1
106 197 1
106 200 1
107 108 1
107 109 1
107 127 1
107 129 1
107 130 1
107 131 1
107 132 1
107 140 1
107 143 1
107 144 1
107 147 1
107 149 1
107 153 1
107 157 1
107 165 1
107 166 1
107 167 1
107 168 1
107 181 1
107 182 1
107 184 1
107 185 1
107 187 1
107 188 1
107 195 1
107 197 1
107 198 1
108 110 1
108 112 1
108 114 1
108 115 1
108 116 1
108 118 1
108 121 1
108 122 1
108 125 1
108 129 1
108 130 1
108 134 1
108 135 1
108 136 1
108 138 1
108 148 1
108 150 1
108 156 1
108 159 1
108 162 1
108 165 1
108 166 1
108 167 1
108 172 1
108 174 1
108 180 1
108 181 1
108 182 1
108 183 1
108 184 1
108 187 1
108 188 1
108 189 1
108 190 1
108 191 1
109 113 1
109 116 1
109 117 1
109 119 1
109 120 1
109 122 1
109 128 1
109 133 1
109 134 1
109 136 1
109 140 1
109 146 1
109 148 1
109 150 1
109 151 1
109 152 1
109 154 1
109 159 1
109 163 1
109 164 1
109 170 1
109 171 1
109 175 1
109 182 1
109 191 1
109 194 1
109 196 1
109 199 1
110 112 1
110 114 1
110 118 1
110 127 1
110 128 1
110 129 1
110 131 1
110 133 1
110 134 1
110 139 1
110 140 1
110 141 1
110 143 1
110 144 1
110 146 1
110 148 1
110 153 1
110 155 1
110 160 1
110 164 1
110 167 1
110 168 1
110 169 1
110 171 1
110 174 1
110 175 1
110 176 1
110 177 1
110 178 1
110 180 1
110 182 1
110 184 1
110 187 1
110 190 1
110 195 1
110 196 1
110 197 1
110 198 1
110 200 1
111 113 1
111 114 1
111 115 1
111 119 1
111 121 1
111 124 1
111 125 1
111 126 1
111 129 1
111 132 1
111 134 1
111 136 1
111 140 1
111 141 1
111 142 1
111 143 1
111 144 1
111 147 1
111 148 1
111 149 1
111 155 1
111 166 1
111 170 1
111 171 1
111 172 1
111 174 1
111 175 1
111 178 1
111 179 1
111 185 1
111 188 1
111 193 1
111 195 1
111 196 1
111 197 1
111 199 1
111 200 1
112 115 1
112 116 1
112 117 1
112 120 1
112 122 1
112 123 1
112 125 1
112 126 1
112 127 1
112 133 1
112 135 1
112 136 1
112 137 1
112 138 1
112 141 1
112 143 1
112 147 1
112 149 1
112 150 1
112 151 1
112 158 1
112 160 1
112 161 1
112 164 1
112 166 1
112 173 1
112 175 1
112 177 1
112 178 1
112 180 1
112 192 1
112 195 1
113 114 1
113 118 1
113 121 1
113 123 1
113 125 1
113 129 1
113 130 1
113 137 1
113 144 1
113 154 1
113 156 1
113 157 1
113 158 1
113 160 1
113 164 1
113 166 1
113 167 1
113 168 1
113 171 1
113 175 1
113 176 1
113 179 1
113 186 1
113 191 1
113 193 1
113 194 1
113 195 1
113 196 1
113 200 1
114 117 1
114 121 1
114 124 1
114 130 1
114 132 1
114 135 1
114 136 1
114 138 1
114 142 1
114 144 1
114 145 1
114 149 1
114 152 1
114 153 1
114 157 1
114 174 1
114 177 1
114 181 1
114 183 1
114 184 1
114 188 1
114 190 1
114 193 1
114 199 1
115 116 1
115 118 1
115 121 1
115 124 1
115 125 1
115 129 1
115 133 1
115 136 1
115 137 1
115 138 1
115 139 1
115 140 1
115 143 1
115 145 1
115 147 1
115 149 1
115 157 1
115 159 1
115 161 1
115 167 1
115 168 1
115 172 1
115 175 1
115 180 1
115 183 1
115 188 1
115 191 1
115 192 1
115 194 1
116 117 1
116 119 1
116 122 1
116 125 1
116 126 1
116 132 1
116 133 1
116 136 1
116 139 1
116 141 1
116 143 1
116 144 1
116 147 1
116 152 1
116 159 1
116 161 1
116 162 1
116 167 1
116 170 1
116 171 1
116 172 1
116 173 1
116 178 1
116 179 1
116 181 1
116 182 1
116 187 1
116 190 1
116 192 1
116 193 1
116 194 1
116 195 1
116 199 1
117 121 1
117 124 1
117 126 1
117 128 1
117 136 1
117 142 1
117 144 1
117 145 1
117 146 1
117 147 1
117 150 1
117 154 1
117 156 1
117 159 1
117 163 1
117 164 1
117 167 1
117 172 1
117 173 1
117 175 1
117 176 1
117 182 1
117 184 1
117 188 1
117 189 1
117 194 1
117 197 1
117 198 1
117 199 1
118 121 1
118 122 1
118 125 1
118 126 1
118 127 1
118 129 1
118 133 1
118 136 1
118 137 1
118 140 1
118 144 1
118 154 1
118 160 1
118 164 1
118 165 1
118 168 1
118 169 1
118 171 1
118 173 1
118 174 1
118 179 1
118 180 1
118 182 1
118 186 1
118 188 1
118 192 1
118 196 1
119 120 1
119 122 1
119 126 1
119 127 1
119 129 1
119 141 1
119 142 1
119 147 1
119 159 1
119 161 1
119 162 1
119 163 1
119 164 1
119 167 1
119 168 1
119 169 1
119 171 1
119 173 1
119 174 1
119 177 1
119 179 1
119 187 1
119 188 1
119 190 1
119 193 1
119 196 1
120 121 1
120 122 1
120 125 1
120 127 1
120 132 1
120 136 1
120 140 1
120 141 1
120 142 1
120 145 1
120 146 1
120 147 1
120 148 1
120 152 1
120 154 1
120 155 1
120 156 1
120 157 1
120 160 1
120 162 1
120 163 1
120 164 1
120 165 1
120 166 1
120 171 1
120 172 1
120 174 1
120 181 1
120 184 1
120 185 1
120 191 1
120 200 1
121 123 1
121 124 1
121 126 1
121 135 1
121 140 1
121 143 1
121 149 1
121 150 1
121 152 1
121 155 1
121 162 1
121 167 1
121 168 1
121 169 1
121 170 1
121 171 1
121 172 1
121 173 1
121 174 1
121 176 1
121 177 1
121 180 1
121 183 1
121 185 1
121 186 1
121 188 1
121 189 1
121 190 1
121 192 1
121 199 1
121 200 1
122 123 1
122 124 1
122 128 1
122 129 1
122 135 1
122 138 1
122 143 1
122 146 1
122 148 1
122 149 1
122 151 1
122 156 1
122 157 1
122 161 1
122 162 1
122 164 1
122 168 1
122 171 1
122 172 1
122 173 1
122 177 1
122 179 1
122 180 1
122 181 1
122 182 1
122 184 1
122 189 1
122 192 1
122 195 1
122 198 1
122 200 1
123 125 1
123 128 1
123 129 1
123 135 1
123 137 1
123 138 1
123 144 1
123 149 1
123 155 1
123 156 1
123 169 1
123 172 1
123 177 1
123 178 1
123 180 1
123 181 1
123 182 1
123 184 1
123 187 1
123 189 1
123 194 1
123 199 1
124 125 1
124 129 1
124 130 1
124 133 1
124 135 1
124 141 1
124 142 1
124 150 1
124 156 1
124 158 1
124 159 1
124 164 1
124 167 1
124 172 1
124 177 1
124 178 1
124 184 1
124 189 1
124 191 1
124 200 1
125 134 1
125 140 1
125 142 1
125 151 1
125 153 1
125 158 1
125 159 1
125 160 1
125 165 1
125 166 1
125 168 1
125 172 1
125 173 1
125 175 1
125 178 1
125 179 1
125 180 1
125 184 1
125 185 1
125 188 1
125 190 1
125 192 1
125 195 1
125 196 1
125 199 1
126 127 1
126 128 1
126 132 1
126 135 1
126 136 1
126 139 1
126 141 1
126 143 1
126 147 1
126 149 1
126 154 1
126 155 1
126 159 1
126 160 1
126 170 1
126 176 1
126 177 1
126 178 1
126 180 1
126 181 1
126 184 1
126 188 1
126 189 1
126 190 1
126 193 1
126 200 1
127 129 1
127 133 1
127 135 1
127 137 1
127 138 1
127 144 1
127 145 1
127 148 1
127 149 1
127 150 1
127 152 1
127 153 1
127 154 1
127 157 1
127 164 1
127 168 1
127 169 1
127 170 1
127 174 1
127 177 1
127 180 1
127 184 1
127 185 1
127 191 1
127 194 1
128 130 1
128 135 1
128 146 1
128 148 1
128 149 1
128 150 1
128 156 1
128 159 1
128 167 1
128 168 1
128 169 1
128 172 1
128 173 1
128 177 1
128 179 1
128 182 1
128 184 1
128 185 1
128 186 1
128 189 1
128 191 1
128 194 1
128 198 1
128 200 1
129 134 1
129 136 1
129 138 1
129 140 1
129 142 1
129 143 1
129 148 1
129 149 1
129 153 1
129 154 1
129 157 1
129 163 1
129 167 1
129 168 1
129 171 1
129 172 1
129 175 1
129 186 1
129 190 1
129 191 1
129 195 1
129 200 1
130 131 1
130 134 1
130 135 1
130 136 1
130 137 1
130 140 1
130 142 1
130 151 1
130 152 1
130 153 1
130 155 1
130 156 1
130 158 1
130 159 1
130 161 1
130 164 1
130 165 1
130 166 1
130 167 1
130 168 1
130 169 1
130 172 1
130 174 1
130 176 1
130 177 1
130 183 1
130 185 1
130 186 1
130 189 1
130 190 1
130 194 1
130 195 1
130 198 1
131 135 1
131 136 1
131 140 1
131 142 1
131 144 1
131 147 1
131 152 1
131 153 1
131 155 1
131 156 1
131 157 1
131 164 1
131 170 1
131 171 1
131 172 1
131 173 1
131 175 1
131 179 1
131 181 1
131 185 1
131 187 1
131 188 1
131 192 1
131 194 1
131 195 1
131 196 1
131 197 1
132 133 1
132 139 1
132 141 1
132 145 1
132 156 1
132 163 1
132 167 1
132 170 1
132 171 1
132 172 1
132 173 1
132 174 1
132 177 1
132 178 1
132 181 1
132 182 1
132 185 1
132 188 1
132 191 1
132 194 1
132 195 1
132 199 1
133 134 1
133 136 1
133 139 1
133 141 1
133 142 1
133 147 1
133 150 1
133 151 1
133 152 1
133 153 1
133 154 1
133 155 1
133 159 1
133 161 1
133 162 1
133 164 1
133 171 1
133 172 1
133 173 1
133 176 1
133 178 1
133 179 1
133 180 1
133 182 1
133 183 1
133 184 1
133 185 1
133 187 1
133 189 1
133 190 1
134 137 1
134 139 1
134 140 1
134 141 1
134 142 1
134 143 1
134 145 1
134 148 1
134 151 1
134 153 1
134 159 1
134 160 1
134 165 1
134 169 1
134 171 1
134 173 1
134 176 1
134 180 1
134 181 1
134 185 1
134 186 1
134 188 1
134 189 1
134 191 1
134 194 1
134 197 1
134 200 1
135 141 1
135 142 1
135 145 1
135 146 1
135 147 1
135 150 1
135 151 1
135 152 1
135 154 1
135 156 1
135 157 1
135 158 1
135 159 1
135 160 1
135 161 1
135 163 1
135 169 1
135 170 1
135 175 1
135 176 1
135 178 1
135 182 1
135 185 1
135 186 1
135 187 1
135 190 1
135 191 1
135 192 1
135 198 1
135 199 1
135 200 1
136 138 1
136 141 1
136 142 1
136 144 1
136 145 1
136 147 1
136 149 1
136 150 1
136 151 1
136 153 1
136 154 1
136 156 1
136 157 1
136 158 1
136 162 1
136 164 1
136 165 1
136 166 1
136 167 1
136 168 1
136 169 1
136 171 1
136 173 1
136 174 1
136 175 1
136 179 1
136 186 1
136 187 1
136 188 1
136 190 1
136 195 1
136 199 1
136 200 1
137 141 1
137 144 1
137 145 1
137 147 1
137 148 1
137 155 1
137 156 1
137 158 1
137 162 1
137 169 1
137 174 1
137 175 1
137 177 1
137 185 1
137 186 1
137 192 1
137 197 1
137 199 1
137 200 1
138 141 1
138 144 1
138 148 1
138 155 1
138 157 1
138 161 1
138 167 1
138 168 1
138 170 1
138 172 1
138 175 1
138 176 1
138 177 1
138 179 1
138 182 1
138 184 1
138 187 1
138 189 1
138 190 1
138 199 1
139 140 1
139 142 1
139 143 1
139 144 1
139 146 1
139 155 1
139 158 1
139 162 1
139 171 1
139 172 1
139 173 1
139 178 1
139 181 1
139 187 1
139 188 1
139 193 1
139 197 1
140 143 1
140 144 1
140 146 1
140 155 1
140 157 1
140 158 1
140 161 1
140 171 1
140 175 1
140 176 1
140 177 1
140 179 1
140 180 1
140 181 1
140 184 1
140 187 1
140 192 1
140 195 1
140 198 1
141 142 1
141 144 1
141 147 1
141 157 1
141 161 1
141 163 1
141 165 1
141 167 1
141 169 1
141 170 1
141 173 1
141 174 1
141 175 1
141 179 1
141 181 1
141 182 1
141 185 1
141 186 1
141 192 1
141 193 1
141 199 1
142 147 1
142 148 1
142 152 1
142 157 1
142 158 1
142 159 1
142 162 1
142 163 1
142 165 1
142 167 1
142 170 1
142 171 1
142 172 1
142 174 1
142 177 1
142 178 1
142 179 1
142 180 1
142 182 1
142 185 1
142 190 1
142 192 1
142 193 1
142 195 1
143 150 1
143 152 1
143 153 1
143 154 1
143 158 1
143 161 1
143 163 1
143 165 1
143 169 1
143 176 1
143 177 1
143 182 1
143 183 1
143 190 1
143 191 1
143 195 1
143 197 1
143 199 1
144 148 1
144 150 1
144 155 1
144 157 1
144 159 1
144 160 1
144 162 1
144 167 1
144 171 1
144 172 1
144 173 1
144 179 1
144 182 1
144 183 1
144 184 1
144 185 1
144 191 1
144 192 1
144 193 1
144 198 1
145 149 1
145 152 1
145 153 1
145 156 1
145 161 1
145 164 1
145 166 1
145 173 1
145 177 1
145 182 1
145 187 1
145 189 1
145 192 1
145 196 1
145 199 1
146 147 1
146 153 1
146 155 1
146 156 1
146 160 1
146 167 1
146 172 1
146 174 1
146 176 1
146 179 1
146 183 1
146 185 1
146 186 1
146 188 1
146 194 1
146 196 1
146 197 1
146 199 1
146 200 1
147 149 1
147 151 1
147 153 1
147 156 1
147 159 1
147 164 1
147 170 1
147 171 1
147 173 1
147 182 1
147 186 1
147 188 1
147 190 1
147 192 1
147 193 1
147 199 1
148 150 1
148 151 1
148 154 1
148 156 1
148 161 1
148 164 1
148 168 1
148 169 1
148 170 1
148 172 1
148 174 1
148 177 1
148 182 1
148 183 1
148 184 1
148 188 1
148 189 1
148 190 1
148 191 1
148 192 1
148 195 1
149 156 1
149 159 1
149 160 1
149 163 1
149 165 1
149 167 1
149 169 1
149 178 1
149 182 1
149 183 1
149 188 1
149 189 1
149 192 1
149 193 1
149 196 1
149 200 1
150 152 1
150 153 1
150 155 1
150 158 1
150 159 1
150 166 1
150 171 1
150 173 1
150 175 1
150 182 1
150 184 1
150 185 1
150 186 1
150 187 1
150 188 1
150 189 1
150 190 1
150 200 1
151 154 1
151 156 1
151 158 1
151 159 1
151 163 1
151 164 1
151 167 1
151 172 1
151 173 1
151 182 1
151 183 1
151 184 1
151 185 1
151 186 1
151 191 1
151 193 1
151 197 1
152 158 1
152 162 1
152 163 1
152 164 1
152 166 1
152 169 1
152 175 1
152 178 1
152 179 1
152 183 1
152 185 1
152 187 1
152 189 1
152 190 1
152 192 1
152 195 1
152 196 1
153 159 1
153 160 1
153 166 1
153 167 1
153 170 1
153 172 1
153 182 1
153 184 1
153 193 1
153 199 1
154 161 1
154 162 1
154 166 1
154 172 1
154 175 1
154 176 1
154 181 1
154 183 1
154 188 1
154 189 1
154 190 1
154 194 1
154 196 1
154 197 1
154 199 1
154 200 1
155 156 1
155 158 1
155 162 1
155 164 1
155 169 1
155 172 1
155 173 1
155 176 1
155 177 1
155 178 1
155 179 1
155 180 1
155 182 1
155 187 1
155 194 1
155 198 1
156 162 1
156 163 1
156 164 1
156 166 1
156 167 1
156 169 1
156 172 1
156 176 1
156 177 1
156 179 1
156 182 1
156 183 1
156 184 1
156 185 1
156 186 1
156 189 1
156 191 1
156 192 1
156 194 1
156 195 1
156 197 1
156 199 1
156 200 1
157 164 1
157 165 1
157 166 1
157 167 1
157 171 1
157 174 1
157 175 1
157 179 1
157 181 1
157 185 1
157 189 1
157 190 1
157 191 1
158 160 1
158 165 1
158 166 1
158 168 1
158 169 1
158 174 1
158 177 1
158 179 1
158 180 1
158 185 1
158 186 1
158 188 1
158 189 1
158 192 1
158 194 1
158 195 1
159 160 1
159 165 1
159 166 1
159 167 1
159 170 1
159 171 1
159 175 1
159 177 1
159 182 1
159 185 1
159 187 1
159 188 1
159 197 1
159 199 1
160 169 1
160 173 1
160 178 1
160 180 1
160 184 1
160 188 1
160 189 1
160 197 1
161 163 1
161 166 1
161 170 1
161 173 1
161 177 1
161 178 1
161 182 1
161 183 1
161 188 1
161 191 1
161 193 1
161 195 1
161 196 1
161 198 1
161 199 1
161 200 1
162 164 1
162 165 1
162 167 1
162 169 1
162 171 1
162 175 1
162 178 1
162 180 1
162 184 1
162 187 1
162 189 1
162 190 1
162 192 1
162 195 1
162 197 1
162 199 1
163 172 1
163 175 1
163 180 1
163 181 1
163 183 1
163 190 1
163 192 1
163 196 1
164 165 1
164 166 1
164 167 1
164 168 1
164 173 1
164 175 1
164 176 1
164 178 1
164 179 1
164 181 1
164 183 1
164 189 1
164 190 1
164 194 1
164 198 1
165 166 1
165 167 1
165 169 1
165 170 1
165 171 1
165 172 1
165 174 1
165 183 1
165 187 1
165 188 1
165 189 1
165 190 1
165 191 1
165 194 1
165 195 1
165 196 1
165 197 1
166 171 1
166 175 1
166 185 1
166 190 1
166 196 1
166 197 1
166 199 1
167 172 1
167 175 1
167 177 1
167 181 1
167 191 1
167 192 1
168 171 1
168 175 1
168 176 1
168 178 1
168 179 1
168 180 1
168 182 1
168 186 1
168 187 1
168 193 1
168 194 1
168 195 1
168 198 1
168 199 1
169 170 1
169 173 1
169 175 1
169 179 1
169 181 1
169 182 1
169 184 1
169 186 1
169 194 1
169 198 1
169 199 1
169 200 1
170 173 1
170 174 1
170 176 1
170 179 1
170 181 1
170 183 1
170 184 1
170 187 1
170 194 1
170 197 1
171 172 1
171 173 1
171 180 1
171 181 1
171 183 1
171 189 1
171 192 1
171 193 1
171 197 1
171 198 1
171 200 1
172 177 1
172 179 1
172 181 1
172 182 1
172 186 1
172 192 1
172 193 1
172 195 1
172 199 1
173 180 1
173 181 1
173 186 1
173 187 1
173 188 1
173 189 1
173 190 1
173 193 1
173 194 1
174 177 1
174 182 1
174 183 1
174 185 1
174 188 1
174 190 1
174 196 1
174 197 1
174 199 1
175 177 1
175 178 1
175 180 1
175 181 1
175 183 1
175 188 1
175 192 1
175 193 1
175 199 1
176 177 1
176 180 1
176 183 1
176 187 1
176 189 1
176 191 1
176 194 1
176 197 1
176 198 1
176 200 1
177 179 1
177 180 1
177 184 1
177 186 1
177 187 1
177 188 1
177 195 1
177 196 1
177 197 1
177 199 1
178 179 1
178 183 1
178 184 1
178 185 1
178 188 1
178 189 1
178 192 1
178 197 1
178 200 1
179 182 1
179 186 1
179 187 1
179 188 1
179 191 1
179 193 1
179 196 1
180 181 1
180 184 1
180 187 1
180 192 1
180 197 1
181 184 1
181 190 1
181 191 1
181 193 1
181 194 1
181 195 1
181 196 1
181 198 1
182 186 1
182 190 1
182 191 1
182 192 1
182 195 1
182 196 1
182 197 1
183 188 1
183 194 1
183 198 1
183 200 1
184 187 1
184 188 1
184 192 1
184 193 1
184 195 1
184 197 1
184 199 1
185 186 1
185 190 1
185 192 1
185 193 1
185 196 1
186 190 1
186 196 1
186 198 1
186 200 1
187 189 1
187 195 1
187 198 1
187 200 1
188 194 1
188 195 1
188 196 1
188 200 1
189 195 1
189 197 1
189 200 1
190 191 1
190 195 1
190 198 1
191 197 1
191 199 1
192 196 1
193 195 1
194 195 1
194 197 1
194 198 1
194 199 1
197 200 1
