1024 5120
1 2 1
1 3 1
1 5 1
1 9 1
1 17 1
1 33 1
1 65 1
1 129 1
1 257 1
1 513 1
2 4 1
2 6 1
2 10 1
2 18 1
2 34 1
2 66 1
2 130 1
2 258 1
2 514 1
3 4 1
3 7 1
3 11 1
3 19 1
3 35 1
3 67 1
3 131 1
3 259 1
3 515 1
4 8 1
4 12 1
4 20 1
4 36 1
4 68 1
4 132 1
4 260 1
4 516 1
5 6 1
5 7 1
5 13 1
5 21 1
5 37 1
5 69 1
5 133 1
5 261 1
5 517 1
6 8 1
6 14 1
6 22 1
6 38 1
6 70 1
6 134 1
6 262 1
6 518 1
7 8 1
7 15 1
7 23 1
7 39 1
7 71 1
7 135 1
7 263 1
7 519 1
8 16 1
8 24 1
8 40 1
8 72 1
8 136 1
8 264 1
8 520 1
9 10 1
9 11 1
9 13 1
9 25 1
9 41 1
9 73 1
9 137 1
9 265 1
9 521 1
10 12 1
10 14 1
10 26 1
10 42 1
10 74 1
10 138 1
10 266 1
10 522 1
11 12 1
11 15 1
11 27 1
11 43 1
11 75 1
11 139 1
11 267 1
11 523 1
12 16 1
12 28 1
12 44 1
12 76 1
12 140 1
12 268 1
12 524 1
13 14 1
13 15 1
13 29 1
13 45 1
13 77 1
13 141 1
13 269 1
13 525 1
14 16 1
14 30 1
14 46 1
14 78 1
14 142 1
14 270 1
14 526 1
15 16 1
15 31 1
15 47 1
15 79 1
15 143 1
15 271 1
15 527 1
16 32 1
16 48 1
16 80 1
16 144 1
16 272 1
16 528 1
17 18 1
17 19 1
17 21 1
17 25 1
17 49 1
17 81 1
17 145 1
17 273 1
17 529 1
18 20 1
18 22 1
18 26 1
18 50 1
18 82 1
18 146 1
18 274 1
18 530 1
19 20 1
19 23 1
19 27 1
19 51 1
19 83 1
19 147 1
19 275 1
19 531 1
20 24 1
20 28 1
20 52 1
20 84 1
20 148 1
20 276 1
20 532 1
21 22 1
21 23 1
21 29 1
21 53 1
21 85 1
21 149 1
21 277 1
21 533 1
22 24 1
22 30 1
22 54 1
22 86 1
22 150 1
22 278 1
22 534 1
23 24 1
23 31 1
23 55 1
23 87 1
23 151 1
23 279 1
23 535 1
24 32 1
24 56 1
24 88 1
24 152 1
24 280 1
24 536 1
25 26 1
25 27 1
25 29 1
25 57 1
25 89 1
25 153 1
25 281 1
25 537 1
26 28 1
26 30 1
26 58 1
26 90 1
26 154 1
26 282 1
26 538 1
27 28 1
27 31 1
27 59 1
27 91 1
27 155 1
27 283 1
27 539 1
28 32 1
28 60 1
28 92 1
28 156 1
28 284 1
28 540 1
29 30 1
29 31 1
29 61 1
29 93 1
29 157 1
29 285 1
29 541 1
30 32 1
30 62 1
30 94 1
30 158 1
30 286 1
30 542 1
31 32 1
31 63 1
31 95 1
31 159 1
31 287 1
31 543 1
32 64 1
32 96 1
32 160 1
32 288 1
32 544 1
33 34 1
33 35 1
33 37 1
33 41 1
33 49 1
33 97 1
33 161 1
33 289 1
33 545 1
34 36 1
34 38 1
34 42 1
34 50 1
34 98 1
34 162 1
34 290 1
34 546 1
35 36 1
35 39 1
35 43 1
35 51 1
35 99 1
35 163 1
35 291 1
35 547 1
36 40 1
36 44 1
36 52 1
36 100 1
36 164 1
36 292 1
36 548 1
37 38 1
37 39 1
37 45 1
37 53 1
37 101 1
37 165 1
37 293 1
37 549 1
38 40 1
38 46 1
38 54 1
38 102 1
38 166 1
38 294 1
38 550 1
39 40 1
39 47 1
39 55 1
39 103 1
39 167 1
39 295 1
39 551 1
40 48 1
40 56 1
40 104 1
40 168 1
40 296 1
40 552 1
41 42 1
41 43 1
41 45 1
41 57 1
41 105 1
41 169 1
41 297 1
41 553 1
42 44 1
42 46 1
42 58 1
42 106 1
42 170 1
42 298 1
42 554 1
43 44 1
43 47 1
43 59 1
43 107 1
43 171 1
43 299 1
43 555 1
44 48 1
44 60 1
44 108 1
44 172 1
44 300 1
44 556 1
45 46 1
45 47 1
45 61 1
45 109 1
45 173 1
45 301 1
45 557 1
46 48 1
46 62 1
46 110 1
46 174 1
46 302 1
46 558 1
47 48 1
47 63 1
47 111 1
47 175 1
47 303 1
47 559 1
48 64 1
48 112 1
48 176 1
48 304 1
48 560 1
49 50 1
49 51 1
49 53 1
49 57 1
49 113 1
49 177 1
49 305 1
49 561 1
50 52 1
50 54 1
50 58 1
50 114 1
50 178 1
50 306 1
50 562 1
51 52 1
51 55 1
51 59 1
51 115 1
51 179 1
51 307 1
51 563 1
52 56 1
52 60 1
52 116 1
52 180 1
52 308 1
52 564 1
53 54 1
53 55 1
53 61 1
53 117 1
53 181 1
53 309 1
53 565 1
54 56 1
54 62 1
54 118 1
54 182 1
54 310 1
54 566 1
55 56 1
55 63 1
55 119 1
55 183 1
55 311 1
55 567 1
56 64 1
56 120 1
56 184 1
56 312 1
56 568 1
57 58 1
57 59 1
57 61 1
57 121 1
57 185 1
57 313 1
57 569 1
58 60 1
58 62 1
58 122 1
58 186 1
58 314 1
58 570 1
59 60 1
59 63 1
59 123 1
59 187 1
59 315 1
59 571 1
60 64 1
60 124 1
60 188 1
60 316 1
60 572 1
61 62 1
61 63 1
61 125 1
61 189 1
61 317 1
61 573 1
62 64 1
62 126 1
62 190 1
62 318 1
62 574 1
63 64 1
63 127 1
63 191 1
63 319 1
63 575 1
64 128 1
64 192 1
64 320 1
64 576 1
65 66 1
65 67 1
65 69 1
65 73 1
65 81 1
65 97 1
65 193 1
65 321 1
65 577 1
66 68 1
66 70 1
66 74 1
66 82 1
66 98 1
66 194 1
66 322 1
66 578 1
67 68 1
67 71 1
67 75 1
67 83 1
67 99 1
67 195 1
67 323 1
67 579 1
68 72 1
68 76 1
68 84 1
68 100 1
68 196 1
68 324 1
68 580 1
69 70 1
69 71 1
69 77 1
69 85 1
69 101 1
69 197 1
69 325 1
69 581 1
70 72 1
70 78 1
70 86 1
70 102 1
70 198 1
70 326 1
70 582 1
71 72 1
71 79 1
71 87 1
71 103 1
71 199 1
71 327 1
71 583 1
72 80 1
72 88 1
72 104 1
72 200 1
72 328 1
72 584 1
73 74 1
73 75 1
73 77 1
73 89 1
73 105 1
73 201 1
73 329 1
73 585 1
74 76 1
74 78 1
74 90 1
74 106 1
74 202 1
74 330 1
74 586 1
75 76 1
75 79 1
75 91 1
75 107 1
75 203 1
75 331 1
75 587 1
76 80 1
76 92 1
76 108 1
76 204 1
76 332 1
76 588 1
77 78 1
77 79 1
77 93 1
77 109 1
77 205 1
77 333 1
77 589 1
78 80 1
78 94 1
78 110 1
78 206 1
78 334 1
78 590 1
79 80 1
79 95 1
79 111 1
79 207 1
79 335 1
79 591 1
80 96 1
80 112 1
80 208 1
80 336 1
80 592 1
81 82 1
81 83 1
81 85 1
81 89 1
81 113 1
81 209 1
81 337 1
81 593 1
82 84 1
82 86 1
82 90 1
82 114 1
82 210 1
82 338 1
82 594 1
83 84 1
83 87 1
83 91 1
83 115 1
83 211 1
83 339 1
83 595 1
84 88 1
84 92 1
84 116 1
84 212 1
84 340 1
84 596 1
85 86 1
85 87 1
85 93 1
85 117 1
85 213 1
85 341 1
85 597 1
86 88 1
86 94 1
86 118 1
86 214 1
86 342 1
86 598 1
87 88 1
87 95 1
87 119 1
87 215 1
87 343 1
87 599 1
88 96 1
88 120 1
88 216 1
88 344 1
88 600 1
89 90 1
89 91 1
89 93 1
89 121 1
89 217 1
89 345 1
89 601 1
90 92 1
90 94 1
90 122 1
90 218 1
90 346 1
90 602 1
91 92 1
91 95 1
91 123 1
91 219 1
91 347 1
91 603 1
92 96 1
92 124 1
92 220 1
92 348 1
92 604 1
93 94 1
93 95 1
93 125 1
93 221 1
93 349 1
93 605 1
94 96 1
94 126 1
94 222 1
94 350 1
94 606 1
95 96 1
95 127 1
95 223 1
95 351 1
95 607 1
96 128 1
96 224 1
96 352 1
96 608 1
97 98 1
97 99 1
97 101 1
97 105 1
97 113 1
97 225 1
97 353 1
97 609 1
98 100 1
98 102 1
98 106 1
98 114 1
98 226 1
98 354 1
98 610 1
99 100 1
99 103 1
99 107 1
99 115 1
99 227 1
99 355 1
99 611 1
100 104 1
100 108 1
100 116 1
100 228 1
100 356 1
100 612 1
101 102 1
101 103 1
101 109 1
101 117 1
101 229 1
101 357 1
101 613 1
102 104 1
102 110 1
102 118 1
102 230 1
102 358 1
102 614 1
103 104 1
103 111 1
103 119 1
103 231 1
103 359 1
103 615 1
104 112 1
104 120 1
104 232 1
104 360 1
104 616 1
105 106 1
105 107 1
105 109 1
105 121 1
105 233 1
105 361 1
105 617 1
106 108 1
106 110 1
106 122 1
106 234 1
106 362 1
106 618 1
107 108 1
107 111 1
107 123 1
107 235 1
107 363 1
107 619 1
108 112 1
108 124 1
108 236 1
108 364 1
108 620 1
109 110 1
109 111 1
109 125 1
109 237 1
109 365 1
109 621 1
110 112 1
110 126 1
110 238 1
110 366 1
110 622 1
111 112 1
111 127 1
111 239 1
111 367 1
111 623 1
112 128 1
112 240 1
112 368 1
112 624 1
113 114 1
113 115 1
113 117 1
113 121 1
113 241 1
113 369 1
113 625 1
114 116 1
114 118 1
114 122 1
114 242 1
114 370 1
114 626 1
115 116 1
115 119 1
115 123 1
115 243 1
115 371 1
115 627 1
116 120 1
116 124 1
116 244 1
116 372 1
116 628 1
117 118 1
117 119 1
117 125 1
117 245 1
117 373 1
117 629 1
118 120 1
118 126 1
118 246 1
118 374 1
118 630 1
119 120 1
119 127 1
119 247 1
119 375 1
119 631 1
120 128 1
120 248 1
120 376 1
120 632 1
121 122 1
121 123 1
121 125 1
121 249 1
121 377 1
121 633 1
122 124 1
122 126 1
122 250 1
122 378 1
122 634 1
123 124 1
123 127 1
123 251 1
123 379 1
123 635 1
124 128 1
124 252 1
124 380 1
124 636 1
125 126 1
125 127 1
125 253 1
125 381 1
125 637 1
126 128 1
126 254 1
126 382 1
126 638 1
127 128 1
127 255 1
127 383 1
127 639 1
128 256 1
128 384 1
128 640 1
129 130 1
129 131 1
129 133 1
129 137 1
129 145 1
129 161 1
129 193 1
129 385 1
129 641 1
130 132 1
130 134 1
130 138 1
130 146 1
130 162 1
130 194 1
130 386 1
130 642 1
131 132 1
131 135 1
131 139 1
131 147 1
131 163 1
131 195 1
131 387 1
131 643 1
132 136 1
132 140 1
132 148 1
132 164 1
132 196 1
132 388 1
132 644 1
133 134 1
133 135 1
133 141 1
133 149 1
133 165 1
133 197 1
133 389 1
133 645 1
134 136 1
134 142 1
134 150 1
134 166 1
134 198 1
134 390 1
134 646 1
135 136 1
135 143 1
135 151 1
135 167 1
135 199 1
135 391 1
135 647 1
136 144 1
136 152 1
136 168 1
136 200 1
136 392 1
136 648 1
137 138 1
137 139 1
137 141 1
137 153 1
137 169 1
137 201 1
137 393 1
137 649 1
138 140 1
138 142 1
138 154 1
138 170 1
138 202 1
138 394 1
138 650 1
139 140 1
139 143 1
139 155 1
139 171 1
139 203 1
139 395 1
139 651 1
140 144 1
140 156 1
140 172 1
140 204 1
140 396 1
140 652 1
141 142 1
141 143 1
141 157 1
141 173 1
141 205 1
141 397 1
141 653 1
142 144 1
142 158 1
142 174 1
142 206 1
142 398 1
142 654 1
143 144 1
143 159 1
143 175 1
143 207 1
143 399 1
143 655 1
144 160 1
144 176 1
144 208 1
144 400 1
144 656 1
145 146 1
145 147 1
145 149 1
145 153 1
145 177 1
145 209 1
145 401 1
145 657 1
146 148 1
146 150 1
146 154 1
146 178 1
146 210 1
146 402 1
146 658 1
147 148 1
147 151 1
147 155 1
147 179 1
147 211 1
147 403 1
147 659 1
148 152 1
148 156 1
148 180 1
148 212 1
148 404 1
148 660 1
149 150 1
149 151 1
149 157 1
149 181 1
149 213 1
149 405 1
149 661 1
150 152 1
150 158 1
150 182 1
150 214 1
150 406 1
150 662 1
151 152 1
151 159 1
151 183 1
151 215 1
151 407 1
151 663 1
152 160 1
152 184 1
152 216 1
152 408 1
152 664 1
153 154 1
153 155 1
153 157 1
153 185 1
153 217 1
153 409 1
153 665 1
154 156 1
154 158 1
154 186 1
154 218 1
154 410 1
154 666 1
155 156 1
155 159 1
155 187 1
155 219 1
155 411 1
155 667 1
156 160 1
156 188 1
156 220 1
156 412 1
156 668 1
157 158 1
157 159 1
157 189 1
157 221 1
157 413 1
157 669 1
158 160 1
158 190 1
158 222 1
158 414 1
158 670 1
159 160 1
159 191 1
159 223 1
159 415 1
159 671 1
160 192 1
160 224 1
160 416 1
160 672 1
161 162 1
161 163 1
161 165 1
161 169 1
161 177 1
161 225 1
161 417 1
161 673 1
162 164 1
162 166 1
162 170 1
162 178 1
162 226 1
162 418 1
162 674 1
163 164 1
163 167 1
163 171 1
163 179 1
163 227 1
163 419 1
163 675 1
164 168 1
164 172 1
164 180 1
164 228 1
164 420 1
164 676 1
165 166 1
165 167 1
165 173 1
165 181 1
165 229 1
165 421 1
165 677 1
166 168 1
166 174 1
166 182 1
166 230 1
166 422 1
166 678 1
167 168 1
167 175 1
167 183 1
167 231 1
167 423 1
167 679 1
168 176 1
168 184 1
168 232 1
168 424 1
168 680 1
169 170 1
169 171 1
169 173 1
169 185 1
169 233 1
169 425 1
169 681 1
170 172 1
170 174 1
170 186 1
170 234 1
170 426 1
170 682 1
171 172 1
171 175 1
171 187 1
171 235 1
171 427 1
171 683 1
172 176 1
172 188 1
172 236 1
172 428 1
172 684 1
173 174 1
173 175 1
173 189 1
173 237 1
173 429 1
173 685 1
174 176 1
174 190 1
174 238 1
174 430 1
174 686 1
175 176 1
175 191 1
175 239 1
175 431 1
175 687 1
176 192 1
176 240 1
176 432 1
176 688 1
177 178 1
177 179 1
177 181 1
177 185 1
177 241 1
177 433 1
177 689 1
178 180 1
178 182 1
178 186 1
178 242 1
178 434 1
178 690 1
179 180 1
179 183 1
179 187 1
179 243 1
179 435 1
179 691 1
180 184 1
180 188 1
180 244 1
180 436 1
180 692 1
181 182 1
181 183 1
181 189 1
181 245 1
181 437 1
181 693 1
182 184 1
182 190 1
182 246 1
182 438 1
182 694 1
183 184 1
183 191 1
183 247 1
183 439 1
183 695 1
184 192 1
184 248 1
184 440 1
184 696 1
185 186 1
185 187 1
185 189 1
185 249 1
185 441 1
185 697 1
186 188 1
186 190 1
186 250 1
186 442 1
186 698 1
187 188 1
187 191 1
187 251 1
187 443 1
187 699 1
188 192 1
188 252 1
188 444 1
188 700 1
189 190 1
189 191 1
189 253 1
189 445 1
189 701 1
190 192 1
190 254 1
190 446 1
190 702 1
191 192 1
191 255 1
191 447 1
191 703 1
192 256 1
192 448 1
192 704 1
193 194 1
193 195 1
193 197 1
193 201 1
193 209 1
193 225 1
193 449 1
193 705 1
194 196 1
194 198 1
194 202 1
194 210 1
194 226 1
194 450 1
194 706 1
195 196 1
195 199 1
195 203 1
195 211 1
195 227 1
195 451 1
195 707 1
196 200 1
196 204 1
196 212 1
196 228 1
196 452 1
196 708 1
197 198 1
197 199 1
197 205 1
197 213 1
197 229 1
197 453 1
197 709 1
198 200 1
198 206 1
198 214 1
198 230 1
198 454 1
198 710 1
199 200 1
199 207 1
199 215 1
199 231 1
199 455 1
199 711 1
200 208 1
200 216 1
200 232 1
200 456 1
200 712 1
201 202 1
201 203 1
201 205 1
201 217 1
201 233 1
201 457 1
201 713 1
202 204 1
202 206 1
202 218 1
202 234 1
202 458 1
202 714 1
203 204 1
203 207 1
203 219 1
203 235 1
203 459 1
203 715 1
204 208 1
204 220 1
204 236 1
204 460 1
204 716 1
205 206 1
205 207 1
205 221 1
205 237 1
205 461 1
205 717 1
206 208 1
206 222 1
206 238 1
206 462 1
206 718 1
207 208 1
207 223 1
207 239 1
207 463 1
207 719 1
208 224 1
208 240 1
208 464 1
208 720 1
209 210 1
209 211 1
209 213 1
209 217 1
209 241 1
209 465 1
209 721 1
210 212 1
210 214 1
210 218 1
210 242 1
210 466 1
210 722 1
211 212 1
211 215 1
211 219 1
211 243 1
211 467 1
211 723 1
212 216 1
212 220 1
212 244 1
212 468 1
212 724 1
213 214 1
213 215 1
213 221 1
213 245 1
213 469 1
213 725 1
214 216 1
214 222 1
214 246 1
214 470 1
214 726 1
215 216 1
215 223 1
215 247 1
215 471 1
215 727 1
216 224 1
216 248 1
216 472 1
216 728 1
217 218 1
217 219 1
217 221 1
217 249 1
217 473 1
217 729 1
218 220 1
218 222 1
218 250 1
218 474 1
218 730 1
219 220 1
219 223 1
219 251 1
219 475 1
219 731 1
220 224 1
220 252 1
220 476 1
220 732 1
221 222 1
221 223 1
221 253 1
221 477 1
221 733 1
222 224 1
222 254 1
222 478 1
222 734 1
223 224 1
223 255 1
223 479 1
223 735 1
224 256 1
224 480 1
224 736 1
225 226 1
225 227 1
225 229 1
225 233 1
225 241 1
225 481 1
225 737 1
226 228 1
226 230 1
226 234 1
226 242 1
226 482 1
226 738 1
227 228 1
227 231 1
227 235 1
227 243 1
227 483 1
227 739 1
228 232 1
228 236 1
228 244 1
228 484 1
228 740 1
229 230 1
229 231 1
229 237 1
229 245 1
229 485 1
229 741 1
230 232 1
230 238 1
230 246 1
230 486 1
230 742 1
231 232 1
231 239 1
231 247 1
231 487 1
231 743 1
232 240 1
232 248 1
232 488 1
232 744 1
233 234 1
233 235 1
233 237 1
233 249 1
233 489 1
233 745 1
234 236 1
234 238 1
234 250 1
234 490 1
234 746 1
235 236 1
235 239 1
235 251 1
235 491 1
235 747 1
236 240 1
236 252 1
236 492 1
236 748 1
237 238 1
237 239 1
237 253 1
237 493 1
237 749 1
238 240 1
238 254 1
238 494 1
238 750 1
239 240 1
239 255 1
239 495 1
239 751 1
240 256 1
240 496 1
240 752 1
241 242 1
241 243 1
241 245 1
241 249 1
241 497 1
241 753 1
242 244 1
242 246 1
242 250 1
242 498 1
242 754 1
243 244 1
243 247 1
243 251 1
243 499 1
243 755 1
244 248 1
244 252 1
244 500 1
244 756 1
245 246 1
245 247 1
245 253 1
245 501 1
245 757 1
246 248 1
246 254 1
246 502 1
246 758 1
247 248 1
247 255 1
247 503 1
247 759 1
248 256 1
248 504 1
248 760 1
249 250 1
249 251 1
249 253 1
249 505 1
249 761 1
250 252 1
250 254 1
250 506 1
250 762 1
251 252 1
251 255 1
251 507 1
251 763 1
252 256 1
252 508 1
252 764 1
253 254 1
253 255 1
253 509 1
253 765 1
254 256 1
254 510 1
254 766 1
255 256 1
255 511 1
255 767 1
256 512 1
256 768 1
257 258 1
257 259 1
257 261 1
257 265 1
257 273 1
257 289 1
257 321 1
257 385 1
257 769 1
258 260 1
258 262 1
258 266 1
258 274 1
258 290 1
258 322 1
258 386 1
258 770 1
259 260 1
259 263 1
259 267 1
259 275 1
259 291 1
259 323 1
259 387 1
259 771 1
260 264 1
260 268 1
260 276 1
260 292 1
260 324 1
260 388 1
260 772 1
261 262 1
261 263 1
261 269 1
261 277 1
261 293 1
261 325 1
261 389 1
261 773 1
262 264 1
262 270 1
262 278 1
262 294 1
262 326 1
262 390 1
262 774 1
263 264 1
263 271 1
263 279 1
263 295 1
263 327 1
263 391 1
263 775 1
264 272 1
264 280 1
264 296 1
264 328 1
264 392 1
264 776 1
265 266 1
265 267 1
265 269 1
265 281 1
265 297 1
265 329 1
265 393 1
265 777 1
266 268 1
266 270 1
266 282 1
266 298 1
266 330 1
266 394 1
266 778 1
267 268 1
267 271 1
267 283 1
267 299 1
267 331 1
267 395 1
267 779 1
268 272 1
268 284 1
268 300 1
268 332 1
268 396 1
268 780 1
269 270 1
269 271 1
269 285 1
269 301 1
269 333 1
269 397 1
269 781 1
270 272 1
270 286 1
270 302 1
270 334 1
270 398 1
270 782 1
271 272 1
271 287 1
271 303 1
271 335 1
271 399 1
271 783 1
272 288 1
272 304 1
272 336 1
272 400 1
272 784 1
273 274 1
273 275 1
273 277 1
273 281 1
273 305 1
273 337 1
273 401 1
273 785 1
274 276 1
274 278 1
274 282 1
274 306 1
274 338 1
274 402 1
274 786 1
275 276 1
275 279 1
275 283 1
275 307 1
275 339 1
275 403 1
275 787 1
276 280 1
276 284 1
276 308 1
276 340 1
276 404 1
276 788 1
277 278 1
277 279 1
277 285 1
277 309 1
277 341 1
277 405 1
277 789 1
278 280 1
278 286 1
278 310 1
278 342 1
278 406 1
278 790 1
279 280 1
279 287 1
279 311 1
279 343 1
279 407 1
279 791 1
280 288 1
280 312 1
280 344 1
280 408 1
280 792 1
281 282 1
281 283 1
281 285 1
281 313 1
281 345 1
281 409 1
281 793 1
282 284 1
282 286 1
282 314 1
282 346 1
282 410 1
282 794 1
283 284 1
283 287 1
283 315 1
283 347 1
283 411 1
283 795 1
284 288 1
284 316 1
284 348 1
284 412 1
284 796 1
285 286 1
285 287 1
285 317 1
285 349 1
285 413 1
285 797 1
286 288 1
286 318 1
286 350 1
286 414 1
286 798 1
287 288 1
287 319 1
287 351 1
287 415 1
287 799 1
288 320 1
288 352 1
288 416 1
288 800 1
289 290 1
289 291 1
289 293 1
289 297 1
289 305 1
289 353 1
289 417 1
289 801 1
290 292 1
290 294 1
290 298 1
290 306 1
290 354 1
290 418 1
290 802 1
291 292 1
291 295 1
291 299 1
291 307 1
291 355 1
291 419 1
291 803 1
292 296 1
292 300 1
292 308 1
292 356 1
292 420 1
292 804 1
293 294 1
293 295 1
293 301 1
293 309 1
293 357 1
293 421 1
293 805 1
294 296 1
294 302 1
294 310 1
294 358 1
294 422 1
294 806 1
295 296 1
295 303 1
295 311 1
295 359 1
295 423 1
295 807 1
296 304 1
296 312 1
296 360 1
296 424 1
296 808 1
297 298 1
297 299 1
297 301 1
297 313 1
297 361 1
297 425 1
297 809 1
298 300 1
298 302 1
298 314 1
298 362 1
298 426 1
298 810 1
299 300 1
299 303 1
299 315 1
299 363 1
299 427 1
299 811 1
300 304 1
300 316 1
300 364 1
300 428 1
300 812 1
301 302 1
301 303 1
301 317 1
301 365 1
301 429 1
301 813 1
302 304 1
302 318 1
302 366 1
302 430 1
302 814 1
303 304 1
303 319 1
303 367 1
303 431 1
303 815 1
304 320 1
304 368 1
304 432 1
304 816 1
305 306 1
305 307 1
305 309 1
305 313 1
305 369 1
305 433 1
305 817 1
306 308 1
306 310 1
306 314 1
306 370 1
306 434 1
306 818 1
307 308 1
307 311 1
307 315 1
307 371 1
307 435 1
307 819 1
308 312 1
308 316 1
308 372 1
308 436 1
308 820 1
309 310 1
309 311 1
309 317 1
309 373 1
309 437 1
309 821 1
310 312 1
310 318 1
310 374 1
310 438 1
310 822 1
311 312 1
311 319 1
311 375 1
311 439 1
311 823 1
312 320 1
312 376 1
312 440 1
312 824 1
313 314 1
313 315 1
313 317 1
313 377 1
313 441 1
313 825 1
314 316 1
314 318 1
314 378 1
314 442 1
314 826 1
315 316 1
315 319 1
315 379 1
315 443 1
315 827 1
316 320 1
316 380 1
316 444 1
316 828 1
317 318 1
317 319 1
317 381 1
317 445 1
317 829 1
318 320 1
318 382 1
318 446 1
318 830 1
319 320 1
319 383 1
319 447 1
319 831 1
320 384 1
320 448 1
320 832 1
321 322 1
321 323 1
321 325 1
321 329 1
321 337 1
321 353 1
321 449 1
321 833 1
322 324 1
322 326 1
322 330 1
322 338 1
322 354 1
322 450 1
322 834 1
323 324 1
323 327 1
323 331 1
323 339 1
323 355 1
323 451 1
323 835 1
324 328 1
324 332 1
324 340 1
324 356 1
324 452 1
324 836 1
325 326 1
325 327 1
325 333 1
325 341 1
325 357 1
325 453 1
325 837 1
326 328 1
326 334 1
326 342 1
326 358 1
326 454 1
326 838 1
327 328 1
327 335 1
327 343 1
327 359 1
327 455 1
327 839 1
328 336 1
328 344 1
328 360 1
328 456 1
328 840 1
329 330 1
329 331 1
329 333 1
329 345 1
329 361 1
329 457 1
329 841 1
330 332 1
330 334 1
330 346 1
330 362 1
330 458 1
330 842 1
331 332 1
331 335 1
331 347 1
331 363 1
331 459 1
331 843 1
332 336 1
332 348 1
332 364 1
332 460 1
332 844 1
333 334 1
333 335 1
333 349 1
333 365 1
333 461 1
333 845 1
334 336 1
334 350 1
334 366 1
334 462 1
334 846 1
335 336 1
335 351 1
335 367 1
335 463 1
335 847 1
336 352 1
336 368 1
336 464 1
336 848 1
337 338 1
337 339 1
337 341 1
337 345 1
337 369 1
337 465 1
337 849 1
338 340 1
338 342 1
338 346 1
338 370 1
338 466 1
338 850 1
339 340 1
339 343 1
339 347 1
339 371 1
339 467 1
339 851 1
340 344 1
340 348 1
340 372 1
340 468 1
340 852 1
341 342 1
341 343 1
341 349 1
341 373 1
341 469 1
341 853 1
342 344 1
342 350 1
342 374 1
342 470 1
342 854 1
343 344 1
343 351 1
343 375 1
343 471 1
343 855 1
344 352 1
344 376 1
344 472 1
344 856 1
345 346 1
345 347 1
345 349 1
345 377 1
345 473 1
345 857 1
346 348 1
346 350 1
346 378 1
346 474 1
346 858 1
347 348 1
347 351 1
347 379 1
347 475 1
347 859 1
348 352 1
348 380 1
348 476 1
348 860 1
349 350 1
349 351 1
349 381 1
349 477 1
349 861 1
350 352 1
350 382 1
350 478 1
350 862 1
351 352 1
351 383 1
351 479 1
351 863 1
352 384 1
352 480 1
352 864 1
353 354 1
353 355 1
353 357 1
353 361 1
353 369 1
353 481 1
353 865 1
354 356 1
354 358 1
354 362 1
354 370 1
354 482 1
354 866 1
355 356 1
355 359 1
355 363 1
355 371 1
355 483 1
355 867 1
356 360 1
356 364 1
356 372 1
356 484 1
356 868 1
357 358 1
357 359 1
357 365 1
357 373 1
357 485 1
357 869 1
358 360 1
358 366 1
358 374 1
358 486 1
358 870 1
359 360 1
359 367 1
359 375 1
359 487 1
359 871 1
360 368 1
360 376 1
360 488 1
360 872 1
361 362 1
361 363 1
361 365 1
361 377 1
361 489 1
361 873 1
362 364 1
362 366 1
362 378 1
362 490 1
362 874 1
363 364 1
363 367 1
363 379 1
363 491 1
363 875 1
364 368 1
364 380 1
364 492 1
364 876 1
365 366 1
365 367 1
365 381 1
365 493 1
365 877 1
366 368 1
366 382 1
366 494 1
366 878 1
367 368 1
367 383 1
367 495 1
367 879 1
368 384 1
368 496 1
368 880 1
369 370 1
369 371 1
369 373 1
369 377 1
369 497 1
369 881 1
370 372 1
370 374 1
370 378 1
370 498 1
370 882 1
371 372 1
371 375 1
371 379 1
371 499 1
371 883 1
372 376 1
372 380 1
372 500 1
372 884 1
373 374 1
373 375 1
373 381 1
373 501 1
373 885 1
374 376 1
374 382 1
374 502 1
374 886 1
375 376 1
375 383 1
375 503 1
375 887 1
376 384 1
376 504 1
376 888 1
377 378 1
377 379 1
377 381 1
377 505 1
377 889 1
378 380 1
378 382 1
378 506 1
378 890 1
379 380 1
379 383 1
379 507 1
379 891 1
380 384 1
380 508 1
380 892 1
381 382 1
381 383 1
381 509 1
381 893 1
382 384 1
382 510 1
382 894 1
383 384 1
383 511 1
383 895 1
384 512 1
384 896 1
385 386 1
385 387 1
385 389 1
385 393 1
385 401 1
385 417 1
385 449 1
385 897 1
386 388 1
386 390 1
386 394 1
386 402 1
386 418 1
386 450 1
386 898 1
387 388 1
387 391 1
387 395 1
387 403 1
387 419 1
387 451 1
387 899 1
388 392 1
388 396 1
388 404 1
388 420 1
388 452 1
388 900 1
389 390 1
389 391 1
389 397 1
389 405 1
389 421 1
389 453 1
389 901 1
390 392 1
390 398 1
390 406 1
390 422 1
390 454 1
390 902 1
391 392 1
391 399 1
391 407 1
391 423 1
391 455 1
391 903 1
392 400 1
392 408 1
392 424 1
392 456 1
392 904 1
393 394 1
393 395 1
393 397 1
393 409 1
393 425 1
393 457 1
393 905 1
394 396 1
394 398 1
394 410 1
394 426 1
394 458 1
394 906 1
395 396 1
395 399 1
395 411 1
395 427 1
395 459 1
395 907 1
396 400 1
396 412 1
396 428 1
396 460 1
396 908 1
397 398 1
397 399 1
397 413 1
397 429 1
397 461 1
397 909 1
398 400 1
398 414 1
398 430 1
398 462 1
398 910 1
399 400 1
399 415 1
399 431 1
399 463 1
399 911 1
400 416 1
400 432 1
400 464 1
400 912 1
401 402 1
401 403 1
401 405 1
401 409 1
401 433 1
401 465 1
401 913 1
402 404 1
402 406 1
402 410 1
402 434 1
402 466 1
402 914 1
403 404 1
403 407 1
403 411 1
403 435 1
403 467 1
403 915 1
404 408 1
404 412 1
404 436 1
404 468 1
404 916 1
405 406 1
405 407 1
405 413 1
405 437 1
405 469 1
405 917 1
406 408 1
406 414 1
406 438 1
406 470 1
406 918 1
407 408 1
407 415 1
407 439 1
407 471 1
407 919 1
408 416 1
408 440 1
408 472 1
408 920 1
409 410 1
409 411 1
409 413 1
409 441 1
409 473 1
409 921 1
410 412 1
410 414 1
410 442 1
410 474 1
410 922 1
411 412 1
411 415 1
411 443 1
411 475 1
411 923 1
412 416 1
412 444 1
412 476 1
412 924 1
413 414 1
413 415 1
413 445 1
413 477 1
413 925 1
414 416 1
414 446 1
414 478 1
414 926 1
415 416 1
415 447 1
415 479 1
415 927 1
416 448 1
416 480 1
416 928 1
417 418 1
417 419 1
417 421 1
417 425 1
417 433 1
417 481 1
417 929 1
418 420 1
418 422 1
418 426 1
418 434 1
418 482 1
418 930 1
419 420 1
419 423 1
419 427 1
419 435 1
419 483 1
419 931 1
420 424 1
420 428 1
420 436 1
420 484 1
420 932 1
421 422 1
421 423 1
421 429 1
421 437 1
421 485 1
421 933 1
422 424 1
422 430 1
422 438 1
422 486 1
422 934 1
423 424 1
423 431 1
423 439 1
423 487 1
423 935 1
424 432 1
424 440 1
424 488 1
424 936 1
425 426 1
425 427 1
425 429 1
425 441 1
425 489 1
425 937 1
426 428 1
426 430 1
426 442 1
426 490 1
426 938 1
427 428 1
427 431 1
427 443 1
427 491 1
427 939 1
428 432 1
428 444 1
428 492 1
428 940 1
429 430 1
429 431 1
429 445 1
429 493 1
429 941 1
430 432 1
430 446 1
430 494 1
430 942 1
431 432 1
431 447 1
431 495 1
431 943 1
432 448 1
432 496 1
432 944 1
433 434 1
433 435 1
433 437 1
433 441 1
433 497 1
433 945 1
434 436 1
434 438 1
434 442 1
434 498 1
434 946 1
435 436 1
435 439 1
435 443 1
435 499 1
435 947 1
436 440 1
436 444 1
436 500 1
436 948 1
437 438 1
437 439 1
437 445 1
437 501 1
437 949 1
438 440 1
438 446 1
438 502 1
438 950 1
439 440 1
439 447 1
439 503 1
439 951 1
440 448 1
440 504 1
440 952 1
441 442 1
441 443 1
441 445 1
441 505 1
441 953 1
442 444 1
442 446 1
442 506 1
442 954 1
443 444 1
443 447 1
443 507 1
443 955 1
444 448 1
444 508 1
444 956 1
445 446 1
445 447 1
445 509 1
445 957 1
446 448 1
446 510 1
446 958 1
447 448 1
447 511 1
447 959 1
448 512 1
448 960 1
449 450 1
449 451 1
449 453 1
449 457 1
449 465 1
449 481 1
449 961 1
450 452 1
450 454 1
450 458 1
450 466 1
450 482 1
450 962 1
451 452 1
451 455 1
451 459 1
451 467 1
451 483 1
451 963 1
452 456 1
452 460 1
452 468 1
452 484 1
452 964 1
453 454 1
453 455 1
453 461 1
453 469 1
453 485 1
453 965 1
454 456 1
454 462 1
454 470 1
454 486 1
454 966 1
455 456 1
455 463 1
455 471 1
455 487 1
455 967 1
456 464 1
456 472 1
456 488 1
456 968 1
457 458 1
457 459 1
457 461 1
457 473 1
457 489 1
457 969 1
458 460 1
458 462 1
458 474 1
458 490 1
458 970 1
459 460 1
459 463 1
459 475 1
459 491 1
459 971 1
460 464 1
460 476 1
460 492 1
460 972 1
461 462 1
461 463 1
461 477 1
461 493 1
461 973 1
462 464 1
462 478 1
462 494 1
462 974 1
463 464 1
463 479 1
463 495 1
463 975 1
464 480 1
464 496 1
464 976 1
465 466 1
465 467 1
465 469 1
465 473 1
465 497 1
465 977 1
466 468 1
466 470 1
466 474 1
466 498 1
466 978 1
467 468 1
467 471 1
467 475 1
467 499 1
467 979 1
468 472 1
468 476 1
468 500 1
468 980 1
469 470 1
469 471 1
469 477 1
469 501 1
469 981 1
470 472 1
470 478 1
470 502 1
470 982 1
471 472 1
471 479 1
471 503 1
471 983 1
472 480 1
472 504 1
472 984 1
473 474 1
473 475 1
473 477 1
473 505 1
473 985 1
474 476 1
474 478 1
474 506 1
474 986 1
475 476 1
475 479 1
475 507 1
475 987 1
476 480 1
476 508 1
476 988 1
477 478 1
477 479 1
477 509 1
477 989 1
478 480 1
478 510 1
478 990 1
479 480 1
479 511 1
479 991 1
480 512 1
480 992 1
481 482 1
481 483 1
481 485 1
481 489 1
481 497 1
481 993 1
482 484 1
482 486 1
482 490 1
482 498 1
482 994 1
483 484 1
483 487 1
483 491 1
483 499 1
483 995 1
484 488 1
484 492 1
484 500 1
484 996 1
485 486 1
485 487 1
485 493 1
485 501 1
485 997 1
486 488 1
486 494 1
486 502 1
486 998 1
487 488 1
487 495 1
487 503 1
487 999 1
488 496 1
488 504 1
488 1000 1
489 490 1
489 491 1
489 493 1
489 505 1
489 1001 1
490 492 1
490 494 1
490 506 1
490 1002 1
491 492 1
491 495 1
491 507 1
491 1003 1
492 496 1
492 508 1
492 1004 1
493 494 1
493 495 1
493 509 1
493 1005 1
494 496 1
494 510 1
494 1006 1
495 496 1
495 511 1
495 1007 1
496 512 1
496 1008 1
497 498 1
497 499 1
497 501 1
497 505 1
497 1009 1
498 500 1
498 502 1
498 506 1
498 1010 1
499 500 1
499 503 1
499 507 1
499 1011 1
500 504 1
500 508 1
500 1012 1
501 502 1
501 503 1
501 509 1
501 1013 1
502 504 1
502 510 1
502 1014 1
503 504 1
503 511 1
503 1015 1
504 512 1
504 1016 1
505 506 1
505 507 1
505 509 1
505 1017 1
506 508 1
506 510 1
506 1018 1
507 508 1
507 511 1
507 1019 1
508 512 1
508 1020 1
509 510 1
509 511 1
509 1021 1
510 512 1
510 1022 1
511 512 1
511 1023 1
512 1024 1
513 514 1
513 515 1
513 517 1
513 521 1
513 529 1
513 545 1
513 577 1
513 641 1
513 769 1
514 516 1
514 518 1
514 522 1
514 530 1
514 546 1
514 578 1
514 642 1
514 770 1
515 516 1
515 519 1
515 523 1
515 531 1
515 547 1
515 579 1
515 643 1
515 771 1
516 520 1
516 524 1
516 532 1
516 548 1
516 580 1
516 644 1
516 772 1
517 518 1
517 519 1
517 525 1
517 533 1
517 549 1
517 581 1
517 645 1
517 773 1
518 520 1
518 526 1
518 534 1
518 550 1
518 582 1
518 646 1
518 774 1
519 520 1
519 527 1
519 535 1
519 551 1
519 583 1
519 647 1
519 775 1
520 528 1
520 536 1
520 552 1
520 584 1
520 648 1
520 776 1
521 522 1
521 523 1
521 525 1
521 537 1
521 553 1
521 585 1
521 649 1
521 777 1
522 524 1
522 526 1
522 538 1
522 554 1
522 586 1
522 650 1
522 778 1
523 524 1
523 527 1
523 539 1
523 555 1
523 587 1
523 651 1
523 779 1
524 528 1
524 540 1
524 556 1
524 588 1
524 652 1
524 780 1
525 526 1
525 527 1
525 541 1
525 557 1
525 589 1
525 653 1
525 781 1
526 528 1
526 542 1
526 558 1
526 590 1
526 654 1
526 782 1
527 528 1
527 543 1
527 559 1
527 591 1
527 655 1
527 783 1
528 544 1
528 560 1
528 592 1
528 656 1
528 784 1
529 530 1
529 531 1
529 533 1
529 537 1
529 561 1
529 593 1
529 657 1
529 785 1
530 532 1
530 534 1
530 538 1
530 562 1
530 594 1
530 658 1
530 786 1
531 532 1
531 535 1
531 539 1
531 563 1
531 595 1
531 659 1
531 787 1
532 536 1
532 540 1
532 564 1
532 596 1
532 660 1
532 788 1
533 534 1
533 535 1
533 541 1
533 565 1
533 597 1
533 661 1
533 789 1
534 536 1
534 542 1
534 566 1
534 598 1
534 662 1
534 790 1
535 536 1
535 543 1
535 567 1
535 599 1
535 663 1
535 791 1
536 544 1
536 568 1
536 600 1
536 664 1
536 792 1
537 538 1
537 539 1
537 541 1
537 569 1
537 601 1
537 665 1
537 793 1
538 540 1
538 542 1
538 570 1
538 602 1
538 666 1
538 794 1
539 540 1
539 543 1
539 571 1
539 603 1
539 667 1
539 795 1
540 544 1
540 572 1
540 604 1
540 668 1
540 796 1
541 542 1
541 543 1
541 573 1
541 605 1
541 669 1
541 797 1
542 544 1
542 574 1
542 606 1
542 670 1
542 798 1
543 544 1
543 575 1
543 607 1
543 671 1
543 799 1
544 576 1
544 608 1
544 672 1
544 800 1
545 546 1
545 547 1
545 549 1
545 553 1
545 561 1
545 609 1
545 673 1
545 801 1
546 548 1
546 550 1
546 554 1
546 562 1
546 610 1
546 674 1
546 802 1
547 548 1
547 551 1
547 555 1
547 563 1
547 611 1
547 675 1
547 803 1
548 552 1
548 556 1
548 564 1
548 612 1
548 676 1
548 804 1
549 550 1
549 551 1
549 557 1
549 565 1
549 613 1
549 677 1
549 805 1
550 552 1
550 558 1
550 566 1
550 614 1
550 678 1
550 806 1
551 552 1
551 559 1
551 567 1
551 615 1
551 679 1
551 807 1
552 560 1
552 568 1
552 616 1
552 680 1
552 808 1
553 554 1
553 555 1
553 557 1
553 569 1
553 617 1
553 681 1
553 809 1
554 556 1
554 558 1
554 570 1
554 618 1
554 682 1
554 810 1
555 556 1
555 559 1
555 571 1
555 619 1
555 683 1
555 811 1
556 560 1
556 572 1
556 620 1
556 684 1
556 812 1
557 558 1
557 559 1
557 573 1
557 621 1
557 685 1
557 813 1
558 560 1
558 574 1
558 622 1
558 686 1
558 814 1
559 560 1
559 575 1
559 623 1
559 687 1
559 815 1
560 576 1
560 624 1
560 688 1
560 816 1
561 562 1
561 563 1
561 565 1
561 569 1
561 625 1
561 689 1
561 817 1
562 564 1
562 566 1
562 570 1
562 626 1
562 690 1
562 818 1
563 564 1
563 567 1
563 571 1
563 627 1
563 691 1
563 819 1
564 568 1
564 572 1
564 628 1
564 692 1
564 820 1
565 566 1
565 567 1
565 573 1
565 629 1
565 693 1
565 821 1
566 568 1
566 574 1
566 630 1
566 694 1
566 822 1
567 568 1
567 575 1
567 631 1
567 695 1
567 823 1
568 576 1
568 632 1
568 696 1
568 824 1
569 570 1
569 571 1
569 573 1
569 633 1
569 697 1
569 825 1
570 572 1
570 574 1
570 634 1
570 698 1
570 826 1
571 572 1
571 575 1
571 635 1
571 699 1
571 827 1
572 576 1
572 636 1
572 700 1
572 828 1
573 574 1
573 575 1
573 637 1
573 701 1
573 829 1
574 576 1
574 638 1
574 702 1
574 830 1
575 576 1
575 639 1
575 703 1
575 831 1
576 640 1
576 704 1
576 832 1
577 578 1
577 579 1
577 581 1
577 585 1
577 593 1
577 609 1
577 705 1
577 833 1
578 580 1
578 582 1
578 586 1
578 594 1
578 610 1
578 706 1
578 834 1
579 580 1
579 583 1
579 587 1
579 595 1
579 611 1
579 707 1
579 835 1
580 584 1
580 588 1
580 596 1
580 612 1
580 708 1
580 836 1
581 582 1
581 583 1
581 589 1
581 597 1
581 613 1
581 709 1
581 837 1
582 584 1
582 590 1
582 598 1
582 614 1
582 710 1
582 838 1
583 584 1
583 591 1
583 599 1
583 615 1
583 711 1
583 839 1
584 592 1
584 600 1
584 616 1
584 712 1
584 840 1
585 586 1
585 587 1
585 589 1
585 601 1
585 617 1
585 713 1
585 841 1
586 588 1
586 590 1
586 602 1
586 618 1
586 714 1
586 842 1
587 588 1
587 591 1
587 603 1
587 619 1
587 715 1
587 843 1
588 592 1
588 604 1
588 620 1
588 716 1
588 844 1
589 590 1
589 591 1
589 605 1
589 621 1
589 717 1
589 845 1
590 592 1
590 606 1
590 622 1
590 718 1
590 846 1
591 592 1
591 607 1
591 623 1
591 719 1
591 847 1
592 608 1
592 624 1
592 720 1
592 848 1
593 594 1
593 595 1
593 597 1
593 601 1
593 625 1
593 721 1
593 849 1
594 596 1
594 598 1
594 602 1
594 626 1
594 722 1
594 850 1
595 596 1
595 599 1
595 603 1
595 627 1
595 723 1
595 851 1
596 600 1
596 604 1
596 628 1
596 724 1
596 852 1
597 598 1
597 599 1
597 605 1
597 629 1
597 725 1
597 853 1
598 600 1
598 606 1
598 630 1
598 726 1
598 854 1
599 600 1
599 607 1
599 631 1
599 727 1
599 855 1
600 608 1
600 632 1
600 728 1
600 856 1
601 602 1
601 603 1
601 605 1
601 633 1
601 729 1
601 857 1
602 604 1
602 606 1
602 634 1
602 730 1
602 858 1
603 604 1
603 607 1
603 635 1
603 731 1
603 859 1
604 608 1
604 636 1
604 732 1
604 860 1
605 606 1
605 607 1
605 637 1
605 733 1
605 861 1
606 608 1
606 638 1
606 734 1
606 862 1
607 608 1
607 639 1
607 735 1
607 863 1
608 640 1
608 736 1
608 864 1
609 610 1
609 611 1
609 613 1
609 617 1
609 625 1
609 737 1
609 865 1
610 612 1
610 614 1
610 618 1
610 626 1
610 738 1
610 866 1
611 612 1
611 615 1
611 619 1
611 627 1
611 739 1
611 867 1
612 616 1
612 620 1
612 628 1
612 740 1
612 868 1
613 614 1
613 615 1
613 621 1
613 629 1
613 741 1
613 869 1
614 616 1
614 622 1
614 630 1
614 742 1
614 870 1
615 616 1
615 623 1
615 631 1
615 743 1
615 871 1
616 624 1
616 632 1
616 744 1
616 872 1
617 618 1
617 619 1
617 621 1
617 633 1
617 745 1
617 873 1
618 620 1
618 622 1
618 634 1
618 746 1
618 874 1
619 620 1
619 623 1
619 635 1
619 747 1
619 875 1
620 624 1
620 636 1
620 748 1
620 876 1
621 622 1
621 623 1
621 637 1
621 749 1
621 877 1
622 624 1
622 638 1
622 750 1
622 878 1
623 624 1
623 639 1
623 751 1
623 879 1
624 640 1
624 752 1
624 880 1
625 626 1
625 627 1
625 629 1
625 633 1
625 753 1
625 881 1
626 628 1
626 630 1
626 634 1
626 754 1
626 882 1
627 628 1
627 631 1
627 635 1
627 755 1
627 883 1
628 632 1
628 636 1
628 756 1
628 884 1
629 630 1
629 631 1
629 637 1
629 757 1
629 885 1
630 632 1
630 638 1
630 758 1
630 886 1
631 632 1
631 639 1
631 759 1
631 887 1
632 640 1
632 760 1
632 888 1
633 634 1
633 635 1
633 637 1
633 761 1
633 889 1
634 636 1
634 638 1
634 762 1
634 890 1
635 636 1
635 639 1
635 763 1
635 891 1
636 640 1
636 764 1
636 892 1
637 638 1
637 639 1
637 765 1
637 893 1
638 640 1
638 766 1
638 894 1
639 640 1
639 767 1
639 895 1
640 768 1
640 896 1
641 642 1
641 643 1
641 645 1
641 649 1
641 657 1
641 673 1
641 705 1
641 897 1
642 644 1
642 646 1
642 650 1
642 658 1
642 674 1
642 706 1
642 898 1
643 644 1
643 647 1
643 651 1
643 659 1
643 675 1
643 707 1
643 899 1
644 648 1
644 652 1
644 660 1
644 676 1
644 708 1
644 900 1
645 646 1
645 647 1
645 653 1
645 661 1
645 677 1
645 709 1
645 901 1
646 648 1
646 654 1
646 662 1
646 678 1
646 710 1
646 902 1
647 648 1
647 655 1
647 663 1
647 679 1
647 711 1
647 903 1
648 656 1
648 664 1
648 680 1
648 712 1
648 904 1
649 650 1
649 651 1
649 653 1
649 665 1
649 681 1
649 713 1
649 905 1
650 652 1
650 654 1
650 666 1
650 682 1
650 714 1
650 906 1
651 652 1
651 655 1
651 667 1
651 683 1
651 715 1
651 907 1
652 656 1
652 668 1
652 684 1
652 716 1
652 908 1
653 654 1
653 655 1
653 669 1
653 685 1
653 717 1
653 909 1
654 656 1
654 670 1
654 686 1
654 718 1
654 910 1
655 656 1
655 671 1
655 687 1
655 719 1
655 911 1
656 672 1
656 688 1
656 720 1
656 912 1
657 658 1
657 659 1
657 661 1
657 665 1
657 689 1
657 721 1
657 913 1
658 660 1
658 662 1
658 666 1
658 690 1
658 722 1
658 914 1
659 660 1
659 663 1
659 667 1
659 691 1
659 723 1
659 915 1
660 664 1
660 668 1
660 692 1
660 724 1
660 916 1
661 662 1
661 663 1
661 669 1
661 693 1
661 725 1
661 917 1
662 664 1
662 670 1
662 694 1
662 726 1
662 918 1
663 664 1
663 671 1
663 695 1
663 727 1
663 919 1
664 672 1
664 696 1
664 728 1
664 920 1
665 666 1
665 667 1
665 669 1
665 697 1
665 729 1
665 921 1
666 668 1
666 670 1
666 698 1
666 730 1
666 922 1
667 668 1
667 671 1
667 699 1
667 731 1
667 923 1
668 672 1
668 700 1
668 732 1
668 924 1
669 670 1
669 671 1
669 701 1
669 733 1
669 925 1
670 672 1
670 702 1
670 734 1
670 926 1
671 672 1
671 703 1
671 735 1
671 927 1
672 704 1
672 736 1
672 928 1
673 674 1
673 675 1
673 677 1
673 681 1
673 689 1
673 737 1
673 929 1
674 676 1
674 678 1
674 682 1
674 690 1
674 738 1
674 930 1
675 676 1
675 679 1
675 683 1
675 691 1
675 739 1
675 931 1
676 680 1
676 684 1
676 692 1
676 740 1
676 932 1
677 678 1
677 679 1
677 685 1
677 693 1
677 741 1
677 933 1
678 680 1
678 686 1
678 694 1
678 742 1
678 934 1
679 680 1
679 687 1
679 695 1
679 743 1
679 935 1
680 688 1
680 696 1
680 744 1
680 936 1
681 682 1
681 683 1
681 685 1
681 697 1
681 745 1
681 937 1
682 684 1
682 686 1
682 698 1
682 746 1
682 938 1
683 684 1
683 687 1
683 699 1
683 747 1
683 939 1
684 688 1
684 700 1
684 748 1
684 940 1
685 686 1
685 687 1
685 701 1
685 749 1
685 941 1
686 688 1
686 702 1
686 750 1
686 942 1
687 688 1
687 703 1
687 751 1
687 943 1
688 704 1
688 752 1
688 944 1
689 690 1
689 691 1
689 693 1
689 697 1
689 753 1
689 945 1
690 692 1
690 694 1
690 698 1
690 754 1
690 946 1
691 692 1
691 695 1
691 699 1
691 755 1
691 947 1
692 696 1
692 700 1
692 756 1
692 948 1
693 694 1
693 695 1
693 701 1
693 757 1
693 949 1
694 696 1
694 702 1
694 758 1
694 950 1
695 696 1
695 703 1
695 759 1
695 951 1
696 704 1
696 760 1
696 952 1
697 698 1
697 699 1
697 701 1
697 761 1
697 953 1
698 700 1
698 702 1
698 762 1
698 954 1
699 700 1
699 703 1
699 763 1
699 955 1
700 704 1
700 764 1
700 956 1
701 702 1
701 703 1
701 765 1
701 957 1
702 704 1
702 766 1
702 958 1
703 704 1
703 767 1
703 959 1
704 768 1
704 960 1
705 706 1
705 707 1
705 709 1
705 713 1
705 721 1
705 737 1
705 961 1
706 708 1
706 710 1
706 714 1
706 722 1
706 738 1
706 962 1
707 708 1
707 711 1
707 715 1
707 723 1
707 739 1
707 963 1
708 712 1
708 716 1
708 724 1
708 740 1
708 964 1
709 710 1
709 711 1
709 717 1
709 725 1
709 741 1
709 965 1
710 712 1
710 718 1
710 726 1
710 742 1
710 966 1
711 712 1
711 719 1
711 727 1
711 743 1
711 967 1
712 720 1
712 728 1
712 744 1
712 968 1
713 714 1
713 715 1
713 717 1
713 729 1
713 745 1
713 969 1
714 716 1
714 718 1
714 730 1
714 746 1
714 970 1
715 716 1
715 719 1
715 731 1
715 747 1
715 971 1
716 720 1
716 732 1
716 748 1
716 972 1
717 718 1
717 719 1
717 733 1
717 749 1
717 973 1
718 720 1
718 734 1
718 750 1
718 974 1
719 720 1
719 735 1
719 751 1
719 975 1
720 736 1
720 752 1
720 976 1
721 722 1
721 723 1
721 725 1
721 729 1
721 753 1
721 977 1
722 724 1
722 726 1
722 730 1
722 754 1
722 978 1
723 724 1
723 727 1
723 731 1
723 755 1
723 979 1
724 728 1
724 732 1
724 756 1
724 980 1
725 726 1
725 727 1
725 733 1
725 757 1
725 981 1
726 728 1
726 734 1
726 758 1
726 982 1
727 728 1
727 735 1
727 759 1
727 983 1
728 736 1
728 760 1
728 984 1
729 730 1
729 731 1
729 733 1
729 761 1
729 985 1
730 732 1
730 734 1
730 762 1
730 986 1
731 732 1
731 735 1
731 763 1
731 987 1
732 736 1
732 764 1
732 988 1
733 734 1
733 735 1
733 765 1
733 989 1
734 736 1
734 766 1
734 990 1
735 736 1
735 767 1
735 991 1
736 768 1
736 992 1
737 738 1
737 739 1
737 741 1
737 745 1
737 753 1
737 993 1
738 740 1
738 742 1
738 746 1
738 754 1
738 994 1
739 740 1
739 743 1
739 747 1
739 755 1
739 995 1
740 744 1
740 748 1
740 756 1
740 996 1
741 742 1
741 743 1
741 749 1
741 757 1
741 997 1
742 744 1
742 750 1
742 758 1
742 998 1
743 744 1
743 751 1
743 759 1
743 999 1
744 752 1
744 760 1
744 1000 1
745 746 1
745 747 1
745 749 1
745 761 1
745 1001 1
746 748 1
746 750 1
746 762 1
746 1002 1
747 748 1
747 751 1
747 763 1
747 1003 1
748 752 1
748 764 1
748 1004 1
749 750 1
749 751 1
749 765 1
749 1005 1
750 752 1
750 766 1
750 1006 1
751 752 1
751 767 1
751 1007 1
752 768 1
752 1008 1
753 754 1
753 755 1
753 757 1
753 761 1
753 1009 1
754 756 1
754 758 1
754 762 1
754 1010 1
755 756 1
755 759 1
755 763 1
755 1011 1
756 760 1
756 764 1
756 1012 1
757 758 1
757 759 1
757 765 1
757 1013 1
758 760 1
758 766 1
758 1014 1
759 760 1
759 767 1
759 1015 1
760 768 1
760 1016 1
761 762 1
761 763 1
761 765 1
761 1017 1
762 764 1
762 766 1
762 1018 1
763 764 1
763 767 1
763 1019 1
764 768 1
764 1020 1
765 766 1
765 767 1
765 1021 1
766 768 1
766 1022 1
767 768 1
767 1023 1
768 1024 1
769 770 1
769 771 1
769 773 1
769 777 1
769 785 1
769 801 1
769 833 1
769 897 1
770 772 1
770 774 1
770 778 1
770 786 1
770 802 1
770 834 1
770 898 1
771 772 1
771 775 1
771 779 1
771 787 1
771 803 1
771 835 1
771 899 1
772 776 1
772 780 1
772 788 1
772 804 1
772 836 1
772 900 1
773 774 1
773 775 1
773 781 1
773 789 1
773 805 1
773 837 1
773 901 1
774 776 1
774 782 1
774 790 1
774 806 1
774 838 1
774 902 1
775 776 1
775 783 1
775 791 1
775 807 1
775 839 1
775 903 1
776 784 1
776 792 1
776 808 1
776 840 1
776 904 1
777 778 1
777 779 1
777 781 1
777 793 1
777 809 1
777 841 1
777 905 1
778 780 1
778 782 1
778 794 1
778 810 1
778 842 1
778 906 1
779 780 1
779 783 1
779 795 1
779 811 1
779 843 1
779 907 1
780 784 1
780 796 1
780 812 1
780 844 1
780 908 1
781 782 1
781 783 1
781 797 1
781 813 1
781 845 1
781 909 1
782 784 1
782 798 1
782 814 1
782 846 1
782 910 1
783 784 1
783 799 1
783 815 1
783 847 1
783 911 1
784 800 1
784 816 1
784 848 1
784 912 1
785 786 1
785 787 1
785 789 1
785 793 1
785 817 1
785 849 1
785 913 1
786 788 1
786 790 1
786 794 1
786 818 1
786 850 1
786 914 1
787 788 1
787 791 1
787 795 1
787 819 1
787 851 1
787 915 1
788 792 1
788 796 1
788 820 1
788 852 1
788 916 1
789 790 1
789 791 1
789 797 1
789 821 1
789 853 1
789 917 1
790 792 1
790 798 1
790 822 1
790 854 1
790 918 1
791 792 1
791 799 1
791 823 1
791 855 1
791 919 1
792 800 1
792 824 1
792 856 1
792 920 1
793 794 1
793 795 1
793 797 1
793 825 1
793 857 1
793 921 1
794 796 1
794 798 1
794 826 1
794 858 1
794 922 1
795 796 1
795 799 1
795 827 1
795 859 1
795 923 1
796 800 1
796 828 1
796 860 1
796 924 1
797 798 1
797 799 1
797 829 1
797 861 1
797 925 1
798 800 1
798 830 1
798 862 1
798 926 1
799 800 1
799 831 1
799 863 1
799 927 1
800 832 1
800 864 1
800 928 1
801 802 1
801 803 1
801 805 1
801 809 1
801 817 1
801 865 1
801 929 1
802 804 1
802 806 1
802 810 1
802 818 1
802 866 1
802 930 1
803 804 1
803 807 1
803 811 1
803 819 1
803 867 1
803 931 1
804 808 1
804 812 1
804 820 1
804 868 1
804 932 1
805 806 1
805 807 1
805 813 1
805 821 1
805 869 1
805 933 1
806 808 1
806 814 1
806 822 1
806 870 1
806 934 1
807 808 1
807 815 1
807 823 1
807 871 1
807 935 1
808 816 1
808 824 1
808 872 1
808 936 1
809 810 1
809 811 1
809 813 1
809 825 1
809 873 1
809 937 1
810 812 1
810 814 1
810 826 1
810 874 1
810 938 1
811 812 1
811 815 1
811 827 1
811 875 1
811 939 1
812 816 1
812 828 1
812 876 1
812 940 1
813 814 1
813 815 1
813 829 1
813 877 1
813 941 1
814 816 1
814 830 1
814 878 1
814 942 1
815 816 1
815 831 1
815 879 1
815 943 1
816 832 1
816 880 1
816 944 1
817 818 1
817 819 1
817 821 1
817 825 1
817 881 1
817 945 1
818 820 1
818 822 1
818 826 1
818 882 1
818 946 1
819 820 1
819 823 1
819 827 1
819 883 1
819 947 1
820 824 1
820 828 1
820 884 1
820 948 1
821 822 1
821 823 1
821 829 1
821 885 1
821 949 1
822 824 1
822 830 1
822 886 1
822 950 1
823 824 1
823 831 1
823 887 1
823 951 1
824 832 1
824 888 1
824 952 1
825 826 1
825 827 1
825 829 1
825 889 1
825 953 1
826 828 1
826 830 1
826 890 1
826 954 1
827 828 1
827 831 1
827 891 1
827 955 1
828 832 1
828 892 1
828 956 1
829 830 1
829 831 1
829 893 1
829 957 1
830 832 1
830 894 1
830 958 1
831 832 1
831 895 1
831 959 1
832 896 1
832 960 1
833 834 1
833 835 1
833 837 1
833 841 1
833 849 1
833 865 1
833 961 1
834 836 1
834 838 1
834 842 1
834 850 1
834 866 1
834 962 1
835 836 1
835 839 1
835 843 1
835 851 1
835 867 1
835 963 1
836 840 1
836 844 1
836 852 1
836 868 1
836 964 1
837 838 1
837 839 1
837 845 1
837 853 1
837 869 1
837 965 1
838 840 1
838 846 1
838 854 1
838 870 1
838 966 1
839 840 1
839 847 1
839 855 1
839 871 1
839 967 1
840 848 1
840 856 1
840 872 1
840 968 1
841 842 1
841 843 1
841 845 1
841 857 1
841 873 1
841 969 1
842 844 1
842 846 1
842 858 1
842 874 1
842 970 1
843 844 1
843 847 1
843 859 1
843 875 1
843 971 1
844 848 1
844 860 1
844 876 1
844 972 1
845 846 1
845 847 1
845 861 1
845 877 1
845 973 1
846 848 1
846 862 1
846 878 1
846 974 1
847 848 1
847 863 1
847 879 1
847 975 1
848 864 1
848 880 1
848 976 1
849 850 1
849 851 1
849 853 1
849 857 1
849 881 1
849 977 1
850 852 1
850 854 1
850 858 1
850 882 1
850 978 1
851 852 1
851 855 1
851 859 1
851 883 1
851 979 1
852 856 1
852 860 1
852 884 1
852 980 1
853 854 1
853 855 1
853 861 1
853 885 1
853 981 1
854 856 1
854 862 1
854 886 1
854 982 1
855 856 1
855 863 1
855 887 1
855 983 1
856 864 1
856 888 1
856 984 1
857 858 1
857 859 1
857 861 1
857 889 1
857 985 1
858 860 1
858 862 1
858 890 1
858 986 1
859 860 1
859 863 1
859 891 1
859 987 1
860 864 1
860 892 1
860 988 1
861 862 1
861 863 1
861 893 1
861 989 1
862 864 1
862 894 1
862 990 1
863 864 1
863 895 1
863 991 1
864 896 1
864 992 1
865 866 1
865 867 1
865 869 1
865 873 1
865 881 1
865 993 1
866 868 1
866 870 1
866 874 1
866 882 1
866 994 1
867 868 1
867 871 1
867 875 1
867 883 1
867 995 1
868 872 1
868 876 1
868 884 1
868 996 1
869 870 1
869 871 1
869 877 1
869 885 1
869 997 1
870 872 1
870 878 1
870 886 1
870 998 1
871 872 1
871 879 1
871 887 1
871 999 1
872 880 1
872 888 1
872 1000 1
873 874 1
873 875 1
873 877 1
873 889 1
873 1001 1
874 876 1
874 878 1
874 890 1
874 1002 1
875 876 1
875 879 1
875 891 1
875 1003 1
876 880 1
876 892 1
876 1004 1
877 878 1
877 879 1
877 893 1
877 1005 1
878 880 1
878 894 1
878 1006 1
879 880 1
879 895 1
879 1007 1
880 896 1
880 1008 1
881 882 1
881 883 1
881 885 1
881 889 1
881 1009 1
882 884 1
882 886 1
882 890 1
882 1010 1
883 884 1
883 887 1
883 891 1
883 1011 1
884 888 1
884 892 1
884 1012 1
885 886 1
885 887 1
885 893 1
885 1013 1
886 888 1
886 894 1
886 1014 1
887 888 1
887 895 1
887 1015 1
888 896 1
888 1016 1
889 890 1
889 891 1
889 893 1
889 1017 1
890 892 1
890 894 1
890 1018 1
891 892 1
891 895 1
891 1019 1
892 896 1
892 1020 1
893 894 1
893 895 1
893 1021 1
894 896 1
894 1022 1
895 896 1
895 1023 1
896 1024 1
897 898 1
897 899 1
897 901 1
897 905 1
897 913 1
897 929 1
897 961 1
898 900 1
898 902 1
898 906 1
898 914 1
898 930 1
898 962 1
899 900 1
899 903 1
899 907 1
899 915 1
899 931 1
899 963 1
900 904 1
900 908 1
900 916 1
900 932 1
900 964 1
901 902 1
901 903 1
901 909 1
901 917 1
901 933 1
901 965 1
902 904 1
902 910 1
902 918 1
902 934 1
902 966 1
903 904 1
903 911 1
903 919 1
903 935 1
903 967 1
904 912 1
904 920 1
904 936 1
904 968 1
905 906 1
905 907 1
905 909 1
905 921 1
905 937 1
905 969 1
906 908 1
906 910 1
906 922 1
906 938 1
906 970 1
907 908 1
907 911 1
907 923 1
907 939 1
907 971 1
908 912 1
908 924 1
908 940 1
908 972 1
909 910 1
909 911 1
909 925 1
909 941 1
909 973 1
910 912 1
910 926 1
910 942 1
910 974 1
911 912 1
911 927 1
911 943 1
911 975 1
912 928 1
912 944 1
912 976 1
913 914 1
913 915 1
913 917 1
913 921 1
913 945 1
913 977 1
914 916 1
914 918 1
914 922 1
914 946 1
914 978 1
915 916 1
915 919 1
915 923 1
915 947 1
915 979 1
916 920 1
916 924 1
916 948 1
916 980 1
917 918 1
917 919 1
917 925 1
917 949 1
917 981 1
918 920 1
918 926 1
918 950 1
918 982 1
919 920 1
919 927 1
919 951 1
919 983 1
920 928 1
920 952 1
920 984 1
921 922 1
921 923 1
921 925 1
921 953 1
921 985 1
922 924 1
922 926 1
922 954 1
922 986 1
923 924 1
923 927 1
923 955 1
923 987 1
924 928 1
924 956 1
924 988 1
925 926 1
925 927 1
925 957 1
925 989 1
926 928 1
926 958 1
926 990 1
927 928 1
927 959 1
927 991 1
928 960 1
928 992 1
929 930 1
929 931 1
929 933 1
929 937 1
929 945 1
929 993 1
930 932 1
930 934 1
930 938 1
930 946 1
930 994 1
931 932 1
931 935 1
931 939 1
931 947 1
931 995 1
932 936 1
932 940 1
932 948 1
932 996 1
933 934 1
933 935 1
933 941 1
933 949 1
933 997 1
934 936 1
934 942 1
934 950 1
934 998 1
935 936 1
935 943 1
935 951 1
935 999 1
936 944 1
936 952 1
936 1000 1
937 938 1
937 939 1
937 941 1
937 953 1
937 1001 1
938 940 1
938 942 1
938 954 1
938 1002 1
939 940 1
939 943 1
939 955 1
939 1003 1
940 944 1
940 956 1
940 1004 1
941 942 1
941 943 1
941 957 1
941 1005 1
942 944 1
942 958 1
942 1006 1
943 944 1
943 959 1
943 1007 1
944 960 1
944 1008 1
945 946 1
945 947 1
945 949 1
945 953 1
945 1009 1
946 948 1
946 950 1
946 954 1
946 1010 1
947 948 1
947 951 1
947 955 1
947 1011 1
948 952 1
948 956 1
948 1012 1
949 950 1
949 951 1
949 957 1
949 1013 1
950 952 1
950 958 1
950 1014 1
951 952 1
951 959 1
951 1015 1
952 960 1
952 1016 1
953 954 1
953 955 1
953 957 1
953 1017 1
954 956 1
954 958 1
954 1018 1
955 956 1
955 959 1
955 1019 1
956 960 1
956 1020 1
957 958 1
957 959 1
957 1021 1
958 960 1
958 1022 1
959 960 1
959 1023 1
960 1024 1
961 962 1
961 963 1
961 965 1
961 969 1
961 977 1
961 993 1
962 964 1
962 966 1
962 970 1
962 978 1
962 994 1
963 964 1
963 967 1
963 971 1
963 979 1
963 995 1
964 968 1
964 972 1
964 980 1
964 996 1
965 966 1
965 967 1
965 973 1
965 981 1
965 997 1
966 968 1
966 974 1
966 982 1
966 998 1
967 968 1
967 975 1
967 983 1
967 999 1
968 976 1
968 984 1
968 1000 1
969 970 1
969 971 1
969 973 1
969 985 1
969 1001 1
970 972 1
970 974 1
970 986 1
970 1002 1
971 972 1
971 975 1
971 987 1
971 1003 1
972 976 1
972 988 1
972 1004 1
973 974 1
973 975 1
973 989 1
973 1005 1
974 976 1
974 990 1
974 1006 1
975 976 1
975 991 1
975 1007 1
976 992 1
976 1008 1
977 978 1
977 979 1
977 981 1
977 985 1
977 1009 1
978 980 1
978 982 1
978 986 1
978 1010 1
979 980 1
979 983 1
979 987 1
979 1011 1
980 984 1
980 988 1
980 1012 1
981 982 1
981 983 1
981 989 1
981 1013 1
982 984 1
982 990 1
982 1014 1
983 984 1
983 991 1
983 1015 1
984 992 1
984 1016 1
985 986 1
985 987 1
985 989 1
985 1017 1
986 988 1
986 990 1
986 1018 1
987 988 1
987 991 1
987 1019 1
988 992 1
988 1020 1
989 990 1
989 991 1
989 1021 1
990 992 1
990 1022 1
991 992 1
991 1023 1
992 1024 1
993 994 1
993 995 1
993 997 1
993 1001 1
993 1009 1
994 996 1
994 998 1
994 1002 1
994 1010 1
995 996 1
995 999 1
995 1003 1
995 1011 1
996 1000 1
996 1004 1
996 1012 1
997 998 1
997 999 1
997 1005 1
997 1013 1
998 1000 1
998 1006 1
998 1014 1
999 1000 1
999 1007 1
999 1015 1
1000 1008 1
1000 1016 1
1001 1002 1
1001 1003 1
1001 1005 1
1001 1017 1
1002 1004 1
1002 1006 1
1002 1018 1
1003 1004 1
1003 1007 1
1003 1019 1
1004 1008 1
1004 1020 1
1005 1006 1
1005 1007 1
1005 1021 1
1006 1008 1
1006 1022 1
1007 1008 1
1007 1023 1
1008 1024 1
1009 1010 1
1009 1011 1
1009 1013 1
1009 1017 1
1010 1012 1
1010 1014 1
1010 1018 1
1011 1012 1
1011 1015 1
1011 1019 1
1012 1016 1
1012 1020 1
1013 1014 1
1013 1015 1
1013 1021 1
1014 1016 1
1014 1022 1
1015 1016 1
1015 1023 1
1016 1024 1
1017 1018 1
1017 1019 1
1017 1021 1
1018 1020 1
1018 1022 1
1019 1020 1
1019 1023 1
1020 1024 1
1021 1022 1
1021 1023 1
1022 1024 1
1023 1024 1
