200 5970
1 2 1
1 6 1
1 9 1
1 10 1
1 13 1
1 20 1
1 24 1
1 25 1
1 28 1
1 35 1
1 36 1
1 41 1
1 47 1
1 49 1
1 51 1
1 52 1
1 53 1
1 55 1
1 57 1
1 59 1
1 65 1
1 68 1
1 71 1
1 76 1
1 80 1
1 82 1
1 83 1
1 91 1
1 92 1
1 95 1
1 96 1
1 100 1
1 102 1
1 103 1
1 104 1
1 107 1
1 114 1
1 115 1
1 120 1
1 132 1
1 136 1
1 137 1
1 138 1
1 141 1
1 143 1
1 145 1
1 147 1
1 149 1
1 150 1
1 154 1
1 157 1
1 160 1
1 164 1
1 166 1
1 169 1
1 175 1
1 180 1
1 181 1
1 182 1
1 184 1
1 189 1
1 192 1
1 193 1
1 195 1
1 196 1
1 200 1
2 3 1
2 5 1
2 7 1
2 8 1
2 10 1
2 15 1
2 18 1
2 26 1
2 27 1
2 29 1
2 37 1
2 38 1
2 41 1
2 44 1
2 50 1
2 54 1
2 60 1
2 62 1
2 65 1
2 67 1
2 73 1
2 77 1
2 84 1
2 86 1
2 87 1
2 89 1
2 90 1
2 93 1
2 94 1
2 97 1
2 103 1
2 105 1
2 109 1
2 117 1
2 118 1
2 121 1
2 127 1
2 130 1
2 133 1
2 134 1
2 135 1
2 140 1
2 146 1
2 155 1
2 156 1
2 168 1
2 170 1
2 173 1
2 181 1
2 184 1
2 185 1
2 188 1
2 190 1
2 191 1
2 193 1
2 198 1
3 6 1
3 11 1
3 13 1
3 14 1
3 19 1
3 20 1
3 21 1
3 28 1
3 29 1
3 30 1
3 31 1
3 35 1
3 46 1
3 48 1
3 49 1
3 53 1
3 56 1
3 63 1
3 69 1
3 70 1
3 71 1
3 76 1
3 83 1
3 90 1
3 91 1
3 92 1
3 95 1
3 101 1
3 103 1
3 111 1
3 113 1
3 115 1
3 117 1
3 120 1
3 124 1
3 129 1
3 130 1
3 132 1
3 134 1
3 136 1
3 137 1
3 138 1
3 139 1
3 141 1
3 144 1
3 145 1
3 150 1
3 154 1
3 157 1
3 158 1
3 159 1
3 164 1
3 166 1
3 169 1
3 174 1
3 180 1
3 182 1
3 183 1
3 186 1
3 189 1
3 192 1
3 195 1
3 200 1
4 6 1
4 9 1
4 12 1
4 13 1
4 14 1
4 16 1
4 20 1
4 21 1
4 24 1
4 25 1
4 28 1
4 33 1
4 34 1
4 35 1
4 39 1
4 46 1
4 47 1
4 55 1
4 57 1
4 61 1
4 64 1
4 66 1
4 68 1
4 70 1
4 71 1
4 73 1
4 76 1
4 80 1
4 83 1
4 90 1
4 91 1
4 92 1
4 95 1
4 101 1
4 104 1
4 107 1
4 111 1
4 113 1
4 114 1
4 116 1
4 117 1
4 124 1
4 136 1
4 137 1
4 138 1
4 140 1
4 143 1
4 144 1
4 145 1
4 147 1
4 150 1
4 158 1
4 159 1
4 164 1
4 166 1
4 174 1
4 177 1
4 180 1
4 182 1
4 183 1
4 184 1
4 187 1
4 193 1
4 194 1
4 195 1
4 196 1
5 9 1
5 11 1
5 13 1
5 14 1
5 16 1
5 20 1
5 21 1
5 24 1
5 28 1
5 29 1
5 30 1
5 31 1
5 35 1
5 36 1
5 37 1
5 46 1
5 51 1
5 52 1
5 53 1
5 56 1
5 64 1
5 70 1
5 72 1
5 75 1
5 76 1
5 78 1
5 79 1
5 80 1
5 85 1
5 86 1
5 90 1
5 91 1
5 95 1
5 102 1
5 103 1
5 107 1
5 111 1
5 114 1
5 116 1
5 119 1
5 120 1
5 124 1
5 125 1
5 129 1
5 132 1
5 136 1
5 137 1
5 144 1
5 147 1
5 150 1
5 154 1
5 157 1
5 158 1
5 159 1
5 162 1
5 164 1
5 165 1
5 166 1
5 167 1
5 170 1
5 175 1
5 177 1
5 180 1
5 189 1
5 192 1
5 193 1
5 195 1
5 197 1
6 8 1
6 10 1
6 12 1
6 15 1
6 16 1
6 19 1
6 27 1
6 32 1
6 33 1
6 37 1
6 40 1
6 41 1
6 42 1
6 45 1
6 48 1
6 50 1
6 55 1
6 59 1
6 62 1
6 66 1
6 70 1
6 72 1
6 74 1
6 77 1
6 81 1
6 83 1
6 85 1
6 86 1
6 88 1
6 93 1
6 98 1
6 106 1
6 109 1
6 123 1
6 134 1
6 142 1
6 146 1
6 148 1
6 152 1
6 160 1
6 161 1
6 163 1
6 168 1
6 171 1
6 172 1
6 173 1
6 176 1
6 177 1
6 181 1
6 185 1
6 191 1
7 9 1
7 21 1
7 25 1
7 29 1
7 31 1
7 34 1
7 35 1
7 39 1
7 44 1
7 47 1
7 48 1
7 51 1
7 52 1
7 56 1
7 57 1
7 58 1
7 61 1
7 62 1
7 68 1
7 70 1
7 71 1
7 75 1
7 76 1
7 78 1
7 79 1
7 82 1
7 83 1
7 90 1
7 91 1
7 92 1
7 94 1
7 95 1
7 100 1
7 101 1
7 102 1
7 107 1
7 113 1
7 115 1
7 116 1
7 117 1
7 118 1
7 119 1
7 120 1
7 124 1
7 125 1
7 136 1
7 141 1
7 142 1
7 145 1
7 150 1
7 154 1
7 159 1
7 164 1
7 166 1
7 169 1
7 174 1
7 177 1
7 180 1
7 187 1
7 189 1
7 193 1
7 194 1
7 195 1
8 11 1
8 13 1
8 14 1
8 15 1
8 16 1
8 25 1
8 30 1
8 31 1
8 34 1
8 35 1
8 36 1
8 39 1
8 46 1
8 47 1
8 51 1
8 53 1
8 55 1
8 57 1
8 63 1
8 64 1
8 68 1
8 70 1
8 71 1
8 78 1
8 79 1
8 80 1
8 83 1
8 90 1
8 92 1
8 95 1
8 100 1
8 101 1
8 103 1
8 104 1
8 111 1
8 112 1
8 113 1
8 115 1
8 119 1
8 124 1
8 126 1
8 127 1
8 136 1
8 141 1
8 144 1
8 149 1
8 151 1
8 153 1
8 154 1
8 157 1
8 158 1
8 162 1
8 166 1
8 172 1
8 174 1
8 183 1
8 187 1
8 195 1
8 196 1
8 197 1
9 10 1
9 12 1
9 15 1
9 17 1
9 22 1
9 25 1
9 26 1
9 27 1
9 32 1
9 33 1
9 37 1
9 40 1
9 41 1
9 42 1
9 43 1
9 50 1
9 60 1
9 66 1
9 72 1
9 74 1
9 81 1
9 84 1
9 86 1
9 92 1
9 93 1
9 94 1
9 96 1
9 98 1
9 105 1
9 106 1
9 107 1
9 109 1
9 110 1
9 122 1
9 123 1
9 134 1
9 139 1
9 140 1
9 142 1
9 148 1
9 151 1
9 155 1
9 160 1
9 163 1
9 175 1
9 176 1
9 181 1
9 185 1
9 188 1
9 191 1
9 197 1
9 198 1
9 199 1
10 13 1
10 16 1
10 20 1
10 24 1
10 25 1
10 29 1
10 30 1
10 35 1
10 36 1
10 39 1
10 41 1
10 46 1
10 47 1
10 49 1
10 51 1
10 52 1
10 55 1
10 59 1
10 63 1
10 65 1
10 68 1
10 70 1
10 71 1
10 80 1
10 82 1
10 83 1
10 90 1
10 92 1
10 95 1
10 96 1
10 100 1
10 101 1
10 102 1
10 111 1
10 114 1
10 115 1
10 116 1
10 120 1
10 129 1
10 132 1
10 136 1
10 137 1
10 138 1
10 144 1
10 145 1
10 149 1
10 150 1
10 154 1
10 157 1
10 158 1
10 159 1
10 160 1
10 162 1
10 167 1
10 175 1
10 177 1
10 179 1
10 181 1
10 182 1
10 183 1
10 184 1
10 186 1
10 187 1
10 193 1
10 194 1
10 195 1
10 196 1
10 197 1
11 12 1
11 15 1
11 18 1
11 22 1
11 23 1
11 30 1
11 33 1
11 38 1
11 40 1
11 45 1
11 54 1
11 60 1
11 65 1
11 72 1
11 77 1
11 86 1
11 88 1
11 102 1
11 110 1
11 120 1
11 121 1
11 123 1
11 126 1
11 127 1
11 128 1
11 131 1
11 134 1
11 152 1
11 155 1
11 157 1
11 159 1
11 160 1
11 161 1
11 165 1
11 170 1
11 171 1
11 176 1
11 178 1
11 187 1
11 188 1
11 191 1
11 198 1
12 14 1
12 20 1
12 24 1
12 25 1
12 28 1
12 29 1
12 30 1
12 33 1
12 36 1
12 39 1
12 48 1
12 51 1
12 52 1
12 56 1
12 61 1
12 63 1
12 66 1
12 68 1
12 70 1
12 71 1
12 73 1
12 75 1
12 76 1
12 79 1
12 80 1
12 82 1
12 83 1
12 96 1
12 102 1
12 103 1
12 104 1
12 112 1
12 114 1
12 115 1
12 116 1
12 119 1
12 124 1
12 125 1
12 129 1
12 140 1
12 145 1
12 149 1
12 159 1
12 162 1
12 166 1
12 167 1
12 174 1
12 179 1
12 180 1
12 183 1
12 186 1
12 189 1
12 192 1
12 193 1
12 194 1
13 15 1
13 17 1
13 18 1
13 21 1
13 26 1
13 32 1
13 38 1
13 40 1
13 42 1
13 43 1
13 44 1
13 45 1
13 50 1
13 54 1
13 58 1
13 60 1
13 65 1
13 66 1
13 67 1
13 73 1
13 74 1
13 77 1
13 80 1
13 84 1
13 87 1
13 98 1
13 105 1
13 108 1
13 109 1
13 118 1
13 123 1
13 125 1
13 126 1
13 127 1
13 128 1
13 131 1
13 133 1
13 135 1
13 137 1
13 139 1
13 142 1
13 146 1
13 150 1
13 152 1
13 156 1
13 161 1
13 163 1
13 168 1
13 171 1
13 173 1
13 178 1
13 181 1
13 185 1
13 191 1
13 199 1
14 15 1
14 18 1
14 26 1
14 32 1
14 36 1
14 37 1
14 42 1
14 43 1
14 44 1
14 49 1
14 54 1
14 60 1
14 62 1
14 63 1
14 66 1
14 67 1
14 69 1
14 72 1
14 73 1
14 74 1
14 77 1
14 81 1
14 86 1
14 89 1
14 99 1
14 100 1
14 105 1
14 106 1
14 109 1
14 110 1
14 114 1
14 118 1
14 121 1
14 123 1
14 128 1
14 130 1
14 131 1
14 133 1
14 134 1
14 139 1
14 142 1
14 148 1
14 151 1
14 163 1
14 165 1
14 166 1
14 173 1
14 176 1
14 178 1
14 181 1
14 185 1
14 188 1
14 190 1
14 191 1
14 198 1
14 199 1
15 16 1
15 20 1
15 21 1
15 24 1
15 25 1
15 29 1
15 30 1
15 31 1
15 39 1
15 47 1
15 48 1
15 52 1
15 57 1
15 58 1
15 63 1
15 64 1
15 70 1
15 71 1
15 75 1
15 76 1
15 80 1
15 82 1
15 90 1
15 91 1
15 95 1
15 96 1
15 101 1
15 103 1
15 104 1
15 107 1
15 113 1
15 114 1
15 115 1
15 120 1
15 124 1
15 126 1
15 127 1
15 132 1
15 138 1
15 141 1
15 150 1
15 151 1
15 154 1
15 157 1
15 158 1
15 159 1
15 164 1
15 169 1
15 172 1
15 174 1
15 175 1
15 177 1
15 183 1
15 184 1
15 186 1
15 187 1
15 192 1
15 194 1
15 197 1
15 200 1
16 23 1
16 26 1
16 27 1
16 32 1
16 33 1
16 40 1
16 43 1
16 45 1
16 48 1
16 55 1
16 59 1
16 60 1
16 62 1
16 65 1
16 66 1
16 70 1
16 73 1
16 74 1
16 83 1
16 84 1
16 85 1
16 86 1
16 88 1
16 94 1
16 97 1
16 105 1
16 106 1
16 110 1
16 121 1
16 122 1
16 127 1
16 130 1
16 133 1
16 135 1
16 146 1
16 148 1
16 151 1
16 155 1
16 165 1
16 173 1
16 177 1
16 178 1
16 181 1
16 188 1
16 198 1
16 199 1
17 20 1
17 24 1
17 28 1
17 29 1
17 34 1
17 39 1
17 47 1
17 48 1
17 49 1
17 53 1
17 57 1
17 58 1
17 61 1
17 63 1
17 64 1
17 67 1
17 68 1
17 71 1
17 78 1
17 79 1
17 82 1
17 90 1
17 91 1
17 93 1
17 96 1
17 99 1
17 100 1
17 101 1
17 104 1
17 107 1
17 112 1
17 115 1
17 117 1
17 124 1
17 125 1
17 136 1
17 137 1
17 141 1
17 146 1
17 147 1
17 150 1
17 157 1
17 162 1
17 164 1
17 171 1
17 175 1
17 177 1
17 180 1
17 184 1
17 186 1
17 187 1
17 192 1
17 194 1
17 196 1
18 20 1
18 23 1
18 29 1
18 31 1
18 32 1
18 34 1
18 36 1
18 39 1
18 43 1
18 48 1
18 49 1
18 51 1
18 55 1
18 56 1
18 58 1
18 61 1
18 63 1
18 71 1
18 76 1
18 78 1
18 79 1
18 80 1
18 83 1
18 87 1
18 90 1
18 91 1
18 92 1
18 95 1
18 96 1
18 100 1
18 101 1
18 102 1
18 103 1
18 113 1
18 116 1
18 119 1
18 120 1
18 124 1
18 129 1
18 131 1
18 136 1
18 138 1
18 143 1
18 144 1
18 145 1
18 147 1
18 149 1
18 153 1
18 158 1
18 159 1
18 162 1
18 164 1
18 174 1
18 177 1
18 179 1
18 180 1
18 183 1
18 184 1
18 186 1
18 187 1
18 193 1
18 197 1
19 20 1
19 21 1
19 24 1
19 30 1
19 35 1
19 46 1
19 48 1
19 51 1
19 55 1
19 56 1
19 58 1
19 61 1
19 64 1
19 68 1
19 69 1
19 79 1
19 80 1
19 82 1
19 83 1
19 95 1
19 100 1
19 103 1
19 104 1
19 107 1
19 112 1
19 114 1
19 115 1
19 116 1
19 124 1
19 125 1
19 129 1
19 130 1
19 132 1
19 134 1
19 137 1
19 139 1
19 143 1
19 145 1
19 147 1
19 159 1
19 164 1
19 167 1
19 180 1
19 184 1
19 186 1
19 193 1
19 195 1
19 200 1
20 22 1
20 26 1
20 32 1
20 33 1
20 37 1
20 42 1
20 43 1
20 44 1
20 45 1
20 59 1
20 60 1
20 69 1
20 72 1
20 74 1
20 77 1
20 81 1
20 85 1
20 86 1
20 87 1
20 89 1
20 99 1
20 105 1
20 106 1
20 109 1
20 121 1
20 122 1
20 123 1
20 124 1
20 126 1
20 128 1
20 130 1
20 138 1
20 139 1
20 148 1
20 151 1
20 152 1
20 156 1
20 160 1
20 163 1
20 164 1
20 165 1
20 167 1
20 172 1
20 173 1
20 176 1
20 178 1
20 179 1
20 181 1
20 183 1
20 188 1
20 190 1
20 191 1
20 199 1
21 22 1
21 27 1
21 33 1
21 38 1
21 41 1
21 43 1
21 45 1
21 54 1
21 58 1
21 59 1
21 62 1
21 65 1
21 80 1
21 81 1
21 86 1
21 87 1
21 88 1
21 98 1
21 105 1
21 108 1
21 118 1
21 122 1
21 125 1
21 126 1
21 128 1
21 131 1
21 134 1
21 135 1
21 137 1
21 139 1
21 146 1
21 148 1
21 150 1
21 151 1
21 156 1
21 161 1
21 163 1
21 165 1
21 168 1
21 171 1
21 172 1
21 173 1
21 178 1
21 185 1
21 191 1
21 198 1
21 199 1
22 25 1
22 28 1
22 35 1
22 36 1
22 48 1
22 49 1
22 50 1
22 51 1
22 52 1
22 53 1
22 55 1
22 58 1
22 61 1
22 63 1
22 64 1
22 68 1
22 70 1
22 76 1
22 78 1
22 82 1
22 89 1
22 91 1
22 96 1
22 100 1
22 106 1
22 112 1
22 113 1
22 114 1
22 115 1
22 116 1
22 119 1
22 123 1
22 128 1
22 129 1
22 132 1
22 136 1
22 137 1
22 138 1
22 141 1
22 144 1
22 145 1
22 149 1
22 153 1
22 158 1
22 164 1
22 166 1
22 167 1
22 169 1
22 174 1
22 175 1
22 179 1
22 184 1
22 187 1
22 189 1
22 193 1
22 194 1
22 196 1
22 197 1
23 24 1
23 30 1
23 31 1
23 32 1
23 35 1
23 36 1
23 43 1
23 47 1
23 49 1
23 51 1
23 55 1
23 57 1
23 68 1
23 70 1
23 71 1
23 75 1
23 76 1
23 79 1
23 80 1
23 82 1
23 87 1
23 90 1
23 91 1
23 92 1
23 104 1
23 107 1
23 111 1
23 113 1
23 116 1
23 117 1
23 124 1
23 131 1
23 132 1
23 136 1
23 137 1
23 138 1
23 144 1
23 145 1
23 149 1
23 150 1
23 154 1
23 159 1
23 162 1
23 164 1
23 169 1
23 174 1
23 175 1
23 179 1
23 180 1
23 182 1
23 183 1
23 184 1
23 186 1
23 187 1
23 189 1
23 193 1
23 195 1
23 196 1
23 197 1
24 35 1
24 37 1
24 38 1
24 41 1
24 42 1
24 54 1
24 60 1
24 62 1
24 64 1
24 67 1
24 69 1
24 74 1
24 76 1
24 79 1
24 81 1
24 84 1
24 85 1
24 86 1
24 93 1
24 97 1
24 98 1
24 99 1
24 109 1
24 110 1
24 118 1
24 122 1
24 127 1
24 128 1
24 130 1
24 133 1
24 135 1
24 140 1
24 142 1
24 146 1
24 154 1
24 156 1
24 160 1
24 161 1
24 168 1
24 172 1
24 181 1
24 191 1
24 196 1
24 198 1
25 26 1
25 27 1
25 32 1
25 37 1
25 41 1
25 43 1
25 44 1
25 50 1
25 59 1
25 72 1
25 73 1
25 81 1
25 84 1
25 87 1
25 89 1
25 92 1
25 96 1
25 97 1
25 98 1
25 99 1
25 105 1
25 107 1
25 108 1
25 118 1
25 121 1
25 122 1
25 126 1
25 130 1
25 133 1
25 134 1
25 135 1
25 139 1
25 140 1
25 142 1
25 152 1
25 156 1
25 160 1
25 161 1
25 165 1
25 171 1
25 172 1
25 175 1
25 185 1
25 188 1
25 191 1
25 197 1
25 199 1
26 29 1
26 30 1
26 35 1
26 36 1
26 47 1
26 49 1
26 51 1
26 52 1
26 57 1
26 58 1
26 63 1
26 68 1
26 70 1
26 71 1
26 78 1
26 81 1
26 82 1
26 90 1
26 91 1
26 92 1
26 95 1
26 100 1
26 102 1
26 103 1
26 112 1
26 114 1
26 115 1
26 120 1
26 121 1
26 136 1
26 137 1
26 138 1
26 143 1
26 150 1
26 158 1
26 159 1
26 162 1
26 166 1
26 168 1
26 169 1
26 173 1
26 180 1
26 182 1
26 184 1
26 186 1
26 189 1
26 190 1
26 193 1
26 194 1
26 195 1
26 196 1
26 197 1
27 29 1
27 30 1
27 31 1
27 39 1
27 47 1
27 49 1
27 53 1
27 55 1
27 56 1
27 57 1
27 58 1
27 60 1
27 63 1
27 64 1
27 68 1
27 74 1
27 75 1
27 76 1
27 78 1
27 80 1
27 82 1
27 91 1
27 103 1
27 104 1
27 111 1
27 112 1
27 114 1
27 116 1
27 117 1
27 124 1
27 125 1
27 136 1
27 137 1
27 138 1
27 148 1
27 150 1
27 154 1
27 158 1
27 159 1
27 164 1
27 176 1
27 178 1
27 182 1
27 184 1
27 186 1
27 187 1
27 189 1
27 192 1
27 193 1
27 196 1
27 197 1
27 198 1
27 200 1
28 32 1
28 33 1
28 38 1
28 44 1
28 52 1
28 54 1
28 59 1
28 60 1
28 66 1
28 67 1
28 72 1
28 77 1
28 81 1
28 85 1
28 87 1
28 88 1
28 89 1
28 98 1
28 108 1
28 118 1
28 121 1
28 122 1
28 123 1
28 127 1
28 128 1
28 129 1
28 130 1
28 133 1
28 135 1
28 139 1
28 141 1
28 142 1
28 147 1
28 148 1
28 149 1
28 152 1
28 160 1
28 161 1
28 163 1
28 168 1
28 171 1
28 172 1
28 173 1
28 176 1
28 182 1
28 185 1
28 199 1
29 33 1
29 37 1
29 40 1
29 41 1
29 42 1
29 45 1
29 50 1
29 60 1
29 66 1
29 77 1
29 81 1
29 84 1
29 85 1
29 86 1
29 89 1
29 90 1
29 93 1
29 97 1
29 99 1
29 103 1
29 105 1
29 108 1
29 117 1
29 122 1
29 126 1
29 128 1
29 130 1
29 135 1
29 146 1
29 148 1
29 152 1
29 155 1
29 156 1
29 160 1
29 161 1
29 163 1
29 165 1
29 171 1
29 172 1
29 173 1
29 184 1
29 185 1
29 190 1
29 191 1
29 193 1
29 199 1
30 33 1
30 38 1
30 41 1
30 44 1
30 45 1
30 54 1
30 59 1
30 60 1
30 65 1
30 66 1
30 69 1
30 73 1
30 74 1
30 77 1
30 84 1
30 85 1
30 88 1
30 97 1
30 98 1
30 102 1
30 118 1
30 120 1
30 122 1
30 123 1
30 126 1
30 131 1
30 139 1
30 142 1
30 146 1
30 148 1
30 156 1
30 157 1
30 159 1
30 160 1
30 165 1
30 173 1
30 176 1
30 185 1
30 187 1
30 188 1
30 199 1
31 33 1
31 40 1
31 42 1
31 43 1
31 44 1
31 45 1
31 50 1
31 53 1
31 54 1
31 59 1
31 68 1
31 71 1
31 73 1
31 74 1
31 77 1
31 86 1
31 87 1
31 89 1
31 93 1
31 97 1
31 99 1
31 105 1
31 106 1
31 108 1
31 110 1
31 113 1
31 127 1
31 130 1
31 134 1
31 135 1
31 140 1
31 146 1
31 151 1
31 155 1
31 156 1
31 165 1
31 170 1
31 173 1
31 178 1
31 185 1
31 190 1
31 191 1
31 192 1
31 194 1
31 198 1
32 43 1
32 46 1
32 52 1
32 53 1
32 55 1
32 56 1
32 57 1
32 61 1
32 63 1
32 68 1
32 71 1
32 80 1
32 82 1
32 87 1
32 91 1
32 92 1
32 95 1
32 100 1
32 101 1
32 102 1
32 103 1
32 104 1
32 111 1
32 112 1
32 113 1
32 114 1
32 116 1
32 117 1
32 119 1
32 120 1
32 124 1
32 129 1
32 131 1
32 132 1
32 136 1
32 138 1
32 143 1
32 144 1
32 145 1
32 147 1
32 150 1
32 153 1
32 157 1
32 159 1
32 166 1
32 167 1
32 174 1
32 175 1
32 180 1
32 183 1
32 189 1
32 193 1
32 195 1
32 197 1
33 35 1
33 36 1
33 39 1
33 47 1
33 53 1
33 56 1
33 61 1
33 63 1
33 64 1
33 66 1
33 70 1
33 71 1
33 73 1
33 75 1
33 76 1
33 78 1
33 79 1
33 80 1
33 82 1
33 92 1
33 96 1
33 100 1
33 102 1
33 103 1
33 111 1
33 112 1
33 114 1
33 117 1
33 119 1
33 124 1
33 125 1
33 132 1
33 136 1
33 138 1
33 140 1
33 144 1
33 145 1
33 147 1
33 149 1
33 153 1
33 154 1
33 164 1
33 166 1
33 167 1
33 169 1
33 174 1
33 175 1
33 177 1
33 179 1
33 180 1
33 184 1
33 186 1
33 187 1
33 189 1
33 195 1
33 196 1
33 197 1
34 37 1
34 38 1
34 42 1
34 43 1
34 45 1
34 47 1
34 54 1
34 60 1
34 61 1
34 62 1
34 65 1
34 72 1
34 77 1
34 81 1
34 84 1
34 85 1
34 87 1
34 88 1
34 89 1
34 93 1
34 97 1
34 98 1
34 106 1
34 108 1
34 109 1
34 110 1
34 119 1
34 122 1
34 123 1
34 126 1
34 128 1
34 130 1
34 132 1
34 133 1
34 134 1
34 139 1
34 140 1
34 145 1
34 148 1
34 152 1
34 155 1
34 156 1
34 160 1
34 161 1
34 163 1
34 165 1
34 176 1
34 178 1
34 180 1
34 181 1
34 185 1
34 190 1
34 191 1
34 198 1
35 37 1
35 40 1
35 41 1
35 42 1
35 43 1
35 44 1
35 50 1
35 54 1
35 64 1
35 65 1
35 67 1
35 72 1
35 74 1
35 76 1
35 77 1
35 79 1
35 85 1
35 93 1
35 97 1
35 98 1
35 99 1
35 109 1
35 110 1
35 123 1
35 127 1
35 131 1
35 133 1
35 134 1
35 135 1
35 142 1
35 146 1
35 148 1
35 152 1
35 154 1
35 156 1
35 160 1
35 161 1
35 163 1
35 170 1
35 171 1
35 172 1
35 173 1
35 176 1
35 188 1
35 190 1
35 191 1
35 196 1
35 199 1
36 40 1
36 41 1
36 42 1
36 43 1
36 45 1
36 49 1
36 50 1
36 54 1
36 59 1
36 60 1
36 62 1
36 63 1
36 65 1
36 66 1
36 69 1
36 72 1
36 73 1
36 77 1
36 81 1
36 84 1
36 86 1
36 97 1
36 99 1
36 100 1
36 106 1
36 108 1
36 114 1
36 128 1
36 131 1
36 133 1
36 134 1
36 135 1
36 142 1
36 152 1
36 156 1
36 161 1
36 165 1
36 166 1
36 172 1
36 178 1
36 188 1
36 198 1
37 47 1
37 49 1
37 56 1
37 61 1
37 68 1
37 72 1
37 78 1
37 80 1
37 82 1
37 83 1
37 85 1
37 86 1
37 90 1
37 91 1
37 92 1
37 95 1
37 102 1
37 104 1
37 111 1
37 115 1
37 117 1
37 124 1
37 136 1
37 141 1
37 143 1
37 147 1
37 158 1
37 162 1
37 164 1
37 165 1
37 166 1
37 170 1
37 174 1
37 175 1
37 183 1
37 184 1
37 187 1
37 189 1
37 192 1
37 193 1
37 195 1
38 39 1
38 40 1
38 46 1
38 47 1
38 48 1
38 49 1
38 52 1
38 56 1
38 58 1
38 63 1
38 64 1
38 70 1
38 71 1
38 80 1
38 83 1
38 88 1
38 90 1
38 92 1
38 96 1
38 101 1
38 103 1
38 104 1
38 107 1
38 110 1
38 112 1
38 113 1
38 117 1
38 124 1
38 125 1
38 132 1
38 136 1
38 137 1
38 138 1
38 141 1
38 143 1
38 149 1
38 150 1
38 152 1
38 156 1
38 157 1
38 158 1
38 162 1
38 164 1
38 166 1
38 169 1
38 174 1
38 175 1
38 177 1
38 179 1
38 183 1
38 185 1
38 187 1
38 192 1
38 196 1
38 200 1
39 40 1
39 42 1
39 43 1
39 46 1
39 50 1
39 54 1
39 60 1
39 67 1
39 69 1
39 72 1
39 73 1
39 77 1
39 81 1
39 85 1
39 86 1
39 89 1
39 93 1
39 94 1
39 99 1
39 101 1
39 104 1
39 105 1
39 106 1
39 110 1
39 115 1
39 121 1
39 122 1
39 127 1
39 128 1
39 131 1
39 135 1
39 143 1
39 151 1
39 152 1
39 155 1
39 156 1
39 165 1
39 170 1
39 185 1
39 188 1
39 190 1
39 198 1
39 199 1
39 200 1
40 47 1
40 51 1
40 52 1
40 55 1
40 56 1
40 58 1
40 63 1
40 64 1
40 68 1
40 70 1
40 79 1
40 88 1
40 90 1
40 91 1
40 92 1
40 95 1
40 96 1
40 102 1
40 104 1
40 107 1
40 110 1
40 112 1
40 113 1
40 132 1
40 136 1
40 137 1
40 138 1
40 143 1
40 145 1
40 147 1
40 150 1
40 152 1
40 154 1
40 156 1
40 157 1
40 158 1
40 159 1
40 162 1
40 166 1
40 167 1
40 169 1
40 174 1
40 175 1
40 177 1
40 179 1
40 180 1
40 182 1
40 184 1
40 185 1
40 186 1
40 187 1
40 192 1
40 195 1
40 196 1
40 197 1
40 200 1
41 47 1
41 49 1
41 51 1
41 52 1
41 53 1
41 55 1
41 56 1
41 59 1
41 61 1
41 63 1
41 64 1
41 65 1
41 70 1
41 75 1
41 79 1
41 83 1
41 90 1
41 92 1
41 103 1
41 107 1
41 111 1
41 114 1
41 117 1
41 119 1
41 125 1
41 136 1
41 137 1
41 138 1
41 141 1
41 144 1
41 145 1
41 149 1
41 153 1
41 157 1
41 158 1
41 159 1
41 160 1
41 162 1
41 166 1
41 167 1
41 169 1
41 175 1
41 179 1
41 180 1
41 181 1
41 183 1
41 184 1
41 186 1
41 187 1
41 189 1
41 192 1
41 194 1
42 46 1
42 48 1
42 51 1
42 56 1
42 57 1
42 64 1
42 68 1
42 70 1
42 71 1
42 75 1
42 79 1
42 90 1
42 96 1
42 98 1
42 101 1
42 103 1
42 105 1
42 107 1
42 108 1
42 109 1
42 112 1
42 113 1
42 116 1
42 117 1
42 124 1
42 132 1
42 135 1
42 141 1
42 144 1
42 145 1
42 147 1
42 149 1
42 150 1
42 153 1
42 154 1
42 159 1
42 166 1
42 174 1
42 175 1
42 177 1
42 179 1
42 180 1
42 184 1
42 186 1
42 187 1
42 191 1
42 194 1
42 196 1
42 197 1
42 200 1
43 47 1
43 49 1
43 51 1
43 52 1
43 57 1
43 58 1
43 61 1
43 71 1
43 75 1
43 80 1
43 82 1
43 83 1
43 87 1
43 91 1
43 92 1
43 95 1
43 96 1
43 101 1
43 103 1
43 104 1
43 107 1
43 111 1
43 112 1
43 113 1
43 119 1
43 120 1
43 131 1
43 136 1
43 137 1
43 138 1
43 143 1
43 144 1
43 145 1
43 147 1
43 150 1
43 157 1
43 158 1
43 159 1
43 164 1
43 166 1
43 167 1
43 175 1
43 177 1
43 179 1
43 180 1
43 184 1
43 196 1
43 197 1
44 46 1
44 47 1
44 49 1
44 53 1
44 55 1
44 57 1
44 58 1
44 61 1
44 62 1
44 70 1
44 71 1
44 76 1
44 78 1
44 82 1
44 90 1
44 91 1
44 92 1
44 94 1
44 103 1
44 104 1
44 112 1
44 113 1
44 115 1
44 118 1
44 120 1
44 124 1
44 129 1
44 132 1
44 136 1
44 137 1
44 138 1
44 141 1
44 142 1
44 143 1
44 144 1
44 147 1
44 149 1
44 150 1
44 154 1
44 157 1
44 158 1
44 164 1
44 167 1
44 169 1
44 175 1
44 179 1
44 183 1
44 186 1
44 187 1
44 189 1
44 192 1
44 197 1
45 46 1
45 48 1
45 49 1
45 52 1
45 53 1
45 54 1
45 55 1
45 57 1
45 77 1
45 78 1
45 90 1
45 91 1
45 95 1
45 97 1
45 100 1
45 104 1
45 107 1
45 111 1
45 112 1
45 113 1
45 115 1
45 116 1
45 117 1
45 120 1
45 129 1
45 132 1
45 141 1
45 147 1
45 149 1
45 153 1
45 154 1
45 157 1
45 162 1
45 163 1
45 166 1
45 175 1
45 180 1
45 183 1
45 184 1
45 186 1
45 187 1
45 189 1
45 193 1
45 194 1
45 195 1
45 196 1
45 197 1
45 199 1
46 50 1
46 59 1
46 60 1
46 62 1
46 65 1
46 66 1
46 67 1
46 69 1
46 72 1
46 77 1
46 81 1
46 86 1
46 87 1
46 88 1
46 94 1
46 97 1
46 101 1
46 104 1
46 109 1
46 110 1
46 115 1
46 118 1
46 121 1
46 122 1
46 123 1
46 128 1
46 130 1
46 142 1
46 143 1
46 155 1
46 156 1
46 161 1
46 165 1
46 168 1
46 188 1
46 190 1
46 191 1
46 198 1
46 199 1
46 200 1
47 54 1
47 59 1
47 61 1
47 62 1
47 65 1
47 66 1
47 67 1
47 69 1
47 74 1
47 84 1
47 85 1
47 89 1
47 94 1
47 97 1
47 106 1
47 109 1
47 110 1
47 118 1
47 119 1
47 121 1
47 126 1
47 128 1
47 130 1
47 132 1
47 135 1
47 139 1
47 140 1
47 145 1
47 146 1
47 151 1
47 156 1
47 168 1
47 170 1
47 173 1
47 178 1
47 180 1
47 181 1
47 185 1
47 188 1
47 191 1
47 198 1
47 199 1
48 55 1
48 60 1
48 62 1
48 66 1
48 69 1
48 70 1
48 74 1
48 77 1
48 83 1
48 84 1
48 86 1
48 87 1
48 88 1
48 89 1
48 98 1
48 105 1
48 108 1
48 110 1
48 118 1
48 121 1
48 122 1
48 128 1
48 130 1
48 134 1
48 135 1
48 139 1
48 142 1
48 152 1
48 161 1
48 165 1
48 168 1
48 171 1
48 173 1
48 176 1
48 177 1
48 178 1
48 181 1
48 185 1
48 188 1
48 190 1
48 191 1
48 198 1
49 59 1
49 60 1
49 62 1
49 63 1
49 66 1
49 67 1
49 73 1
49 84 1
49 85 1
49 86 1
49 88 1
49 89 1
49 94 1
49 97 1
49 99 1
49 100 1
49 105 1
49 106 1
49 110 1
49 114 1
49 122 1
49 126 1
49 127 1
49 128 1
49 133 1
49 135 1
49 140 1
49 146 1
49 148 1
49 151 1
49 156 1
49 165 1
49 166 1
49 173 1
49 181 1
49 185 1
49 188 1
49 191 1
49 199 1
50 51 1
50 52 1
50 53 1
50 55 1
50 57 1
50 64 1
50 68 1
50 71 1
50 75 1
50 76 1
50 79 1
50 80 1
50 83 1
50 89 1
50 90 1
50 91 1
50 92 1
50 96 1
50 100 1
50 104 1
50 106 1
50 107 1
50 111 1
50 112 1
50 116 1
50 119 1
50 120 1
50 123 1
50 128 1
50 132 1
50 136 1
50 137 1
50 138 1
50 141 1
50 143 1
50 144 1
50 145 1
50 149 1
50 150 1
50 153 1
50 158 1
50 174 1
50 179 1
50 180 1
50 184 1
50 189 1
50 193 1
50 196 1
50 200 1
51 54 1
51 65 1
51 72 1
51 73 1
51 82 1
51 84 1
51 85 1
51 86 1
51 87 1
51 88 1
51 91 1
51 93 1
51 94 1
51 98 1
51 99 1
51 106 1
51 111 1
51 116 1
51 121 1
51 122 1
51 123 1
51 127 1
51 131 1
51 133 1
51 134 1
51 135 1
51 139 1
51 140 1
51 146 1
51 152 1
51 153 1
51 161 1
51 163 1
51 165 1
51 170 1
51 172 1
51 174 1
51 190 1
51 198 1
52 54 1
52 59 1
52 60 1
52 65 1
52 66 1
52 67 1
52 69 1
52 72 1
52 74 1
52 77 1
52 81 1
52 84 1
52 85 1
52 86 1
52 88 1
52 89 1
52 94 1
52 98 1
52 99 1
52 108 1
52 109 1
52 110 1
52 121 1
52 122 1
52 129 1
52 130 1
52 134 1
52 135 1
52 141 1
52 146 1
52 147 1
52 149 1
52 151 1
52 152 1
52 155 1
52 156 1
52 160 1
52 161 1
52 163 1
52 171 1
52 172 1
52 173 1
52 178 1
52 181 1
52 182 1
52 185 1
52 190 1
52 198 1
53 54 1
53 65 1
53 67 1
53 68 1
53 71 1
53 72 1
53 73 1
53 84 1
53 87 1
53 88 1
53 93 1
53 94 1
53 98 1
53 99 1
53 109 1
53 113 1
53 118 1
53 121 1
53 122 1
53 123 1
53 126 1
53 127 1
53 130 1
53 131 1
53 133 1
53 135 1
53 139 1
53 142 1
53 151 1
53 155 1
53 156 1
53 161 1
53 163 1
53 168 1
53 171 1
53 172 1
53 176 1
53 178 1
53 181 1
53 188 1
53 190 1
53 191 1
53 192 1
53 194 1
53 198 1
53 199 1
54 56 1
54 57 1
54 68 1
54 75 1
54 76 1
54 77 1
54 80 1
54 82 1
54 90 1
54 92 1
54 95 1
54 96 1
54 97 1
54 100 1
54 102 1
54 103 1
54 111 1
54 112 1
54 114 1
54 116 1
54 117 1
54 120 1
54 124 1
54 129 1
54 136 1
54 137 1
54 138 1
54 141 1
54 144 1
54 145 1
54 147 1
54 149 1
54 157 1
54 162 1
54 163 1
54 164 1
54 166 1
54 169 1
54 175 1
54 184 1
54 189 1
54 192 1
54 194 1
54 195 1
54 199 1
54 200 1
55 59 1
55 62 1
55 66 1
55 70 1
55 72 1
55 74 1
55 81 1
55 83 1
55 85 1
55 86 1
55 88 1
55 93 1
55 97 1
55 98 1
55 105 1
55 106 1
55 109 1
55 110 1
55 118 1
55 121 1
55 123 1
55 130 1
55 131 1
55 133 1
55 134 1
55 139 1
55 140 1
55 142 1
55 152 1
55 160 1
55 161 1
55 165 1
55 176 1
55 177 1
55 190 1
55 191 1
55 199 1
56 62 1
56 72 1
56 73 1
56 75 1
56 84 1
56 85 1
56 87 1
56 88 1
56 93 1
56 94 1
56 97 1
56 98 1
56 106 1
56 112 1
56 118 1
56 122 1
56 126 1
56 128 1
56 135 1
56 136 1
56 139 1
56 140 1
56 142 1
56 144 1
56 146 1
56 152 1
56 156 1
56 160 1
56 163 1
56 168 1
56 169 1
56 171 1
56 176 1
56 178 1
56 181 1
56 195 1
56 199 1
57 59 1
57 62 1
57 65 1
57 67 1
57 74 1
57 77 1
57 78 1
57 84 1
57 85 1
57 86 1
57 88 1
57 89 1
57 93 1
57 94 1
57 95 1
57 105 1
57 108 1
57 109 1
57 118 1
57 126 1
57 128 1
57 130 1
57 133 1
57 135 1
57 146 1
57 148 1
57 151 1
57 155 1
57 156 1
57 158 1
57 162 1
57 165 1
57 170 1
57 178 1
57 181 1
57 185 1
57 186 1
57 188 1
57 189 1
57 190 1
57 191 1
57 198 1
57 199 1
58 59 1
58 60 1
58 66 1
58 69 1
58 72 1
58 74 1
58 77 1
58 80 1
58 81 1
58 84 1
58 85 1
58 86 1
58 93 1
58 105 1
58 121 1
58 122 1
58 123 1
58 125 1
58 126 1
58 127 1
58 128 1
58 130 1
58 133 1
58 134 1
58 135 1
58 137 1
58 139 1
58 140 1
58 148 1
58 150 1
58 151 1
58 152 1
58 155 1
58 163 1
58 168 1
58 170 1
58 172 1
58 176 1
58 181 1
58 185 1
58 191 1
58 198 1
59 65 1
59 68 1
59 76 1
59 78 1
59 79 1
59 80 1
59 83 1
59 90 1
59 91 1
59 92 1
59 95 1
59 96 1
59 100 1
59 102 1
59 111 1
59 113 1
59 119 1
59 120 1
59 124 1
59 125 1
59 129 1
59 132 1
59 136 1
59 137 1
59 143 1
59 144 1
59 145 1
59 147 1
59 149 1
59 150 1
59 154 1
59 157 1
59 158 1
59 160 1
59 162 1
59 166 1
59 167 1
59 175 1
59 177 1
59 181 1
59 184 1
59 187 1
59 195 1
59 196 1
59 197 1
59 200 1
60 71 1
60 74 1
60 76 1
60 78 1
60 80 1
60 82 1
60 90 1
60 95 1
60 101 1
60 102 1
60 104 1
60 112 1
60 113 1
60 114 1
60 115 1
60 117 1
60 120 1
60 129 1
60 132 1
60 136 1
60 141 1
60 145 1
60 148 1
60 149 1
60 150 1
60 159 1
60 164 1
60 166 1
60 169 1
60 174 1
60 175 1
60 176 1
60 178 1
60 179 1
60 180 1
60 182 1
60 183 1
60 184 1
60 186 1
60 187 1
60 189 1
60 192 1
60 197 1
60 198 1
60 200 1
61 65 1
61 67 1
61 72 1
61 74 1
61 81 1
61 84 1
61 86 1
61 87 1
61 93 1
61 97 1
61 98 1
61 105 1
61 106 1
61 109 1
61 119 1
61 121 1
61 122 1
61 123 1
61 127 1
61 128 1
61 130 1
61 131 1
61 132 1
61 133 1
61 134 1
61 135 1
61 140 1
61 142 1
61 145 1
61 146 1
61 151 1
61 155 1
61 160 1
61 161 1
61 171 1
61 173 1
61 176 1
61 180 1
61 181 1
61 185 1
61 190 1
61 198 1
61 199 1
62 63 1
62 71 1
62 75 1
62 78 1
62 79 1
62 90 1
62 91 1
62 94 1
62 95 1
62 100 1
62 104 1
62 107 1
62 111 1
62 112 1
62 115 1
62 117 1
62 118 1
62 119 1
62 125 1
62 132 1
62 136 1
62 138 1
62 141 1
62 142 1
62 143 1
62 144 1
62 157 1
62 158 1
62 159 1
62 162 1
62 164 1
62 167 1
62 169 1
62 175 1
62 177 1
62 182 1
62 183 1
62 186 1
62 187 1
62 189 1
62 193 1
62 195 1
62 196 1
62 197 1
63 66 1
63 72 1
63 73 1
63 77 1
63 84 1
63 85 1
63 89 1
63 94 1
63 100 1
63 105 1
63 108 1
63 109 1
63 110 1
63 114 1
63 118 1
63 122 1
63 123 1
63 128 1
63 130 1
63 133 1
63 135 1
63 142 1
63 148 1
63 151 1
63 152 1
63 160 1
63 161 1
63 165 1
63 166 1
63 170 1
63 172 1
63 176 1
63 181 1
63 185 1
63 191 1
64 66 1
64 67 1
64 72 1
64 76 1
64 77 1
64 79 1
64 84 1
64 86 1
64 87 1
64 89 1
64 94 1
64 97 1
64 99 1
64 105 1
64 106 1
64 108 1
64 109 1
64 121 1
64 123 1
64 126 1
64 130 1
64 131 1
64 134 1
64 135 1
64 139 1
64 140 1
64 142 1
64 151 1
64 152 1
64 154 1
64 155 1
64 156 1
64 160 1
64 161 1
64 170 1
64 171 1
64 176 1
64 178 1
64 191 1
64 196 1
64 199 1
65 70 1
65 75 1
65 76 1
65 79 1
65 80 1
65 91 1
65 95 1
65 96 1
65 101 1
65 102 1
65 107 1
65 111 1
65 113 1
65 114 1
65 115 1
65 117 1
65 119 1
65 120 1
65 124 1
65 136 1
65 137 1
65 138 1
65 141 1
65 145 1
65 147 1
65 159 1
65 160 1
65 162 1
65 164 1
65 167 1
65 180 1
65 181 1
65 184 1
65 187 1
65 189 1
65 192 1
65 194 1
65 196 1
65 197 1
65 200 1
66 70 1
66 73 1
66 75 1
66 78 1
66 79 1
66 80 1
66 82 1
66 95 1
66 101 1
66 102 1
66 103 1
66 107 1
66 112 1
66 115 1
66 116 1
66 117 1
66 132 1
66 136 1
66 137 1
66 138 1
66 140 1
66 141 1
66 143 1
66 144 1
66 147 1
66 150 1
66 153 1
66 154 1
66 157 1
66 159 1
66 177 1
66 179 1
66 182 1
66 183 1
66 186 1
66 187 1
66 192 1
66 196 1
66 197 1
66 200 1
67 68 1
67 70 1
67 71 1
67 78 1
67 79 1
67 80 1
67 82 1
67 83 1
67 91 1
67 93 1
67 99 1
67 100 1
67 101 1
67 102 1
67 103 1
67 107 1
67 111 1
67 114 1
67 115 1
67 116 1
67 117 1
67 119 1
67 125 1
67 132 1
67 136 1
67 137 1
67 138 1
67 145 1
67 146 1
67 147 1
67 154 1
67 158 1
67 159 1
67 162 1
67 164 1
67 167 1
67 171 1
67 174 1
67 180 1
67 187 1
67 192 1
67 193 1
67 194 1
67 196 1
67 197 1
67 200 1
68 71 1
68 72 1
68 77 1
68 81 1
68 84 1
68 88 1
68 89 1
68 93 1
68 94 1
68 98 1
68 99 1
68 105 1
68 110 1
68 113 1
68 118 1
68 121 1
68 122 1
68 123 1
68 127 1
68 130 1
68 131 1
68 134 1
68 135 1
68 142 1
68 146 1
68 151 1
68 156 1
68 160 1
68 163 1
68 170 1
68 171 1
68 172 1
68 176 1
68 178 1
68 188 1
68 192 1
68 194 1
68 199 1
69 70 1
69 79 1
69 83 1
69 91 1
69 96 1
69 101 1
69 103 1
69 104 1
69 114 1
69 117 1
69 119 1
69 120 1
69 124 1
69 125 1
69 129 1
69 130 1
69 132 1
69 134 1
69 137 1
69 139 1
69 141 1
69 145 1
69 154 1
69 159 1
69 166 1
69 167 1
69 169 1
69 175 1
69 177 1
69 186 1
69 187 1
70 77 1
70 83 1
70 84 1
70 89 1
70 93 1
70 97 1
70 98 1
70 99 1
70 105 1
70 110 1
70 121 1
70 122 1
70 123 1
70 127 1
70 128 1
70 130 1
70 134 1
70 135 1
70 139 1
70 140 1
70 146 1
70 152 1
70 156 1
70 160 1
70 163 1
70 168 1
70 171 1
70 176 1
70 177 1
70 188 1
70 199 1
71 72 1
71 74 1
71 81 1
71 84 1
71 87 1
71 88 1
71 105 1
71 106 1
71 110 1
71 113 1
71 118 1
71 122 1
71 123 1
71 126 1
71 127 1
71 128 1
71 130 1
71 133 1
71 135 1
71 140 1
71 142 1
71 146 1
71 148 1
71 151 1
71 152 1
71 155 1
71 156 1
71 160 1
71 163 1
71 171 1
71 172 1
71 173 1
71 176 1
71 178 1
71 188 1
71 191 1
71 192 1
71 194 1
71 198 1
71 199 1
72 75 1
72 76 1
72 78 1
72 80 1
72 82 1
72 83 1
72 85 1
72 86 1
72 92 1
72 95 1
72 100 1
72 102 1
72 103 1
72 104 1
72 107 1
72 112 1
72 113 1
72 114 1
72 115 1
72 116 1
72 117 1
72 119 1
72 120 1
72 144 1
72 145 1
72 147 1
72 149 1
72 154 1
72 162 1
72 165 1
72 166 1
72 170 1
72 174 1
72 177 1
72 179 1
72 182 1
72 183 1
72 184 1
72 186 1
72 189 1
72 193 1
72 197 1
73 75 1
73 78 1
73 79 1
73 80 1
73 82 1
73 91 1
73 95 1
73 111 1
73 112 1
73 114 1
73 115 1
73 116 1
73 117 1
73 120 1
73 125 1
73 129 1
73 136 1
73 138 1
73 140 1
73 141 1
73 143 1
73 144 1
73 147 1
73 149 1
73 150 1
73 154 1
73 157 1
73 158 1
73 164 1
73 166 1
73 167 1
73 169 1
73 174 1
73 175 1
73 177 1
73 184 1
73 187 1
73 189 1
73 192 1
73 194 1
73 195 1
73 197 1
74 79 1
74 80 1
74 82 1
74 83 1
74 90 1
74 95 1
74 96 1
74 102 1
74 111 1
74 113 1
74 116 1
74 117 1
74 120 1
74 124 1
74 129 1
74 136 1
74 141 1
74 144 1
74 148 1
74 149 1
74 150 1
74 154 1
74 157 1
74 158 1
74 159 1
74 162 1
74 166 1
74 175 1
74 176 1
74 177 1
74 178 1
74 180 1
74 182 1
74 187 1
74 189 1
74 192 1
74 193 1
74 195 1
74 198 1
75 81 1
75 84 1
75 85 1
75 86 1
75 87 1
75 88 1
75 93 1
75 94 1
75 97 1
75 98 1
75 99 1
75 105 1
75 106 1
75 108 1
75 109 1
75 110 1
75 112 1
75 126 1
75 130 1
75 131 1
75 134 1
75 135 1
75 136 1
75 140 1
75 142 1
75 144 1
75 155 1
75 156 1
75 161 1
75 163 1
75 165 1
75 169 1
75 170 1
75 176 1
75 178 1
75 181 1
75 188 1
75 195 1
75 198 1
76 77 1
76 79 1
76 81 1
76 84 1
76 85 1
76 86 1
76 87 1
76 89 1
76 93 1
76 99 1
76 106 1
76 108 1
76 109 1
76 110 1
76 122 1
76 123 1
76 126 1
76 134 1
76 135 1
76 140 1
76 142 1
76 146 1
76 148 1
76 152 1
76 154 1
76 155 1
76 161 1
76 163 1
76 176 1
76 178 1
76 181 1
76 185 1
76 188 1
76 190 1
76 191 1
76 196 1
76 198 1
77 90 1
77 92 1
77 97 1
77 102 1
77 104 1
77 107 1
77 111 1
77 112 1
77 113 1
77 114 1
77 115 1
77 116 1
77 117 1
77 120 1
77 124 1
77 125 1
77 129 1
77 136 1
77 137 1
77 138 1
77 143 1
77 145 1
77 147 1
77 150 1
77 153 1
77 154 1
77 157 1
77 158 1
77 159 1
77 163 1
77 166 1
77 167 1
77 169 1
77 174 1
77 175 1
77 177 1
77 186 1
77 187 1
77 189 1
77 192 1
77 193 1
77 194 1
77 195 1
77 196 1
77 199 1
78 81 1
78 86 1
78 87 1
78 89 1
78 94 1
78 95 1
78 98 1
78 106 1
78 108 1
78 122 1
78 126 1
78 131 1
78 139 1
78 140 1
78 146 1
78 148 1
78 151 1
78 155 1
78 156 1
78 158 1
78 160 1
78 161 1
78 162 1
78 165 1
78 168 1
78 170 1
78 171 1
78 172 1
78 173 1
78 178 1
78 185 1
78 186 1
78 189 1
78 190 1
79 84 1
79 87 1
79 89 1
79 97 1
79 98 1
79 99 1
79 105 1
79 108 1
79 109 1
79 122 1
79 123 1
79 127 1
79 131 1
79 133 1
79 134 1
79 135 1
79 139 1
79 146 1
79 148 1
79 152 1
79 154 1
79 160 1
79 161 1
79 163 1
79 170 1
79 171 1
79 173 1
79 176 1
79 178 1
79 185 1
79 188 1
79 196 1
80 81 1
80 85 1
80 87 1
80 88 1
80 105 1
80 110 1
80 118 1
80 125 1
80 130 1
80 133 1
80 137 1
80 139 1
80 140 1
80 148 1
80 150 1
80 151 1
80 152 1
80 156 1
80 160 1
80 163 1
80 171 1
80 172 1
80 176 1
80 178 1
80 181 1
80 185 1
80 190 1
80 191 1
80 199 1
81 82 1
81 90 1
81 91 1
81 100 1
81 102 1
81 103 1
81 104 1
81 113 1
81 116 1
81 119 1
81 120 1
81 121 1
81 124 1
81 125 1
81 137 1
81 143 1
81 145 1
81 147 1
81 149 1
81 153 1
81 159 1
81 162 1
81 164 1
81 167 1
81 168 1
81 169 1
81 173 1
81 177 1
81 180 1
81 186 1
81 189 1
81 190 1
81 192 1
81 194 1
81 195 1
81 197 1
81 200 1
82 86 1
82 87 1
82 91 1
82 94 1
82 97 1
82 98 1
82 99 1
82 111 1
82 116 1
82 118 1
82 121 1
82 126 1
82 128 1
82 134 1
82 135 1
82 139 1
82 142 1
82 146 1
82 148 1
82 151 1
82 153 1
82 155 1
82 156 1
82 160 1
82 161 1
82 163 1
82 170 1
82 171 1
82 172 1
82 174 1
82 176 1
82 178 1
82 181 1
82 185 1
82 188 1
82 190 1
82 199 1
83 86 1
83 87 1
83 88 1
83 89 1
83 93 1
83 94 1
83 99 1
83 105 1
83 109 1
83 110 1
83 118 1
83 122 1
83 126 1
83 127 1
83 128 1
83 130 1
83 131 1
83 135 1
83 139 1
83 142 1
83 146 1
83 148 1
83 151 1
83 160 1
83 161 1
83 165 1
83 168 1
83 171 1
83 172 1
83 176 1
83 177 1
83 178 1
83 181 1
83 191 1
83 198 1
83 199 1
84 90 1
84 91 1
84 92 1
84 95 1
84 96 1
84 100 1
84 102 1
84 103 1
84 107 1
84 112 1
84 115 1
84 117 1
84 119 1
84 120 1
84 122 1
84 125 1
84 132 1
84 133 1
84 137 1
84 138 1
84 141 1
84 150 1
84 154 1
84 155 1
84 159 1
84 161 1
84 162 1
84 166 1
84 174 1
84 175 1
84 179 1
84 180 1
84 182 1
84 184 1
84 187 1
84 188 1
84 194 1
84 195 1
85 86 1
85 90 1
85 91 1
85 92 1
85 101 1
85 102 1
85 103 1
85 111 1
85 113 1
85 114 1
85 115 1
85 116 1
85 117 1
85 119 1
85 129 1
85 132 1
85 137 1
85 138 1
85 141 1
85 145 1
85 147 1
85 149 1
85 150 1
85 154 1
85 159 1
85 162 1
85 165 1
85 167 1
85 170 1
85 174 1
85 175 1
85 177 1
85 183 1
85 184 1
85 186 1
85 187 1
85 189 1
85 193 1
85 194 1
85 195 1
85 196 1
85 197 1
86 90 1
86 96 1
86 100 1
86 101 1
86 102 1
86 103 1
86 107 1
86 113 1
86 115 1
86 119 1
86 129 1
86 132 1
86 137 1
86 138 1
86 143 1
86 147 1
86 150 1
86 154 1
86 157 1
86 159 1
86 162 1
86 165 1
86 166 1
86 169 1
86 170 1
86 186 1
86 187 1
86 200 1
87 90 1
87 92 1
87 100 1
87 101 1
87 102 1
87 103 1
87 104 1
87 107 1
87 112 1
87 114 1
87 115 1
87 117 1
87 119 1
87 125 1
87 129 1
87 131 1
87 136 1
87 138 1
87 141 1
87 145 1
87 147 1
87 157 1
87 162 1
87 164 1
87 166 1
87 167 1
87 175 1
87 177 1
87 179 1
87 180 1
87 182 1
87 183 1
87 187 1
87 192 1
87 194 1
87 196 1
87 197 1
88 90 1
88 92 1
88 101 1
88 104 1
88 107 1
88 110 1
88 111 1
88 113 1
88 115 1
88 116 1
88 117 1
88 119 1
88 129 1
88 136 1
88 137 1
88 138 1
88 144 1
88 147 1
88 149 1
88 152 1
88 153 1
88 154 1
88 156 1
88 157 1
88 158 1
88 159 1
88 164 1
88 166 1
88 167 1
88 175 1
88 177 1
88 182 1
88 183 1
88 185 1
88 192 1
88 194 1
88 195 1
88 197 1
89 92 1
89 96 1
89 101 1
89 103 1
89 104 1
89 106 1
89 107 1
89 111 1
89 112 1
89 113 1
89 114 1
89 115 1
89 119 1
89 123 1
89 124 1
89 128 1
89 129 1
89 136 1
89 137 1
89 144 1
89 145 1
89 153 1
89 154 1
89 158 1
89 159 1
89 162 1
89 164 1
89 174 1
89 175 1
89 182 1
89 186 1
89 187 1
89 189 1
89 195 1
89 196 1
89 197 1
90 94 1
90 99 1
90 103 1
90 105 1
90 106 1
90 110 1
90 117 1
90 118 1
90 122 1
90 123 1
90 126 1
90 128 1
90 131 1
90 134 1
90 139 1
90 142 1
90 151 1
90 152 1
90 160 1
90 161 1
90 163 1
90 170 1
90 171 1
90 172 1
90 176 1
90 181 1
90 184 1
90 185 1
90 188 1
90 190 1
90 193 1
91 94 1
91 98 1
91 108 1
91 110 1
91 111 1
91 116 1
91 118 1
91 122 1
91 123 1
91 131 1
91 133 1
91 139 1
91 140 1
91 142 1
91 148 1
91 151 1
91 152 1
91 153 1
91 156 1
91 160 1
91 163 1
91 168 1
91 170 1
91 173 1
91 174 1
91 178 1
91 185 1
91 190 1
91 191 1
91 198 1
91 199 1
92 93 1
92 96 1
92 97 1
92 105 1
92 106 1
92 107 1
92 108 1
92 109 1
92 123 1
92 131 1
92 133 1
92 134 1
92 135 1
92 140 1
92 155 1
92 156 1
92 161 1
92 168 1
92 170 1
92 171 1
92 172 1
92 175 1
92 185 1
92 190 1
92 191 1
92 197 1
93 96 1
93 99 1
93 100 1
93 101 1
93 104 1
93 107 1
93 112 1
93 113 1
93 114 1
93 115 1
93 117 1
93 120 1
93 124 1
93 125 1
93 129 1
93 136 1
93 138 1
93 141 1
93 143 1
93 145 1
93 146 1
93 147 1
93 149 1
93 150 1
93 153 1
93 154 1
93 157 1
93 158 1
93 159 1
93 162 1
93 169 1
93 171 1
93 179 1
93 183 1
93 184 1
93 186 1
93 192 1
93 194 1
93 195 1
93 196 1
93 200 1
94 95 1
94 102 1
94 107 1
94 111 1
94 112 1
94 113 1
94 114 1
94 115 1
94 116 1
94 117 1
94 118 1
94 119 1
94 120 1
94 129 1
94 132 1
94 136 1
94 138 1
94 142 1
94 143 1
94 149 1
94 150 1
94 153 1
94 157 1
94 162 1
94 166 1
94 167 1
94 175 1
94 177 1
94 180 1
94 182 1
94 186 1
94 189 1
94 192 1
94 193 1
94 195 1
95 98 1
95 99 1
95 105 1
95 106 1
95 108 1
95 109 1
95 110 1
95 118 1
95 122 1
95 123 1
95 127 1
95 128 1
95 131 1
95 134 1
95 139 1
95 140 1
95 151 1
95 152 1
95 155 1
95 158 1
95 161 1
95 162 1
95 163 1
95 165 1
95 168 1
95 171 1
95 172 1
95 176 1
95 181 1
95 185 1
95 186 1
95 188 1
95 189 1
95 190 1
95 198 1
96 97 1
96 98 1
96 106 1
96 107 1
96 108 1
96 109 1
96 110 1
96 122 1
96 123 1
96 127 1
96 140 1
96 142 1
96 146 1
96 148 1
96 151 1
96 152 1
96 168 1
96 170 1
96 171 1
96 172 1
96 175 1
96 178 1
96 188 1
96 190 1
96 197 1
96 198 1
96 199 1
97 104 1
97 107 1
97 111 1
97 112 1
97 113 1
97 114 1
97 117 1
97 120 1
97 124 1
97 125 1
97 129 1
97 132 1
97 136 1
97 145 1
97 147 1
97 157 1
97 158 1
97 162 1
97 163 1
97 164 1
97 167 1
97 169 1
97 177 1
97 179 1
97 180 1
97 182 1
97 183 1
97 184 1
97 187 1
97 189 1
97 193 1
97 194 1
97 195 1
97 196 1
97 199 1
98 100 1
98 102 1
98 103 1
98 104 1
98 105 1
98 107 1
98 108 1
98 109 1
98 112 1
98 113 1
98 115 1
98 116 1
98 117 1
98 119 1
98 120 1
98 125 1
98 129 1
98 135 1
98 144 1
98 145 1
98 147 1
98 153 1
98 154 1
98 159 1
98 162 1
98 164 1
98 169 1
98 174 1
98 180 1
98 187 1
98 191 1
98 192 1
98 193 1
98 194 1
98 195 1
98 197 1
98 200 1
99 101 1
99 102 1
99 104 1
99 107 1
99 113 1
99 114 1
99 116 1
99 117 1
99 125 1
99 138 1
99 143 1
99 145 1
99 146 1
99 150 1
99 157 1
99 159 1
99 164 1
99 167 1
99 169 1
99 171 1
99 177 1
99 182 1
99 183 1
99 187 1
99 189 1
99 192 1
99 194 1
99 196 1
100 106 1
100 108 1
100 110 1
100 114 1
100 121 1
100 122 1
100 123 1
100 130 1
100 131 1
100 134 1
100 140 1
100 152 1
100 160 1
100 163 1
100 165 1
100 166 1
100 170 1
100 173 1
100 176 1
100 178 1
100 185 1
100 188 1
100 191 1
100 198 1
100 199 1
101 104 1
101 105 1
101 106 1
101 108 1
101 109 1
101 110 1
101 115 1
101 118 1
101 121 1
101 122 1
101 126 1
101 127 1
101 130 1
101 133 1
101 134 1
101 139 1
101 140 1
101 143 1
101 146 1
101 151 1
101 155 1
101 156 1
101 170 1
101 178 1
101 181 1
101 185 1
101 190 1
101 199 1
101 200 1
102 105 1
102 108 1
102 109 1
102 118 1
102 120 1
102 121 1
102 122 1
102 127 1
102 130 1
102 133 1
102 139 1
102 142 1
102 146 1
102 148 1
102 152 1
102 155 1
102 156 1
102 157 1
102 159 1
102 163 1
102 168 1
102 170 1
102 171 1
102 172 1
102 173 1
102 176 1
102 187 1
102 188 1
103 105 1
103 106 1
103 108 1
103 117 1
103 130 1
103 133 1
103 134 1
103 139 1
103 140 1
103 146 1
103 151 1
103 152 1
103 155 1
103 160 1
103 161 1
103 163 1
103 165 1
103 170 1
103 172 1
103 176 1
103 178 1
103 184 1
103 188 1
103 191 1
103 193 1
103 198 1
104 108 1
104 110 1
104 115 1
104 121 1
104 123 1
104 126 1
104 127 1
104 128 1
104 130 1
104 133 1
104 142 1
104 143 1
104 148 1
104 151 1
104 155 1
104 156 1
104 160 1
104 165 1
104 171 1
104 172 1
104 176 1
104 178 1
104 190 1
104 199 1
104 200 1
105 107 1
105 108 1
105 109 1
105 111 1
105 112 1
105 114 1
105 116 1
105 117 1
105 119 1
105 125 1
105 129 1
105 135 1
105 144 1
105 149 1
105 150 1
105 153 1
105 158 1
105 162 1
105 167 1
105 177 1
105 182 1
105 183 1
105 184 1
105 191 1
105 192 1
105 193 1
106 111 1
106 114 1
106 115 1
106 119 1
106 123 1
106 124 1
106 125 1
106 128 1
106 136 1
106 137 1
106 141 1
106 143 1
106 145 1
106 150 1
106 153 1
106 158 1
106 162 1
106 166 1
106 167 1
106 169 1
106 174 1
106 175 1
106 179 1
106 180 1
106 182 1
106 183 1
106 186 1
106 187 1
106 189 1
106 193 1
106 194 1
106 195 1
106 196 1
106 197 1
106 200 1
107 108 1
107 109 1
107 110 1
107 121 1
107 123 1
107 126 1
107 128 1
107 130 1
107 131 1
107 133 1
107 134 1
107 135 1
107 152 1
107 155 1
107 160 1
107 161 1
107 170 1
107 171 1
107 172 1
107 173 1
107 175 1
107 176 1
107 181 1
107 188 1
107 190 1
107 191 1
107 197 1
107 198 1
107 199 1
108 109 1
108 111 1
108 115 1
108 119 1
108 120 1
108 124 1
108 135 1
108 137 1
108 138 1
108 141 1
108 143 1
108 149 1
108 150 1
108 153 1
108 154 1
108 157 1
108 162 1
108 166 1
108 167 1
108 169 1
108 175 1
108 177 1
108 180 1
108 182 1
108 183 1
108 184 1
108 186 1
108 187 1
108 191 1
108 192 1
108 195 1
108 197 1
109 112 1
109 113 1
109 114 1
109 117 1
109 120 1
109 124 1
109 125 1
109 129 1
109 132 1
109 135 1
109 136 1
109 138 1
109 147 1
109 154 1
109 157 1
109 158 1
109 159 1
109 167 1
109 174 1
109 177 1
109 180 1
109 182 1
109 184 1
109 186 1
109 191 1
110 111 1
110 112 1
110 113 1
110 115 1
110 116 1
110 119 1
110 124 1
110 129 1
110 136 1
110 137 1
110 138 1
110 143 1
110 144 1
110 145 1
110 147 1
110 150 1
110 152 1
110 153 1
110 154 1
110 156 1
110 157 1
110 166 1
110 167 1
110 174 1
110 175 1
110 179 1
110 180 1
110 183 1
110 184 1
110 185 1
110 186 1
110 187 1
110 189 1
110 192 1
110 193 1
110 196 1
110 197 1
111 116 1
111 121 1
111 122 1
111 126 1
111 127 1
111 130 1
111 133 1
111 134 1
111 135 1
111 139 1
111 146 1
111 151 1
111 153 1
111 165 1
111 170 1
111 173 1
111 174 1
111 178 1
111 181 1
111 185 1
111 191 1
111 198 1
111 199 1
112 118 1
112 122 1
112 123 1
112 127 1
112 133 1
112 136 1
112 142 1
112 144 1
112 148 1
112 151 1
112 152 1
112 155 1
112 161 1
112 163 1
112 165 1
112 169 1
112 170 1
112 171 1
112 172 1
112 173 1
112 176 1
112 190 1
112 195 1
112 198 1
113 121 1
113 122 1
113 123 1
113 126 1
113 127 1
113 130 1
113 131 1
113 133 1
113 142 1
113 152 1
113 160 1
113 163 1
113 165 1
113 168 1
113 170 1
113 172 1
113 176 1
113 178 1
113 188 1
113 192 1
113 194 1
113 199 1
114 118 1
114 121 1
114 122 1
114 134 1
114 135 1
114 139 1
114 142 1
114 146 1
114 148 1
114 152 1
114 155 1
114 156 1
114 160 1
114 161 1
114 163 1
114 166 1
114 168 1
114 170 1
114 171 1
114 172 1
114 173 1
114 181 1
114 185 1
114 188 1
115 118 1
115 122 1
115 126 1
115 127 1
115 128 1
115 131 1
115 135 1
115 139 1
115 142 1
115 143 1
115 146 1
115 151 1
115 152 1
115 155 1
115 160 1
115 163 1
115 165 1
115 170 1
115 171 1
115 172 1
115 181 1
115 185 1
115 188 1
115 200 1
116 118 1
116 123 1
116 128 1
116 131 1
116 134 1
116 135 1
116 139 1
116 146 1
116 152 1
116 153 1
116 155 1
116 156 1
116 161 1
116 163 1
116 165 1
116 168 1
116 170 1
116 172 1
116 173 1
116 174 1
116 176 1
116 178 1
116 185 1
116 188 1
116 191 1
116 198 1
117 118 1
117 121 1
117 122 1
117 123 1
117 127 1
117 131 1
117 133 1
117 134 1
117 135 1
117 146 1
117 152 1
117 155 1
117 156 1
117 163 1
117 165 1
117 170 1
117 172 1
117 173 1
117 181 1
117 184 1
117 185 1
117 188 1
117 191 1
117 193 1
117 199 1
118 124 1
118 125 1
118 129 1
118 132 1
118 137 1
118 141 1
118 142 1
118 145 1
118 149 1
118 154 1
118 157 1
118 159 1
118 169 1
118 174 1
118 175 1
118 177 1
118 184 1
118 189 1
118 193 1
118 194 1
118 197 1
119 121 1
119 122 1
119 123 1
119 128 1
119 130 1
119 131 1
119 132 1
119 135 1
119 145 1
119 146 1
119 148 1
119 151 1
119 152 1
119 156 1
119 163 1
119 165 1
119 170 1
119 171 1
119 172 1
119 176 1
119 180 1
119 188 1
119 198 1
119 199 1
120 121 1
120 128 1
120 130 1
120 131 1
120 133 1
120 135 1
120 142 1
120 146 1
120 148 1
120 155 1
120 157 1
120 159 1
120 160 1
120 165 1
120 170 1
120 171 1
120 172 1
120 178 1
120 187 1
120 191 1
120 198 1
121 125 1
121 137 1
121 138 1
121 141 1
121 143 1
121 144 1
121 145 1
121 147 1
121 149 1
121 150 1
121 153 1
121 159 1
121 164 1
121 166 1
121 167 1
121 168 1
121 173 1
121 175 1
121 177 1
121 182 1
121 186 1
121 189 1
121 190 1
121 192 1
121 194 1
121 197 1
122 125 1
122 129 1
122 132 1
122 133 1
122 136 1
122 143 1
122 144 1
122 145 1
122 147 1
122 149 1
122 153 1
122 155 1
122 157 1
122 161 1
122 162 1
122 164 1
122 167 1
122 169 1
122 174 1
122 175 1
122 180 1
122 182 1
122 183 1
122 184 1
122 186 1
122 188 1
122 189 1
122 195 1
122 196 1
122 197 1
122 200 1
123 124 1
123 125 1
123 128 1
123 132 1
123 143 1
123 144 1
123 153 1
123 158 1
123 159 1
123 162 1
123 164 1
123 174 1
123 177 1
123 184 1
123 186 1
123 192 1
123 194 1
123 197 1
123 200 1
124 126 1
124 127 1
124 128 1
124 131 1
124 133 1
124 135 1
124 138 1
124 140 1
124 142 1
124 146 1
124 151 1
124 152 1
124 161 1
124 164 1
124 165 1
124 167 1
124 168 1
124 170 1
124 172 1
124 176 1
124 178 1
124 179 1
124 181 1
124 183 1
124 198 1
124 199 1
125 127 1
125 128 1
125 130 1
125 131 1
125 133 1
125 135 1
125 137 1
125 139 1
125 140 1
125 146 1
125 150 1
125 151 1
125 152 1
125 155 1
125 156 1
125 163 1
125 165 1
125 170 1
125 171 1
125 190 1
125 191 1
125 199 1
126 127 1
126 129 1
126 136 1
126 138 1
126 141 1
126 143 1
126 147 1
126 150 1
126 151 1
126 154 1
126 158 1
126 162 1
126 172 1
126 174 1
126 177 1
126 180 1
126 182 1
126 183 1
126 186 1
126 189 1
126 192 1
126 193 1
126 195 1
126 196 1
126 197 1
126 200 1
127 132 1
127 138 1
127 141 1
127 145 1
127 147 1
127 149 1
127 150 1
127 151 1
127 153 1
127 158 1
127 159 1
127 162 1
127 166 1
127 172 1
127 177 1
127 180 1
127 183 1
127 186 1
127 189 1
127 192 1
127 195 1
127 196 1
127 197 1
127 200 1
128 129 1
128 136 1
128 138 1
128 141 1
128 143 1
128 147 1
128 153 1
128 157 1
128 158 1
128 159 1
128 164 1
128 166 1
128 167 1
128 169 1
128 174 1
128 175 1
128 177 1
128 182 1
128 183 1
128 184 1
128 186 1
128 187 1
128 192 1
128 193 1
128 194 1
128 196 1
128 200 1
129 133 1
129 140 1
129 141 1
129 147 1
129 149 1
129 152 1
129 156 1
129 160 1
129 161 1
129 163 1
129 165 1
129 171 1
129 172 1
129 173 1
129 176 1
129 181 1
129 182 1
129 190 1
129 191 1
129 198 1
129 199 1
130 134 1
130 136 1
130 137 1
130 138 1
130 139 1
130 141 1
130 143 1
130 144 1
130 145 1
130 149 1
130 150 1
130 153 1
130 162 1
130 164 1
130 166 1
130 174 1
130 177 1
130 179 1
130 180 1
130 182 1
130 183 1
130 184 1
130 187 1
130 193 1
130 196 1
130 197 1
131 132 1
131 137 1
131 143 1
131 144 1
131 147 1
131 153 1
131 154 1
131 159 1
131 162 1
131 169 1
131 177 1
131 182 1
131 184 1
131 186 1
131 189 1
131 192 1
131 194 1
131 195 1
131 197 1
132 139 1
132 140 1
132 145 1
132 146 1
132 148 1
132 151 1
132 152 1
132 156 1
132 160 1
132 161 1
132 163 1
132 165 1
132 168 1
132 170 1
132 171 1
132 172 1
132 176 1
132 180 1
132 181 1
132 188 1
132 190 1
132 191 1
133 136 1
133 141 1
133 143 1
133 145 1
133 147 1
133 150 1
133 154 1
133 155 1
133 157 1
133 158 1
133 161 1
133 164 1
133 166 1
133 174 1
133 179 1
133 182 1
133 183 1
133 188 1
133 189 1
133 193 1
133 195 1
133 196 1
134 136 1
134 137 1
134 138 1
134 139 1
134 141 1
134 143 1
134 145 1
134 150 1
134 157 1
134 167 1
134 175 1
134 177 1
134 179 1
134 184 1
134 186 1
134 187 1
134 189 1
134 192 1
134 196 1
134 197 1
134 200 1
135 137 1
135 138 1
135 141 1
135 144 1
135 145 1
135 154 1
135 157 1
135 158 1
135 159 1
135 162 1
135 164 1
135 166 1
135 169 1
135 175 1
135 177 1
135 179 1
135 182 1
135 184 1
135 186 1
135 187 1
135 189 1
135 191 1
135 192 1
135 193 1
135 197 1
136 144 1
136 148 1
136 155 1
136 165 1
136 168 1
136 169 1
136 170 1
136 173 1
136 178 1
136 185 1
136 188 1
136 195 1
136 198 1
137 139 1
137 140 1
137 142 1
137 148 1
137 150 1
137 152 1
137 155 1
137 156 1
137 160 1
137 163 1
137 168 1
137 172 1
137 181 1
138 139 1
138 148 1
138 151 1
138 155 1
138 156 1
138 164 1
138 167 1
138 173 1
138 179 1
138 181 1
138 183 1
138 185 1
138 188 1
138 191 1
138 198 1
138 199 1
139 141 1
139 143 1
139 144 1
139 145 1
139 150 1
139 153 1
139 159 1
139 167 1
139 169 1
139 175 1
139 184 1
139 186 1
139 187 1
139 189 1
139 192 1
139 193 1
140 141 1
140 144 1
140 145 1
140 147 1
140 150 1
140 153 1
140 154 1
140 157 1
140 167 1
140 169 1
140 175 1
140 177 1
140 180 1
140 182 1
140 183 1
140 184 1
140 186 1
140 189 1
140 193 1
140 194 1
140 195 1
140 196 1
141 147 1
141 148 1
141 149 1
141 151 1
141 155 1
141 156 1
141 173 1
141 181 1
141 182 1
141 188 1
141 191 1
141 198 1
141 199 1
142 143 1
142 144 1
142 145 1
142 153 1
142 158 1
142 159 1
142 162 1
142 164 1
142 169 1
142 174 1
142 179 1
142 180 1
142 182 1
142 183 1
142 184 1
142 186 1
142 187 1
142 189 1
142 193 1
142 194 1
142 195 1
142 197 1
142 200 1
143 146 1
143 148 1
143 151 1
143 152 1
143 160 1
143 161 1
143 170 1
143 171 1
143 172 1
143 173 1
143 176 1
143 178 1
143 185 1
143 190 1
143 198 1
143 200 1
144 148 1
144 151 1
144 155 1
144 156 1
144 160 1
144 161 1
144 165 1
144 168 1
144 169 1
144 170 1
144 171 1
144 172 1
144 173 1
144 176 1
144 181 1
144 188 1
144 195 1
145 148 1
145 152 1
145 155 1
145 160 1
145 168 1
145 170 1
145 171 1
145 172 1
145 176 1
145 178 1
145 180 1
145 185 1
145 190 1
145 191 1
146 147 1
146 149 1
146 150 1
146 154 1
146 158 1
146 159 1
146 166 1
146 169 1
146 171 1
146 175 1
146 182 1
146 186 1
146 187 1
146 189 1
146 192 1
146 193 1
146 196 1
146 200 1
147 148 1
147 149 1
147 151 1
147 152 1
147 160 1
147 161 1
147 163 1
147 165 1
147 168 1
147 173 1
147 176 1
147 181 1
147 182 1
147 185 1
147 198 1
147 199 1
148 149 1
148 153 1
148 157 1
148 158 1
148 162 1
148 166 1
148 167 1
148 169 1
148 174 1
148 176 1
148 177 1
148 178 1
148 179 1
148 186 1
148 189 1
148 192 1
148 194 1
148 196 1
148 198 1
149 152 1
149 155 1
149 160 1
149 161 1
149 163 1
149 165 1
149 168 1
149 170 1
149 172 1
149 173 1
149 176 1
149 178 1
149 182 1
149 185 1
149 188 1
149 191 1
149 198 1
150 151 1
150 156 1
150 165 1
150 168 1
150 170 1
150 173 1
150 178 1
150 181 1
150 185 1
150 188 1
150 198 1
150 199 1
151 153 1
151 154 1
151 157 1
151 164 1
151 166 1
151 167 1
151 172 1
151 174 1
151 177 1
151 179 1
151 182 1
151 184 1
151 186 1
151 189 1
151 192 1
151 195 1
151 196 1
151 200 1
152 153 1
152 156 1
152 158 1
152 162 1
152 164 1
152 166 1
152 169 1
152 174 1
152 177 1
152 182 1
152 184 1
152 185 1
152 186 1
152 187 1
152 193 1
152 194 1
152 195 1
152 200 1
153 155 1
153 156 1
153 161 1
153 163 1
153 165 1
153 168 1
153 170 1
153 171 1
153 172 1
153 174 1
153 176 1
153 181 1
153 185 1
153 190 1
154 155 1
154 163 1
154 168 1
154 170 1
154 171 1
154 172 1
154 185 1
154 190 1
154 196 1
155 161 1
155 164 1
155 166 1
155 169 1
155 175 1
155 177 1
155 183 1
155 184 1
155 186 1
155 188 1
155 193 1
155 195 1
155 196 1
155 197 1
155 200 1
156 158 1
156 159 1
156 164 1
156 166 1
156 169 1
156 175 1
156 182 1
156 185 1
156 187 1
156 195 1
157 159 1
157 168 1
157 170 1
157 173 1
157 178 1
157 187 1
157 190 1
157 191 1
157 198 1
158 162 1
158 165 1
158 168 1
158 171 1
158 176 1
158 178 1
158 186 1
158 188 1
158 189 1
158 190 1
158 191 1
158 198 1
158 199 1
159 170 1
159 172 1
159 173 1
159 181 1
159 187 1
159 190 1
159 191 1
160 164 1
160 166 1
160 167 1
160 174 1
160 177 1
160 179 1
160 181 1
160 182 1
160 183 1
160 184 1
160 186 1
160 192 1
160 193 1
160 200 1
161 162 1
161 164 1
161 167 1
161 174 1
161 177 1
161 180 1
161 182 1
161 183 1
161 184 1
161 188 1
161 189 1
161 193 1
161 194 1
161 195 1
161 197 1
161 200 1
162 163 1
162 171 1
162 172 1
162 173 1
162 176 1
162 181 1
162 186 1
162 188 1
162 189 1
162 191 1
162 198 1
163 166 1
163 167 1
163 174 1
163 177 1
163 179 1
163 182 1
163 183 1
163 184 1
163 186 1
163 187 1
163 189 1
163 193 1
163 195 1
163 199 1
163 200 1
164 167 1
164 168 1
164 171 1
164 173 1
164 176 1
164 179 1
164 181 1
164 183 1
164 185 1
164 188 1
165 166 1
165 167 1
165 170 1
165 179 1
165 180 1
165 182 1
165 183 1
165 184 1
165 187 1
165 193 1
165 195 1
165 196 1
165 197 1
165 200 1
166 168 1
166 170 1
166 171 1
166 172 1
166 173 1
166 176 1
166 178 1
166 181 1
166 188 1
166 190 1
166 191 1
166 199 1
167 168 1
167 172 1
167 176 1
167 179 1
167 183 1
167 185 1
167 188 1
167 191 1
167 198 1
168 169 1
168 173 1
168 175 1
168 180 1
168 183 1
168 186 1
168 187 1
168 189 1
168 190 1
168 192 1
168 197 1
169 170 1
169 172 1
169 178 1
169 185 1
169 190 1
169 195 1
170 174 1
170 175 1
170 186 1
170 187 1
170 189 1
170 195 1
170 200 1
171 174 1
171 177 1
171 183 1
171 186 1
171 187 1
171 192 1
171 193 1
171 200 1
172 174 1
172 179 1
172 182 1
172 183 1
172 184 1
172 187 1
172 189 1
172 193 1
172 194 1
172 195 1
172 200 1
173 174 1
173 175 1
173 177 1
173 183 1
173 184 1
173 186 1
173 187 1
173 190 1
173 194 1
173 195 1
173 196 1
173 200 1
174 176 1
174 181 1
174 185 1
174 190 1
174 191 1
174 198 1
175 178 1
175 185 1
175 188 1
175 191 1
175 197 1
175 198 1
176 178 1
176 179 1
176 180 1
176 183 1
176 186 1
176 187 1
176 189 1
176 192 1
176 193 1
176 194 1
176 195 1
176 197 1
176 198 1
176 200 1
177 188 1
177 190 1
177 191 1
178 179 1
178 182 1
178 186 1
178 189 1
178 192 1
178 195 1
178 196 1
178 197 1
178 198 1
178 200 1
179 183 1
179 185 1
179 188 1
179 198 1
180 185 1
180 191 1
180 198 1
180 199 1
181 182 1
181 183 1
181 184 1
181 186 1
181 187 1
181 189 1
181 192 1
181 194 1
181 195 1
181 196 1
181 200 1
182 198 1
182 199 1
183 185 1
183 198 1
183 199 1
184 185 1
184 188 1
184 190 1
184 191 1
184 193 1
184 199 1
185 186 1
185 189 1
185 195 1
185 196 1
186 189 1
186 191 1
186 198 1
186 199 1
187 188 1
187 191 1
187 198 1
188 193 1
188 194 1
188 196 1
188 200 1
189 190 1
189 191 1
189 199 1
190 192 1
190 195 1
190 196 1
190 200 1
192 194 1
192 199 1
193 198 1
194 199 1
195 198 1
196 199 1
198 200 1
199 200 1
