200 5970
1 5 1
1 7 1
1 9 1
1 22 1
1 26 1
1 31 1
1 33 1
1 35 1
1 37 1
1 38 1
1 41 1
1 50 1
1 53 1
1 62 1
1 65 1
1 78 1
1 82 1
1 86 1
1 87 1
1 90 1
1 91 1
1 95 1
1 98 1
1 101 1
1 102 1
1 106 1
1 107 1
1 113 1
1 117 1
1 119 1
1 125 1
1 126 1
1 127 1
1 136 1
1 137 1
1 142 1
1 143 1
1 144 1
1 145 1
1 152 1
1 153 1
1 158 1
1 159 1
1 166 1
1 167 1
1 168 1
1 174 1
1 176 1
1 178 1
1 180 1
1 182 1
1 183 1
1 184 1
1 190 1
1 192 1
1 193 1
1 195 1
1 199 1
2 16 1
2 17 1
2 19 1
2 26 1
2 33 1
2 34 1
2 43 1
2 50 1
2 56 1
2 62 1
2 74 1
2 78 1
2 86 1
2 90 1
2 94 1
2 95 1
2 102 1
2 105 1
2 108 1
2 111 1
2 113 1
2 118 1
2 126 1
2 129 1
2 142 1
2 144 1
2 158 1
2 166 1
2 168 1
2 173 1
2 175 1
2 179 1
2 192 1
2 199 1
2 200 1
3 7 1
3 15 1
3 22 1
3 25 1
3 26 1
3 33 1
3 37 1
3 41 1
3 45 1
3 48 1
3 49 1
3 57 1
3 60 1
3 62 1
3 65 1
3 67 1
3 69 1
3 74 1
3 91 1
3 98 1
3 101 1
3 102 1
3 103 1
3 105 1
3 106 1
3 107 1
3 113 1
3 117 1
3 120 1
3 136 1
3 137 1
3 141 1
3 142 1
3 143 1
3 145 1
3 148 1
3 152 1
3 166 1
3 179 1
3 182 1
3 190 1
3 194 1
3 199 1
4 12 1
4 16 1
4 19 1
4 21 1
4 22 1
4 25 1
4 28 1
4 29 1
4 33 1
4 41 1
4 44 1
4 45 1
4 50 1
4 53 1
4 62 1
4 64 1
4 69 1
4 74 1
4 78 1
4 81 1
4 85 1
4 86 1
4 91 1
4 93 1
4 95 1
4 98 1
4 100 1
4 105 1
4 112 1
4 113 1
4 116 1
4 126 1
4 127 1
4 136 1
4 142 1
4 143 1
4 144 1
4 145 1
4 158 1
4 163 1
4 167 1
4 168 1
4 170 1
4 172 1
4 173 1
4 175 1
4 177 1
4 182 1
4 183 1
4 186 1
4 190 1
4 195 1
5 8 1
5 9 1
5 10 1
5 11 1
5 15 1
5 18 1
5 20 1
5 21 1
5 24 1
5 28 1
5 29 1
5 30 1
5 33 1
5 36 1
5 42 1
5 43 1
5 47 1
5 48 1
5 49 1
5 51 1
5 56 1
5 57 1
5 62 1
5 63 1
5 65 1
5 66 1
5 67 1
5 68 1
5 69 1
5 70 1
5 71 1
5 73 1
5 75 1
5 77 1
5 79 1
5 85 1
5 87 1
5 88 1
5 89 1
5 92 1
5 94 1
5 96 1
5 97 1
5 99 1
5 100 1
5 104 1
5 108 1
5 109 1
5 112 1
5 115 1
5 119 1
5 121 1
5 123 1
5 124 1
5 127 1
5 129 1
5 130 1
5 131 1
5 132 1
5 134 1
5 138 1
5 147 1
5 149 1
5 151 1
5 153 1
5 155 1
5 157 1
5 159 1
5 161 1
5 162 1
5 164 1
5 166 1
5 170 1
5 171 1
5 179 1
5 183 1
5 184 1
5 186 1
5 187 1
5 189 1
5 191 1
5 200 1
6 7 1
6 10 1
6 14 1
6 19 1
6 25 1
6 27 1
6 28 1
6 33 1
6 38 1
6 39 1
6 41 1
6 42 1
6 45 1
6 53 1
6 59 1
6 62 1
6 65 1
6 69 1
6 78 1
6 83 1
6 86 1
6 90 1
6 91 1
6 93 1
6 98 1
6 99 1
6 101 1
6 102 1
6 106 1
6 107 1
6 113 1
6 115 1
6 126 1
6 136 1
6 142 1
6 143 1
6 144 1
6 145 1
6 149 1
6 158 1
6 166 1
6 167 1
6 169 1
6 173 1
6 182 1
6 183 1
6 186 1
6 190 1
6 195 1
6 196 1
7 9 1
7 10 1
7 11 1
7 13 1
7 15 1
7 17 1
7 18 1
7 20 1
7 21 1
7 24 1
7 27 1
7 29 1
7 30 1
7 31 1
7 32 1
7 34 1
7 38 1
7 41 1
7 43 1
7 47 1
7 51 1
7 54 1
7 58 1
7 60 1
7 61 1
7 66 1
7 67 1
7 68 1
7 70 1
7 71 1
7 75 1
7 77 1
7 78 1
7 79 1
7 81 1
7 85 1
7 88 1
7 92 1
7 95 1
7 96 1
7 97 1
7 104 1
7 108 1
7 109 1
7 110 1
7 111 1
7 116 1
7 118 1
7 119 1
7 120 1
7 121 1
7 124 1
7 129 1
7 130 1
7 133 1
7 134 1
7 135 1
7 139 1
7 140 1
7 141 1
7 144 1
7 146 1
7 147 1
7 148 1
7 149 1
7 150 1
7 156 1
7 157 1
7 159 1
7 160 1
7 161 1
7 162 1
7 163 1
7 164 1
7 168 1
7 169 1
7 170 1
7 172 1
7 173 1
7 176 1
7 180 1
7 181 1
7 185 1
7 187 1
7 191 1
7 192 1
7 194 1
7 197 1
8 11 1
8 16 1
8 19 1
8 25 1
8 26 1
8 28 1
8 37 1
8 38 1
8 41 1
8 44 1
8 45 1
8 50 1
8 52 1
8 62 1
8 65 1
8 68 1
8 78 1
8 82 1
8 86 1
8 89 1
8 91 1
8 95 1
8 97 1
8 101 1
8 113 1
8 117 1
8 121 1
8 125 1
8 128 1
8 136 1
8 137 1
8 138 1
8 140 1
8 144 1
8 145 1
8 152 1
8 166 1
8 173 1
8 176 1
8 177 1
8 179 1
8 182 1
8 183 1
8 190 1
8 192 1
8 195 1
8 198 1
8 199 1
9 14 1
9 22 1
9 26 1
9 31 1
9 35 1
9 37 1
9 38 1
9 44 1
9 45 1
9 50 1
9 53 1
9 59 1
9 64 1
9 65 1
9 69 1
9 74 1
9 82 1
9 86 1
9 87 1
9 93 1
9 98 1
9 101 1
9 102 1
9 105 1
9 107 1
9 113 1
9 117 1
9 119 1
9 126 1
9 127 1
9 136 1
9 137 1
9 142 1
9 143 1
9 144 1
9 145 1
9 152 1
9 153 1
9 159 1
9 166 1
9 173 1
9 174 1
9 176 1
9 178 1
9 179 1
9 180 1
9 182 1
9 183 1
9 184 1
9 186 1
9 190 1
9 193 1
10 14 1
10 16 1
10 25 1
10 26 1
10 27 1
10 28 1
10 33 1
10 38 1
10 39 1
10 41 1
10 42 1
10 53 1
10 62 1
10 64 1
10 69 1
10 78 1
10 83 1
10 86 1
10 91 1
10 98 1
10 99 1
10 101 1
10 102 1
10 105 1
10 113 1
10 115 1
10 137 1
10 143 1
10 144 1
10 148 1
10 149 1
10 152 1
10 158 1
10 166 1
10 167 1
10 168 1
10 169 1
10 173 1
10 178 1
10 179 1
10 183 1
10 192 1
10 196 1
11 16 1
11 19 1
11 26 1
11 33 1
11 41 1
11 45 1
11 52 1
11 68 1
11 82 1
11 86 1
11 89 1
11 90 1
11 91 1
11 93 1
11 95 1
11 97 1
11 101 1
11 102 1
11 105 1
11 106 1
11 107 1
11 113 1
11 117 1
11 121 1
11 125 1
11 126 1
11 127 1
11 128 1
11 136 1
11 138 1
11 140 1
11 142 1
11 143 1
11 145 1
11 148 1
11 167 1
11 168 1
11 176 1
11 182 1
11 190 1
11 198 1
11 199 1
12 14 1
12 21 1
12 22 1
12 25 1
12 26 1
12 28 1
12 29 1
12 33 1
12 37 1
12 45 1
12 50 1
12 62 1
12 64 1
12 69 1
12 74 1
12 78 1
12 81 1
12 85 1
12 86 1
12 90 1
12 91 1
12 100 1
12 101 1
12 102 1
12 105 1
12 106 1
12 112 1
12 113 1
12 116 1
12 125 1
12 142 1
12 143 1
12 144 1
12 152 1
12 163 1
12 168 1
12 170 1
12 172 1
12 173 1
12 177 1
12 179 1
12 182 1
12 183 1
12 186 1
12 190 1
12 199 1
13 16 1
13 28 1
13 33 1
13 38 1
13 41 1
13 45 1
13 50 1
13 61 1
13 62 1
13 65 1
13 66 1
13 72 1
13 74 1
13 78 1
13 79 1
13 84 1
13 86 1
13 90 1
13 91 1
13 92 1
13 95 1
13 98 1
13 101 1
13 102 1
13 105 1
13 113 1
13 125 1
13 126 1
13 127 1
13 131 1
13 136 1
13 137 1
13 142 1
13 145 1
13 152 1
13 156 1
13 161 1
13 167 1
13 178 1
13 186 1
13 189 1
14 15 1
14 18 1
14 20 1
14 23 1
14 24 1
14 29 1
14 31 1
14 32 1
14 35 1
14 46 1
14 49 1
14 52 1
14 54 1
14 55 1
14 57 1
14 59 1
14 66 1
14 71 1
14 76 1
14 79 1
14 80 1
14 84 1
14 87 1
14 89 1
14 90 1
14 91 1
14 92 1
14 94 1
14 96 1
14 97 1
14 98 1
14 101 1
14 104 1
14 110 1
14 111 1
14 112 1
14 113 1
14 115 1
14 116 1
14 118 1
14 120 1
14 122 1
14 123 1
14 124 1
14 128 1
14 130 1
14 131 1
14 132 1
14 133 1
14 134 1
14 135 1
14 137 1
14 139 1
14 140 1
14 146 1
14 150 1
14 152 1
14 155 1
14 157 1
14 159 1
14 160 1
14 161 1
14 162 1
14 163 1
14 165 1
14 167 1
14 169 1
14 174 1
14 180 1
14 185 1
14 193 1
14 198 1
14 199 1
15 19 1
15 22 1
15 28 1
15 41 1
15 44 1
15 48 1
15 49 1
15 50 1
15 53 1
15 57 1
15 60 1
15 62 1
15 64 1
15 65 1
15 67 1
15 74 1
15 86 1
15 90 1
15 91 1
15 93 1
15 98 1
15 101 1
15 102 1
15 103 1
15 105 1
15 106 1
15 107 1
15 120 1
15 125 1
15 126 1
15 127 1
15 137 1
15 141 1
15 142 1
15 152 1
15 158 1
15 173 1
15 175 1
15 176 1
15 182 1
15 190 1
15 194 1
15 195 1
16 22 1
16 23 1
16 24 1
16 30 1
16 32 1
16 34 1
16 35 1
16 36 1
16 37 1
16 39 1
16 40 1
16 42 1
16 43 1
16 46 1
16 47 1
16 48 1
16 51 1
16 55 1
16 57 1
16 58 1
16 60 1
16 61 1
16 63 1
16 64 1
16 66 1
16 68 1
16 72 1
16 75 1
16 76 1
16 77 1
16 82 1
16 83 1
16 85 1
16 87 1
16 88 1
16 89 1
16 92 1
16 96 1
16 97 1
16 100 1
16 103 1
16 104 1
16 106 1
16 109 1
16 112 1
16 114 1
16 115 1
16 118 1
16 119 1
16 121 1
16 122 1
16 124 1
16 129 1
16 130 1
16 133 1
16 134 1
16 135 1
16 145 1
16 146 1
16 149 1
16 150 1
16 151 1
16 154 1
16 157 1
16 158 1
16 159 1
16 160 1
16 163 1
16 165 1
16 169 1
16 170 1
16 171 1
16 172 1
16 174 1
16 177 1
16 180 1
16 182 1
16 184 1
16 188 1
16 189 1
16 190 1
16 191 1
16 196 1
16 197 1
17 22 1
17 28 1
17 34 1
17 37 1
17 38 1
17 41 1
17 43 1
17 44 1
17 45 1
17 50 1
17 53 1
17 56 1
17 59 1
17 62 1
17 65 1
17 69 1
17 82 1
17 86 1
17 91 1
17 94 1
17 98 1
17 101 1
17 108 1
17 111 1
17 117 1
17 118 1
17 125 1
17 129 1
17 144 1
17 145 1
17 152 1
17 158 1
17 166 1
17 168 1
17 173 1
17 175 1
17 178 1
17 179 1
17 183 1
17 186 1
17 192 1
17 195 1
17 199 1
17 200 1
18 19 1
18 22 1
18 23 1
18 24 1
18 28 1
18 30 1
18 33 1
18 36 1
18 38 1
18 41 1
18 53 1
18 62 1
18 65 1
18 69 1
18 71 1
18 73 1
18 82 1
18 93 1
18 98 1
18 101 1
18 106 1
18 107 1
18 125 1
18 126 1
18 127 1
18 130 1
18 134 1
18 136 1
18 137 1
18 142 1
18 143 1
18 144 1
18 145 1
18 148 1
18 152 1
18 173 1
18 176 1
18 185 1
18 186 1
18 187 1
18 192 1
18 195 1
19 20 1
19 21 1
19 23 1
19 24 1
19 25 1
19 27 1
19 29 1
19 34 1
19 35 1
19 36 1
19 40 1
19 42 1
19 43 1
19 44 1
19 47 1
19 49 1
19 50 1
19 51 1
19 52 1
19 53 1
19 54 1
19 67 1
19 68 1
19 71 1
19 75 1
19 77 1
19 81 1
19 84 1
19 85 1
19 92 1
19 94 1
19 97 1
19 99 1
19 100 1
19 102 1
19 104 1
19 105 1
19 108 1
19 111 1
19 115 1
19 116 1
19 117 1
19 120 1
19 121 1
19 122 1
19 129 1
19 132 1
19 133 1
19 134 1
19 138 1
19 139 1
19 140 1
19 141 1
19 142 1
19 143 1
19 146 1
19 149 1
19 150 1
19 153 1
19 154 1
19 157 1
19 159 1
19 162 1
19 163 1
19 164 1
19 169 1
19 170 1
19 171 1
19 172 1
19 180 1
19 187 1
19 191 1
19 194 1
19 195 1
19 196 1
19 198 1
20 22 1
20 25 1
20 26 1
20 32 1
20 33 1
20 38 1
20 41 1
20 45 1
20 50 1
20 51 1
20 53 1
20 59 1
20 62 1
20 64 1
20 65 1
20 69 1
20 74 1
20 77 1
20 82 1
20 91 1
20 93 1
20 102 1
20 104 1
20 105 1
20 107 1
20 114 1
20 117 1
20 125 1
20 126 1
20 133 1
20 135 1
20 137 1
20 143 1
20 146 1
20 148 1
20 152 1
20 154 1
20 158 1
20 167 1
20 168 1
20 173 1
20 175 1
20 179 1
20 182 1
20 191 1
20 195 1
20 199 1
21 22 1
21 25 1
21 28 1
21 29 1
21 37 1
21 41 1
21 45 1
21 50 1
21 53 1
21 59 1
21 69 1
21 74 1
21 78 1
21 81 1
21 82 1
21 85 1
21 90 1
21 91 1
21 95 1
21 100 1
21 101 1
21 102 1
21 106 1
21 107 1
21 112 1
21 116 1
21 117 1
21 125 1
21 127 1
21 136 1
21 142 1
21 143 1
21 145 1
21 148 1
21 152 1
21 158 1
21 163 1
21 166 1
21 170 1
21 172 1
21 178 1
21 179 1
21 182 1
21 183 1
21 190 1
21 192 1
21 195 1
21 199 1
22 23 1
22 27 1
22 30 1
22 31 1
22 37 1
22 39 1
22 40 1
22 42 1
22 46 1
22 49 1
22 51 1
22 52 1
22 54 1
22 55 1
22 56 1
22 60 1
22 64 1
22 66 1
22 68 1
22 70 1
22 73 1
22 75 1
22 79 1
22 80 1
22 81 1
22 82 1
22 83 1
22 84 1
22 85 1
22 89 1
22 92 1
22 97 1
22 100 1
22 104 1
22 106 1
22 108 1
22 109 1
22 114 1
22 116 1
22 118 1
22 119 1
22 122 1
22 124 1
22 128 1
22 130 1
22 132 1
22 133 1
22 134 1
22 135 1
22 139 1
22 145 1
22 146 1
22 147 1
22 149 1
22 150 1
22 153 1
22 156 1
22 158 1
22 160 1
22 161 1
22 162 1
22 172 1
22 174 1
22 177 1
22 180 1
22 182 1
22 185 1
22 187 1
22 189 1
22 190 1
22 191 1
22 193 1
22 196 1
22 197 1
22 200 1
23 24 1
23 28 1
23 30 1
23 36 1
23 41 1
23 44 1
23 45 1
23 50 1
23 53 1
23 62 1
23 69 1
23 71 1
23 73 1
23 74 1
23 78 1
23 86 1
23 90 1
23 91 1
23 95 1
23 102 1
23 105 1
23 106 1
23 107 1
23 113 1
23 126 1
23 127 1
23 130 1
23 134 1
23 136 1
23 137 1
23 142 1
23 143 1
23 144 1
23 152 1
23 158 1
23 166 1
23 167 1
23 168 1
23 178 1
23 182 1
23 183 1
23 185 1
23 186 1
23 187 1
23 190 1
23 195 1
24 25 1
24 26 1
24 30 1
24 36 1
24 37 1
24 38 1
24 41 1
24 44 1
24 45 1
24 50 1
24 53 1
24 59 1
24 64 1
24 65 1
24 71 1
24 73 1
24 74 1
24 78 1
24 86 1
24 98 1
24 102 1
24 105 1
24 106 1
24 117 1
24 126 1
24 127 1
24 130 1
24 134 1
24 143 1
24 152 1
24 166 1
24 168 1
24 173 1
24 175 1
24 177 1
24 178 1
24 182 1
24 183 1
24 185 1
24 187 1
24 190 1
24 192 1
24 195 1
24 199 1
25 27 1
25 31 1
25 35 1
25 36 1
25 40 1
25 42 1
25 44 1
25 46 1
25 47 1
25 49 1
25 50 1
25 51 1
25 52 1
25 53 1
25 56 1
25 57 1
25 60 1
25 66 1
25 67 1
25 73 1
25 79 1
25 83 1
25 84 1
25 85 1
25 87 1
25 88 1
25 89 1
25 92 1
25 96 1
25 97 1
25 99 1
25 102 1
25 104 1
25 105 1
25 108 1
25 110 1
25 111 1
25 114 1
25 117 1
25 118 1
25 119 1
25 120 1
25 121 1
25 122 1
25 123 1
25 130 1
25 131 1
25 132 1
25 135 1
25 138 1
25 139 1
25 140 1
25 142 1
25 143 1
25 146 1
25 149 1
25 153 1
25 154 1
25 156 1
25 157 1
25 159 1
25 160 1
25 161 1
25 163 1
25 164 1
25 165 1
25 169 1
25 172 1
25 174 1
25 181 1
25 184 1
25 187 1
25 188 1
25 189 1
25 191 1
25 194 1
25 195 1
25 196 1
26 29 1
26 32 1
26 35 1
26 36 1
26 39 1
26 43 1
26 45 1
26 46 1
26 47 1
26 49 1
26 54 1
26 55 1
26 56 1
26 57 1
26 58 1
26 60 1
26 61 1
26 63 1
26 67 1
26 73 1
26 74 1
26 75 1
26 76 1
26 81 1
26 84 1
26 86 1
26 89 1
26 93 1
26 94 1
26 96 1
26 97 1
26 99 1
26 103 1
26 107 1
26 109 1
26 112 1
26 119 1
26 124 1
26 125 1
26 126 1
26 128 1
26 130 1
26 132 1
26 133 1
26 134 1
26 135 1
26 136 1
26 138 1
26 139 1
26 141 1
26 146 1
26 150 1
26 151 1
26 153 1
26 155 1
26 159 1
26 161 1
26 169 1
26 170 1
26 171 1
26 172 1
26 175 1
26 178 1
26 181 1
26 184 1
26 185 1
26 187 1
26 188 1
26 189 1
26 193 1
26 196 1
26 197 1
27 28 1
27 33 1
27 37 1
27 39 1
27 42 1
27 44 1
27 50 1
27 59 1
27 64 1
27 65 1
27 74 1
27 78 1
27 83 1
27 95 1
27 99 1
27 101 1
27 102 1
27 107 1
27 115 1
27 117 1
27 125 1
27 137 1
27 143 1
27 145 1
27 148 1
27 149 1
27 167 1
27 169 1
27 173 1
27 175 1
27 178 1
27 182 1
27 183 1
27 186 1
27 190 1
27 195 1
27 196 1
27 199 1
28 31 1
28 33 1
28 34 1
28 36 1
28 39 1
28 43 1
28 49 1
28 51 1
28 54 1
28 55 1
28 57 1
28 58 1
28 60 1
28 62 1
28 63 1
28 65 1
28 67 1
28 68 1
28 69 1
28 70 1
28 71 1
28 72 1
28 75 1
28 76 1
28 77 1
28 81 1
28 83 1
28 84 1
28 87 1
28 88 1
28 89 1
28 92 1
28 96 1
28 99 1
28 100 1
28 103 1
28 104 1
28 108 1
28 109 1
28 110 1
28 118 1
28 119 1
28 120 1
28 121 1
28 122 1
28 123 1
28 127 1
28 128 1
28 129 1
28 133 1
28 134 1
28 139 1
28 141 1
28 149 1
28 150 1
28 151 1
28 157 1
28 159 1
28 161 1
28 162 1
28 164 1
28 166 1
28 171 1
28 172 1
28 174 1
28 179 1
28 181 1
28 183 1
28 184 1
28 185 1
28 186 1
28 187 1
28 188 1
28 189 1
28 191 1
28 194 1
28 197 1
29 37 1
29 38 1
29 45 1
29 53 1
29 65 1
29 69 1
29 74 1
29 78 1
29 81 1
29 85 1
29 90 1
29 91 1
29 95 1
29 100 1
29 105 1
29 112 1
29 113 1
29 116 1
29 125 1
29 145 1
29 148 1
29 152 1
29 163 1
29 166 1
29 168 1
29 170 1
29 172 1
29 173 1
29 175 1
29 177 1
29 179 1
29 182 1
29 186 1
29 190 1
29 192 1
29 195 1
29 199 1
30 36 1
30 37 1
30 41 1
30 44 1
30 45 1
30 65 1
30 71 1
30 73 1
30 74 1
30 82 1
30 91 1
30 93 1
30 95 1
30 98 1
30 101 1
30 102 1
30 105 1
30 106 1
30 113 1
30 117 1
30 126 1
30 127 1
30 130 1
30 134 1
30 136 1
30 137 1
30 142 1
30 158 1
30 166 1
30 167 1
30 168 1
30 173 1
30 177 1
30 179 1
30 182 1
30 183 1
30 185 1
30 186 1
30 187 1
30 192 1
31 35 1
31 41 1
31 44 1
31 59 1
31 64 1
31 78 1
31 82 1
31 86 1
31 87 1
31 101 1
31 102 1
31 106 1
31 107 1
31 117 1
31 119 1
31 125 1
31 143 1
31 144 1
31 145 1
31 148 1
31 152 1
31 153 1
31 158 1
31 159 1
31 173 1
31 174 1
31 178 1
31 180 1
31 184 1
31 192 1
31 193 1
31 195 1
31 199 1
32 33 1
32 41 1
32 44 1
32 50 1
32 51 1
32 53 1
32 59 1
32 64 1
32 69 1
32 74 1
32 77 1
32 82 1
32 90 1
32 91 1
32 98 1
32 101 1
32 104 1
32 107 1
32 113 1
32 114 1
32 117 1
32 125 1
32 133 1
32 135 1
32 142 1
32 143 1
32 144 1
32 145 1
32 146 1
32 148 1
32 154 1
32 166 1
32 167 1
32 176 1
32 177 1
32 178 1
32 179 1
32 183 1
32 186 1
32 191 1
32 199 1
33 35 1
33 39 1
33 43 1
33 46 1
33 48 1
33 49 1
33 51 1
33 54 1
33 57 1
33 61 1
33 62 1
33 63 1
33 65 1
33 66 1
33 68 1
33 69 1
33 70 1
33 72 1
33 75 1
33 77 1
33 79 1
33 80 1
33 81 1
33 83 1
33 84 1
33 85 1
33 87 1
33 88 1
33 89 1
33 92 1
33 94 1
33 96 1
33 97 1
33 99 1
33 100 1
33 104 1
33 109 1
33 110 1
33 111 1
33 118 1
33 120 1
33 124 1
33 127 1
33 131 1
33 135 1
33 138 1
33 139 1
33 140 1
33 141 1
33 146 1
33 147 1
33 150 1
33 154 1
33 156 1
33 157 1
33 160 1
33 161 1
33 162 1
33 164 1
33 165 1
33 166 1
33 170 1
33 172 1
33 179 1
33 180 1
33 181 1
33 183 1
33 185 1
33 186 1
33 188 1
33 189 1
33 191 1
33 193 1
33 194 1
33 196 1
33 198 1
34 41 1
34 43 1
34 44 1
34 45 1
34 50 1
34 53 1
34 56 1
34 59 1
34 65 1
34 78 1
34 82 1
34 90 1
34 94 1
34 95 1
34 101 1
34 102 1
34 107 1
34 108 1
34 111 1
34 117 1
34 118 1
34 125 1
34 129 1
34 137 1
34 143 1
34 144 1
34 145 1
34 148 1
34 152 1
34 168 1
34 173 1
34 176 1
34 177 1
34 179 1
34 183 1
34 186 1
34 190 1
34 192 1
34 199 1
34 200 1
35 37 1
35 38 1
35 41 1
35 44 1
35 53 1
35 62 1
35 65 1
35 69 1
35 78 1
35 82 1
35 87 1
35 91 1
35 93 1
35 101 1
35 106 1
35 107 1
35 119 1
35 125 1
35 136 1
35 137 1
35 143 1
35 144 1
35 145 1
35 152 1
35 153 1
35 158 1
35 159 1
35 166 1
35 167 1
35 168 1
35 173 1
35 174 1
35 180 1
35 182 1
35 184 1
35 186 1
35 190 1
35 192 1
35 193 1
35 195 1
36 37 1
36 38 1
36 53 1
36 59 1
36 64 1
36 71 1
36 73 1
36 74 1
36 78 1
36 82 1
36 86 1
36 90 1
36 91 1
36 93 1
36 95 1
36 106 1
36 107 1
36 113 1
36 125 1
36 130 1
36 134 1
36 136 1
36 137 1
36 143 1
36 144 1
36 148 1
36 166 1
36 167 1
36 168 1
36 175 1
36 183 1
36 185 1
36 187 1
37 39 1
37 42 1
37 43 1
37 46 1
37 48 1
37 49 1
37 56 1
37 57 1
37 60 1
37 61 1
37 63 1
37 64 1
37 67 1
37 72 1
37 73 1
37 75 1
37 77 1
37 79 1
37 80 1
37 81 1
37 82 1
37 83 1
37 87 1
37 88 1
37 92 1
37 96 1
37 106 1
37 108 1
37 109 1
37 110 1
37 114 1
37 116 1
37 121 1
37 122 1
37 128 1
37 131 1
37 132 1
37 134 1
37 138 1
37 139 1
37 145 1
37 147 1
37 151 1
37 154 1
37 156 1
37 157 1
37 158 1
37 159 1
37 160 1
37 165 1
37 169 1
37 170 1
37 171 1
37 174 1
37 177 1
37 181 1
37 182 1
37 184 1
37 185 1
37 188 1
37 189 1
37 190 1
37 191 1
37 193 1
37 197 1
37 198 1
37 200 1
38 41 1
38 42 1
38 43 1
38 46 1
38 47 1
38 49 1
38 51 1
38 52 1
38 54 1
38 57 1
38 60 1
38 61 1
38 63 1
38 66 1
38 67 1
38 68 1
38 70 1
38 72 1
38 73 1
38 75 1
38 76 1
38 77 1
38 78 1
38 79 1
38 80 1
38 81 1
38 83 1
38 89 1
38 95 1
38 97 1
38 99 1
38 100 1
38 103 1
38 108 1
38 110 1
38 111 1
38 112 1
38 114 1
38 116 1
38 122 1
38 124 1
38 128 1
38 130 1
38 131 1
38 132 1
38 133 1
38 134 1
38 135 1
38 141 1
38 144 1
38 147 1
38 148 1
38 149 1
38 153 1
38 156 1
38 157 1
38 161 1
38 162 1
38 163 1
38 164 1
38 165 1
38 168 1
38 169 1
38 173 1
38 174 1
38 176 1
38 180 1
38 181 1
38 184 1
38 187 1
38 188 1
38 191 1
38 192 1
38 194 1
38 196 1
38 197 1
38 198 1
38 200 1
39 41 1
39 42 1
39 44 1
39 45 1
39 50 1
39 59 1
39 69 1
39 74 1
39 82 1
39 83 1
39 86 1
39 90 1
39 91 1
39 95 1
39 99 1
39 102 1
39 105 1
39 106 1
39 113 1
39 115 1
39 117 1
39 125 1
39 126 1
39 136 1
39 137 1
39 143 1
39 144 1
39 149 1
39 152 1
39 158 1
39 168 1
39 169 1
39 173 1
39 175 1
39 177 1
39 178 1
39 182 1
39 183 1
39 186 1
39 190 1
39 192 1
39 196 1
39 199 1
40 41 1
40 44 1
40 45 1
40 54 1
40 55 1
40 58 1
40 59 1
40 62 1
40 63 1
40 64 1
40 65 1
40 74 1
40 80 1
40 93 1
40 95 1
40 101 1
40 102 1
40 105 1
40 109 1
40 124 1
40 127 1
40 136 1
40 142 1
40 144 1
40 145 1
40 147 1
40 148 1
40 158 1
40 164 1
40 168 1
40 175 1
40 176 1
40 177 1
40 178 1
40 179 1
40 182 1
40 183 1
40 186 1
40 195 1
40 197 1
40 199 1
41 52 1
41 54 1
41 55 1
41 56 1
41 57 1
41 63 1
41 67 1
41 68 1
41 70 1
41 71 1
41 72 1
41 73 1
41 76 1
41 77 1
41 78 1
41 81 1
41 83 1
41 84 1
41 85 1
41 95 1
41 97 1
41 99 1
41 103 1
41 109 1
41 110 1
41 114 1
41 115 1
41 118 1
41 119 1
41 120 1
41 122 1
41 124 1
41 129 1
41 131 1
41 132 1
41 133 1
41 135 1
41 139 1
41 144 1
41 146 1
41 147 1
41 148 1
41 149 1
41 150 1
41 153 1
41 154 1
41 155 1
41 157 1
41 160 1
41 161 1
41 163 1
41 164 1
41 165 1
41 168 1
41 169 1
41 170 1
41 172 1
41 173 1
41 174 1
41 176 1
41 188 1
41 189 1
41 191 1
41 192 1
41 197 1
41 198 1
42 44 1
42 45 1
42 53 1
42 62 1
42 64 1
42 69 1
42 74 1
42 78 1
42 82 1
42 83 1
42 86 1
42 90 1
42 95 1
42 98 1
42 99 1
42 102 1
42 106 1
42 107 1
42 115 1
42 117 1
42 144 1
42 149 1
42 152 1
42 158 1
42 166 1
42 167 1
42 168 1
42 169 1
42 176 1
42 182 1
42 183 1
42 190 1
42 192 1
42 196 1
42 199 1
43 44 1
43 45 1
43 56 1
43 62 1
43 86 1
43 90 1
43 91 1
43 93 1
43 94 1
43 95 1
43 98 1
43 101 1
43 106 1
43 107 1
43 108 1
43 111 1
43 118 1
43 126 1
43 129 1
43 136 1
43 143 1
43 148 1
43 152 1
43 166 1
43 168 1
43 173 1
43 177 1
43 178 1
43 179 1
43 186 1
43 190 1
43 192 1
43 195 1
43 199 1
43 200 1
44 46 1
44 48 1
44 50 1
44 52 1
44 53 1
44 54 1
44 55 1
44 57 1
44 61 1
44 66 1
44 67 1
44 68 1
44 72 1
44 75 1
44 76 1
44 81 1
44 84 1
44 87 1
44 88 1
44 89 1
44 92 1
44 99 1
44 102 1
44 104 1
44 105 1
44 109 1
44 112 1
44 115 1
44 116 1
44 117 1
44 118 1
44 121 1
44 124 1
44 129 1
44 132 1
44 134 1
44 140 1
44 141 1
44 142 1
44 143 1
44 149 1
44 150 1
44 151 1
44 153 1
44 156 1
44 157 1
44 159 1
44 160 1
44 162 1
44 165 1
44 169 1
44 170 1
44 171 1
44 172 1
44 174 1
44 181 1
44 187 1
44 188 1
44 189 1
44 193 1
44 194 1
44 195 1
44 196 1
44 197 1
44 198 1
45 47 1
45 49 1
45 51 1
45 57 1
45 60 1
45 61 1
45 66 1
45 70 1
45 71 1
45 73 1
45 74 1
45 75 1
45 76 1
45 77 1
45 79 1
45 81 1
45 83 1
45 84 1
45 85 1
45 86 1
45 88 1
45 89 1
45 92 1
45 93 1
45 94 1
45 99 1
45 100 1
45 104 1
45 107 1
45 108 1
45 109 1
45 111 1
45 114 1
45 116 1
45 118 1
45 120 1
45 123 1
45 124 1
45 125 1
45 126 1
45 131 1
45 132 1
45 133 1
45 134 1
45 136 1
45 139 1
45 146 1
45 147 1
45 149 1
45 150 1
45 151 1
45 153 1
45 155 1
45 157 1
45 159 1
45 161 1
45 162 1
45 164 1
45 170 1
45 171 1
45 172 1
45 175 1
45 178 1
45 180 1
45 181 1
45 187 1
45 188 1
45 191 1
45 193 1
45 196 1
46 50 1
46 53 1
46 62 1
46 65 1
46 74 1
46 82 1
46 86 1
46 88 1
46 93 1
46 96 1
46 105 1
46 106 1
46 110 1
46 113 1
46 117 1
46 123 1
46 132 1
46 137 1
46 151 1
46 152 1
46 158 1
46 160 1
46 162 1
46 166 1
46 168 1
46 171 1
46 173 1
46 188 1
46 190 1
46 199 1
47 59 1
47 62 1
47 64 1
47 69 1
47 70 1
47 74 1
47 75 1
47 76 1
47 93 1
47 95 1
47 98 1
47 106 1
47 107 1
47 113 1
47 122 1
47 125 1
47 126 1
47 136 1
47 137 1
47 139 1
47 144 1
47 145 1
47 150 1
47 155 1
47 157 1
47 158 1
47 165 1
47 166 1
47 167 1
47 168 1
47 173 1
47 175 1
47 176 1
47 179 1
47 181 1
47 182 1
47 183 1
47 192 1
48 49 1
48 50 1
48 57 1
48 60 1
48 65 1
48 67 1
48 69 1
48 78 1
48 86 1
48 90 1
48 91 1
48 101 1
48 102 1
48 103 1
48 105 1
48 106 1
48 117 1
48 120 1
48 126 1
48 127 1
48 136 1
48 137 1
48 141 1
48 142 1
48 145 1
48 148 1
48 152 1
48 166 1
48 168 1
48 175 1
48 176 1
48 177 1
48 178 1
48 179 1
48 182 1
48 183 1
48 186 1
48 192 1
48 194 1
48 199 1
49 50 1
49 53 1
49 57 1
49 60 1
49 65 1
49 67 1
49 69 1
49 74 1
49 78 1
49 86 1
49 90 1
49 91 1
49 93 1
49 98 1
49 101 1
49 102 1
49 103 1
49 105 1
49 107 1
49 113 1
49 117 1
49 120 1
49 125 1
49 126 1
49 136 1
49 141 1
49 143 1
49 145 1
49 158 1
49 166 1
49 175 1
49 176 1
49 177 1
49 178 1
49 179 1
49 182 1
49 186 1
49 194 1
49 195 1
50 52 1
50 53 1
50 55 1
50 57 1
50 60 1
50 66 1
50 68 1
50 70 1
50 72 1
50 73 1
50 81 1
50 83 1
50 84 1
50 87 1
50 89 1
50 92 1
50 94 1
50 99 1
50 102 1
50 105 1
50 108 1
50 110 1
50 111 1
50 112 1
50 114 1
50 115 1
50 116 1
50 117 1
50 119 1
50 120 1
50 124 1
50 128 1
50 129 1
50 132 1
50 133 1
50 134 1
50 135 1
50 139 1
50 142 1
50 143 1
50 146 1
50 147 1
50 149 1
50 150 1
50 151 1
50 154 1
50 155 1
50 157 1
50 159 1
50 161 1
50 163 1
50 165 1
50 170 1
50 174 1
50 180 1
50 185 1
50 187 1
50 191 1
50 193 1
50 194 1
50 195 1
50 196 1
50 197 1
50 198 1
51 62 1
51 69 1
51 74 1
51 77 1
51 82 1
51 90 1
51 93 1
51 95 1
51 98 1
51 101 1
51 104 1
51 105 1
51 107 1
51 113 1
51 114 1
51 125 1
51 126 1
51 127 1
51 133 1
51 135 1
51 136 1
51 137 1
51 143 1
51 145 1
51 146 1
51 152 1
51 154 1
51 166 1
51 168 1
51 173 1
51 175 1
51 177 1
51 183 1
51 186 1
51 191 1
52 53 1
52 59 1
52 68 1
52 82 1
52 86 1
52 89 1
52 90 1
52 91 1
52 93 1
52 95 1
52 97 1
52 117 1
52 121 1
52 125 1
52 128 1
52 137 1
52 138 1
52 140 1
52 142 1
52 143 1
52 158 1
52 166 1
52 168 1
52 173 1
52 178 1
52 179 1
52 186 1
52 195 1
52 198 1
52 199 1
53 54 1
53 55 1
53 56 1
53 57 1
53 60 1
53 61 1
53 63 1
53 66 1
53 72 1
53 79 1
53 88 1
53 89 1
53 92 1
53 94 1
53 96 1
53 97 1
53 102 1
53 104 1
53 105 1
53 110 1
53 111 1
53 112 1
53 114 1
53 117 1
53 118 1
53 122 1
53 123 1
53 124 1
53 133 1
53 134 1
53 135 1
53 139 1
53 140 1
53 141 1
53 142 1
53 143 1
53 146 1
53 147 1
53 150 1
53 151 1
53 153 1
53 154 1
53 156 1
53 163 1
53 170 1
53 171 1
53 185 1
53 187 1
53 189 1
53 195 1
53 197 1
53 198 1
53 200 1
54 55 1
54 58 1
54 63 1
54 64 1
54 65 1
54 69 1
54 74 1
54 78 1
54 80 1
54 82 1
54 93 1
54 95 1
54 98 1
54 101 1
54 106 1
54 109 1
54 113 1
54 117 1
54 124 1
54 125 1
54 127 1
54 136 1
54 137 1
54 142 1
54 144 1
54 145 1
54 147 1
54 148 1
54 158 1
54 164 1
54 167 1
54 173 1
54 175 1
54 183 1
54 186 1
54 192 1
54 197 1
54 199 1
55 58 1
55 59 1
55 63 1
55 69 1
55 74 1
55 80 1
55 86 1
55 91 1
55 93 1
55 98 1
55 101 1
55 102 1
55 107 1
55 109 1
55 113 1
55 117 1
55 124 1
55 125 1
55 126 1
55 127 1
55 136 1
55 137 1
55 143 1
55 145 1
55 147 1
55 148 1
55 158 1
55 164 1
55 166 1
55 168 1
55 173 1
55 175 1
55 176 1
55 178 1
55 179 1
55 183 1
55 186 1
55 192 1
55 195 1
55 197 1
55 199 1
56 59 1
56 64 1
56 90 1
56 91 1
56 94 1
56 95 1
56 98 1
56 101 1
56 102 1
56 105 1
56 107 1
56 108 1
56 111 1
56 118 1
56 129 1
56 143 1
56 158 1
56 167 1
56 173 1
56 175 1
56 176 1
56 177 1
56 179 1
56 183 1
56 200 1
57 59 1
57 60 1
57 62 1
57 64 1
57 65 1
57 67 1
57 78 1
57 90 1
57 93 1
57 95 1
57 101 1
57 102 1
57 103 1
57 106 1
57 113 1
57 117 1
57 120 1
57 125 1
57 126 1
57 136 1
57 137 1
57 141 1
57 143 1
57 144 1
57 145 1
57 148 1
57 166 1
57 167 1
57 178 1
57 179 1
57 186 1
57 190 1
57 192 1
57 194 1
57 195 1
58 59 1
58 63 1
58 64 1
58 69 1
58 74 1
58 78 1
58 80 1
58 90 1
58 98 1
58 101 1
58 109 1
58 117 1
58 124 1
58 127 1
58 136 1
58 137 1
58 142 1
58 143 1
58 144 1
58 147 1
58 152 1
58 158 1
58 164 1
58 168 1
58 173 1
58 178 1
58 182 1
58 190 1
58 192 1
58 197 1
59 61 1
59 63 1
59 67 1
59 70 1
59 72 1
59 73 1
59 77 1
59 81 1
59 83 1
59 85 1
59 87 1
59 88 1
59 89 1
59 90 1
59 91 1
59 92 1
59 96 1
59 97 1
59 98 1
59 100 1
59 101 1
59 104 1
59 111 1
59 113 1
59 119 1
59 120 1
59 122 1
59 128 1
59 129 1
59 132 1
59 137 1
59 138 1
59 139 1
59 141 1
59 146 1
59 150 1
59 151 1
59 152 1
59 157 1
59 159 1
59 161 1
59 162 1
59 163 1
59 165 1
59 167 1
59 169 1
59 170 1
59 172 1
59 180 1
59 181 1
59 187 1
59 188 1
59 189 1
59 193 1
59 196 1
59 197 1
59 198 1
59 199 1
60 62 1
60 64 1
60 65 1
60 67 1
60 69 1
60 78 1
60 90 1
60 91 1
60 93 1
60 95 1
60 102 1
60 103 1
60 106 1
60 107 1
60 117 1
60 120 1
60 125 1
60 127 1
60 141 1
60 142 1
60 144 1
60 145 1
60 158 1
60 166 1
60 167 1
60 168 1
60 173 1
60 177 1
60 178 1
60 179 1
60 182 1
60 183 1
60 186 1
60 192 1
60 194 1
60 199 1
61 62 1
61 64 1
61 65 1
61 66 1
61 69 1
61 72 1
61 78 1
61 79 1
61 84 1
61 86 1
61 92 1
61 93 1
61 95 1
61 102 1
61 106 1
61 107 1
61 126 1
61 131 1
61 142 1
61 143 1
61 144 1
61 148 1
61 152 1
61 156 1
61 158 1
61 161 1
61 173 1
61 189 1
61 190 1
61 192 1
61 195 1
62 65 1
62 68 1
62 69 1
62 70 1
62 71 1
62 72 1
62 75 1
62 76 1
62 77 1
62 79 1
62 80 1
62 84 1
62 85 1
62 89 1
62 99 1
62 103 1
62 104 1
62 108 1
62 111 1
62 114 1
62 115 1
62 116 1
62 118 1
62 119 1
62 120 1
62 121 1
62 122 1
62 123 1
62 124 1
62 127 1
62 128 1
62 130 1
62 131 1
62 132 1
62 134 1
62 141 1
62 146 1
62 147 1
62 149 1
62 150 1
62 155 1
62 156 1
62 157 1
62 159 1
62 160 1
62 161 1
62 165 1
62 166 1
62 170 1
62 171 1
62 172 1
62 174 1
62 179 1
62 180 1
62 181 1
62 183 1
62 184 1
62 185 1
62 186 1
62 187 1
62 193 1
62 196 1
62 198 1
62 200 1
63 64 1
63 74 1
63 78 1
63 80 1
63 91 1
63 93 1
63 95 1
63 98 1
63 101 1
63 105 1
63 106 1
63 109 1
63 113 1
63 117 1
63 124 1
63 126 1
63 127 1
63 136 1
63 144 1
63 145 1
63 147 1
63 164 1
63 167 1
63 168 1
63 175 1
63 177 1
63 178 1
63 186 1
63 190 1
63 192 1
63 197 1
64 71 1
64 75 1
64 76 1
64 79 1
64 82 1
64 85 1
64 88 1
64 92 1
64 96 1
64 97 1
64 99 1
64 104 1
64 106 1
64 111 1
64 112 1
64 119 1
64 121 1
64 124 1
64 128 1
64 131 1
64 132 1
64 133 1
64 135 1
64 138 1
64 140 1
64 145 1
64 146 1
64 149 1
64 150 1
64 154 1
64 155 1
64 156 1
64 158 1
64 162 1
64 163 1
64 164 1
64 165 1
64 169 1
64 170 1
64 171 1
64 177 1
64 180 1
64 182 1
64 185 1
64 187 1
64 189 1
64 190 1
64 191 1
64 193 1
64 196 1
65 68 1
65 69 1
65 71 1
65 72 1
65 73 1
65 76 1
65 77 1
65 80 1
65 81 1
65 83 1
65 85 1
65 92 1
65 94 1
65 96 1
65 97 1
65 99 1
65 104 1
65 109 1
65 110 1
65 111 1
65 112 1
65 114 1
65 116 1
65 120 1
65 122 1
65 123 1
65 124 1
65 127 1
65 128 1
65 130 1
65 134 1
65 139 1
65 141 1
65 146 1
65 147 1
65 150 1
65 151 1
65 153 1
65 154 1
65 156 1
65 157 1
65 160 1
65 162 1
65 164 1
65 165 1
65 166 1
65 169 1
65 170 1
65 171 1
65 174 1
65 179 1
65 180 1
65 183 1
65 186 1
65 187 1
65 188 1
65 191 1
65 193 1
65 194 1
65 196 1
65 197 1
65 198 1
65 200 1
66 72 1
66 74 1
66 78 1
66 79 1
66 82 1
66 84 1
66 90 1
66 91 1
66 92 1
66 93 1
66 95 1
66 98 1
66 102 1
66 107 1
66 117 1
66 126 1
66 131 1
66 144 1
66 145 1
66 148 1
66 152 1
66 156 1
66 158 1
66 161 1
66 166 1
66 168 1
66 173 1
66 177 1
66 178 1
66 182 1
66 186 1
66 189 1
66 195 1
67 69 1
67 74 1
67 86 1
67 90 1
67 93 1
67 95 1
67 98 1
67 101 1
67 103 1
67 105 1
67 106 1
67 120 1
67 126 1
67 137 1
67 141 1
67 142 1
67 143 1
67 145 1
67 148 1
67 152 1
67 158 1
67 166 1
67 177 1
67 178 1
67 179 1
67 182 1
67 190 1
67 194 1
67 199 1
68 74 1
68 82 1
68 89 1
68 90 1
68 95 1
68 97 1
68 98 1
68 102 1
68 105 1
68 106 1
68 107 1
68 121 1
68 125 1
68 126 1
68 127 1
68 128 1
68 136 1
68 137 1
68 138 1
68 140 1
68 143 1
68 144 1
68 148 1
68 152 1
68 166 1
68 175 1
68 177 1
68 195 1
68 198 1
69 70 1
69 72 1
69 73 1
69 76 1
69 77 1
69 79 1
69 80 1
69 84 1
69 88 1
69 89 1
69 92 1
69 96 1
69 103 1
69 111 1
69 115 1
69 118 1
69 123 1
69 124 1
69 127 1
69 128 1
69 130 1
69 134 1
69 135 1
69 138 1
69 149 1
69 150 1
69 153 1
69 155 1
69 156 1
69 159 1
69 161 1
69 162 1
69 166 1
69 170 1
69 174 1
69 179 1
69 180 1
69 183 1
69 184 1
69 185 1
69 186 1
69 187 1
69 191 1
69 194 1
69 196 1
69 197 1
70 75 1
70 76 1
70 82 1
70 86 1
70 91 1
70 95 1
70 98 1
70 101 1
70 102 1
70 105 1
70 113 1
70 122 1
70 126 1
70 127 1
70 136 1
70 139 1
70 142 1
70 143 1
70 145 1
70 150 1
70 155 1
70 157 1
70 158 1
70 165 1
70 166 1
70 167 1
70 173 1
70 175 1
70 176 1
70 177 1
70 178 1
70 181 1
70 182 1
70 186 1
71 73 1
71 74 1
71 78 1
71 82 1
71 86 1
71 90 1
71 93 1
71 95 1
71 98 1
71 101 1
71 105 1
71 113 1
71 117 1
71 125 1
71 126 1
71 127 1
71 130 1
71 134 1
71 142 1
71 144 1
71 145 1
71 152 1
71 158 1
71 166 1
71 173 1
71 175 1
71 176 1
71 177 1
71 183 1
71 185 1
71 187 1
71 190 1
71 195 1
71 199 1
72 78 1
72 79 1
72 84 1
72 86 1
72 90 1
72 92 1
72 95 1
72 98 1
72 102 1
72 105 1
72 106 1
72 107 1
72 125 1
72 126 1
72 127 1
72 131 1
72 136 1
72 137 1
72 143 1
72 144 1
72 152 1
72 156 1
72 158 1
72 161 1
72 175 1
72 179 1
72 182 1
72 186 1
72 189 1
72 195 1
72 199 1
73 74 1
73 78 1
73 90 1
73 91 1
73 93 1
73 98 1
73 101 1
73 102 1
73 105 1
73 106 1
73 117 1
73 125 1
73 130 1
73 134 1
73 137 1
73 142 1
73 148 1
73 152 1
73 166 1
73 167 1
73 168 1
73 175 1
73 177 1
73 179 1
73 182 1
73 183 1
73 185 1
73 187 1
73 192 1
73 195 1
73 199 1
74 75 1
74 76 1
74 79 1
74 80 1
74 81 1
74 83 1
74 84 1
74 85 1
74 86 1
74 89 1
74 92 1
74 93 1
74 96 1
74 97 1
74 100 1
74 104 1
74 107 1
74 108 1
74 110 1
74 111 1
74 115 1
74 116 1
74 119 1
74 121 1
74 123 1
74 124 1
74 125 1
74 126 1
74 130 1
74 131 1
74 134 1
74 135 1
74 136 1
74 138 1
74 140 1
74 141 1
74 150 1
74 151 1
74 156 1
74 157 1
74 159 1
74 160 1
74 161 1
74 162 1
74 163 1
74 165 1
74 169 1
74 170 1
74 172 1
74 174 1
74 175 1
74 178 1
74 185 1
74 187 1
74 188 1
74 189 1
74 191 1
74 193 1
74 194 1
74 196 1
74 198 1
74 200 1
75 76 1
75 90 1
75 93 1
75 106 1
75 107 1
75 113 1
75 117 1
75 122 1
75 125 1
75 137 1
75 139 1
75 143 1
75 145 1
75 150 1
75 152 1
75 155 1
75 157 1
75 165 1
75 166 1
75 167 1
75 168 1
75 173 1
75 175 1
75 176 1
75 178 1
75 181 1
75 186 1
75 190 1
75 192 1
75 195 1
75 199 1
76 82 1
76 86 1
76 95 1
76 98 1
76 102 1
76 105 1
76 113 1
76 117 1
76 122 1
76 125 1
76 126 1
76 127 1
76 136 1
76 137 1
76 139 1
76 150 1
76 155 1
76 157 1
76 165 1
76 166 1
76 167 1
76 173 1
76 175 1
76 177 1
76 179 1
76 181 1
76 182 1
76 186 1
76 199 1
77 78 1
77 95 1
77 98 1
77 101 1
77 102 1
77 104 1
77 105 1
77 106 1
77 107 1
77 113 1
77 114 1
77 117 1
77 125 1
77 126 1
77 133 1
77 135 1
77 136 1
77 137 1
77 142 1
77 145 1
77 146 1
77 152 1
77 154 1
77 158 1
77 166 1
77 168 1
77 173 1
77 176 1
77 177 1
77 179 1
77 182 1
77 191 1
77 199 1
78 79 1
78 83 1
78 87 1
78 88 1
78 92 1
78 94 1
78 95 1
78 97 1
78 99 1
78 100 1
78 103 1
78 108 1
78 111 1
78 114 1
78 115 1
78 118 1
78 119 1
78 121 1
78 122 1
78 124 1
78 129 1
78 130 1
78 132 1
78 133 1
78 134 1
78 135 1
78 138 1
78 139 1
78 140 1
78 144 1
78 146 1
78 148 1
78 149 1
78 151 1
78 154 1
78 155 1
78 156 1
78 157 1
78 160 1
78 164 1
78 168 1
78 169 1
78 170 1
78 171 1
78 172 1
78 173 1
78 176 1
78 180 1
78 187 1
78 188 1
78 189 1
78 191 1
78 192 1
78 197 1
79 82 1
79 84 1
79 90 1
79 92 1
79 106 1
79 117 1
79 125 1
79 127 1
79 131 1
79 136 1
79 137 1
79 142 1
79 143 1
79 144 1
79 152 1
79 156 1
79 161 1
79 166 1
79 167 1
79 168 1
79 175 1
79 176 1
79 177 1
79 179 1
79 182 1
79 183 1
79 189 1
79 190 1
79 195 1
79 199 1
80 82 1
80 86 1
80 93 1
80 95 1
80 98 1
80 101 1
80 102 1
80 109 1
80 124 1
80 125 1
80 127 1
80 136 1
80 137 1
80 142 1
80 144 1
80 147 1
80 148 1
80 152 1
80 158 1
80 164 1
80 167 1
80 175 1
80 178 1
80 179 1
80 182 1
80 190 1
80 195 1
80 197 1
81 82 1
81 85 1
81 86 1
81 91 1
81 93 1
81 95 1
81 98 1
81 100 1
81 101 1
81 106 1
81 112 1
81 113 1
81 116 1
81 117 1
81 125 1
81 126 1
81 127 1
81 136 1
81 137 1
81 142 1
81 148 1
81 152 1
81 163 1
81 168 1
81 170 1
81 172 1
81 175 1
81 176 1
81 177 1
81 182 1
81 186 1
81 190 1
81 192 1
81 195 1
81 199 1
82 85 1
82 88 1
82 89 1
82 94 1
82 96 1
82 106 1
82 109 1
82 110 1
82 111 1
82 112 1
82 114 1
82 115 1
82 116 1
82 118 1
82 119 1
82 120 1
82 121 1
82 123 1
82 124 1
82 129 1
82 131 1
82 132 1
82 134 1
82 135 1
82 140 1
82 145 1
82 149 1
82 150 1
82 153 1
82 155 1
82 158 1
82 159 1
82 160 1
82 162 1
82 163 1
82 164 1
82 165 1
82 169 1
82 171 1
82 172 1
82 177 1
82 180 1
82 182 1
82 184 1
82 190 1
82 191 1
82 198 1
83 86 1
83 90 1
83 91 1
83 95 1
83 98 1
83 99 1
83 101 1
83 106 1
83 107 1
83 113 1
83 115 1
83 125 1
83 126 1
83 136 1
83 137 1
83 143 1
83 148 1
83 149 1
83 152 1
83 158 1
83 166 1
83 169 1
83 175 1
83 176 1
83 178 1
83 183 1
83 186 1
83 190 1
83 192 1
83 195 1
83 196 1
84 90 1
84 92 1
84 95 1
84 98 1
84 102 1
84 106 1
84 113 1
84 125 1
84 131 1
84 137 1
84 142 1
84 144 1
84 145 1
84 148 1
84 156 1
84 161 1
84 166 1
84 167 1
84 173 1
84 176 1
84 177 1
84 179 1
84 182 1
84 183 1
84 186 1
84 189 1
84 199 1
85 86 1
85 90 1
85 91 1
85 93 1
85 95 1
85 98 1
85 100 1
85 101 1
85 105 1
85 107 1
85 112 1
85 113 1
85 116 1
85 117 1
85 125 1
85 127 1
85 137 1
85 142 1
85 143 1
85 145 1
85 148 1
85 158 1
85 163 1
85 166 1
85 167 1
85 168 1
85 170 1
85 172 1
85 173 1
85 175 1
85 176 1
85 177 1
85 178 1
85 179 1
85 190 1
85 195 1
85 199 1
86 87 1
86 88 1
86 89 1
86 93 1
86 97 1
86 99 1
86 104 1
86 107 1
86 108 1
86 109 1
86 111 1
86 112 1
86 115 1
86 116 1
86 118 1
86 119 1
86 120 1
86 122 1
86 125 1
86 126 1
86 129 1
86 130 1
86 131 1
86 133 1
86 134 1
86 135 1
86 136 1
86 139 1
86 140 1
86 141 1
86 156 1
86 160 1
86 161 1
86 162 1
86 163 1
86 164 1
86 165 1
86 175 1
86 178 1
86 180 1
86 181 1
86 185 1
86 188 1
86 193 1
86 194 1
86 197 1
86 198 1
86 200 1
87 98 1
87 101 1
87 105 1
87 117 1
87 119 1
87 125 1
87 127 1
87 136 1
87 137 1
87 142 1
87 143 1
87 144 1
87 145 1
87 152 1
87 153 1
87 158 1
87 159 1
87 167 1
87 174 1
87 176 1
87 177 1
87 178 1
87 179 1
87 180 1
87 183 1
87 184 1
87 192 1
87 193 1
87 195 1
87 199 1
88 91 1
88 93 1
88 95 1
88 96 1
88 98 1
88 101 1
88 102 1
88 110 1
88 113 1
88 117 1
88 123 1
88 125 1
88 132 1
88 142 1
88 143 1
88 145 1
88 148 1
88 151 1
88 158 1
88 160 1
88 162 1
88 167 1
88 171 1
88 173 1
88 177 1
88 179 1
88 182 1
88 186 1
88 188 1
88 190 1
88 195 1
89 90 1
89 93 1
89 97 1
89 105 1
89 113 1
89 117 1
89 121 1
89 128 1
89 137 1
89 138 1
89 140 1
89 142 1
89 143 1
89 144 1
89 148 1
89 152 1
89 166 1
89 168 1
89 173 1
89 175 1
89 176 1
89 178 1
89 182 1
89 186 1
89 192 1
89 195 1
89 198 1
90 91 1
90 94 1
90 97 1
90 98 1
90 99 1
90 100 1
90 101 1
90 103 1
90 104 1
90 108 1
90 109 1
90 110 1
90 111 1
90 113 1
90 118 1
90 119 1
90 121 1
90 122 1
90 128 1
90 129 1
90 133 1
90 135 1
90 137 1
90 138 1
90 140 1
90 146 1
90 147 1
90 149 1
90 150 1
90 152 1
90 154 1
90 155 1
90 156 1
90 160 1
90 161 1
90 163 1
90 164 1
90 167 1
90 169 1
90 170 1
90 171 1
90 180 1
90 184 1
90 185 1
90 198 1
90 199 1
90 200 1
91 94 1
91 97 1
91 98 1
91 99 1
91 101 1
91 103 1
91 109 1
91 110 1
91 111 1
91 112 1
91 113 1
91 115 1
91 120 1
91 122 1
91 123 1
91 128 1
91 129 1
91 130 1
91 131 1
91 132 1
91 133 1
91 134 1
91 135 1
91 137 1
91 138 1
91 140 1
91 147 1
91 152 1
91 154 1
91 157 1
91 160 1
91 161 1
91 164 1
91 167 1
91 169 1
91 170 1
91 181 1
91 184 1
91 185 1
91 188 1
91 193 1
91 197 1
91 199 1
91 200 1
92 93 1
92 95 1
92 101 1
92 107 1
92 131 1
92 137 1
92 142 1
92 144 1
92 148 1
92 156 1
92 158 1
92 161 1
92 166 1
92 167 1
92 179 1
92 182 1
92 186 1
92 189 1
92 190 1
92 192 1
92 195 1
93 96 1
93 97 1
93 103 1
93 107 1
93 108 1
93 109 1
93 110 1
93 114 1
93 115 1
93 116 1
93 119 1
93 120 1
93 121 1
93 125 1
93 126 1
93 128 1
93 131 1
93 132 1
93 135 1
93 136 1
93 138 1
93 139 1
93 146 1
93 147 1
93 149 1
93 151 1
93 153 1
93 154 1
93 155 1
93 156 1
93 157 1
93 159 1
93 160 1
93 161 1
93 162 1
93 163 1
93 169 1
93 171 1
93 172 1
93 175 1
93 178 1
93 189 1
93 193 1
93 194 1
93 196 1
93 198 1
94 95 1
94 98 1
94 102 1
94 106 1
94 107 1
94 108 1
94 111 1
94 117 1
94 118 1
94 125 1
94 129 1
94 136 1
94 137 1
94 144 1
94 148 1
94 158 1
94 179 1
94 186 1
94 190 1
94 195 1
94 200 1
95 96 1
95 99 1
95 100 1
95 103 1
95 104 1
95 108 1
95 112 1
95 114 1
95 118 1
95 120 1
95 121 1
95 122 1
95 124 1
95 130 1
95 132 1
95 138 1
95 139 1
95 140 1
95 141 1
95 144 1
95 148 1
95 150 1
95 153 1
95 154 1
95 155 1
95 157 1
95 159 1
95 165 1
95 168 1
95 169 1
95 170 1
95 171 1
95 173 1
95 174 1
95 176 1
95 180 1
95 181 1
95 188 1
95 191 1
95 192 1
95 193 1
95 194 1
95 196 1
95 197 1
95 200 1
96 101 1
96 105 1
96 107 1
96 110 1
96 123 1
96 125 1
96 132 1
96 143 1
96 151 1
96 152 1
96 158 1
96 160 1
96 162 1
96 166 1
96 167 1
96 171 1
96 176 1
96 177 1
96 178 1
96 179 1
96 182 1
96 183 1
96 188 1
96 190 1
96 199 1
97 98 1
97 102 1
97 105 1
97 106 1
97 107 1
97 113 1
97 121 1
97 125 1
97 128 1
97 136 1
97 137 1
97 138 1
97 140 1
97 143 1
97 144 1
97 158 1
97 167 1
97 175 1
97 177 1
97 178 1
97 179 1
97 182 1
97 183 1
97 186 1
97 192 1
97 198 1
98 101 1
98 103 1
98 104 1
98 108 1
98 111 1
98 112 1
98 113 1
98 114 1
98 116 1
98 121 1
98 122 1
98 124 1
98 128 1
98 132 1
98 133 1
98 135 1
98 137 1
98 139 1
98 146 1
98 152 1
98 156 1
98 157 1
98 159 1
98 160 1
98 164 1
98 165 1
98 167 1
98 169 1
98 170 1
98 171 1
98 172 1
98 180 1
98 181 1
98 187 1
98 188 1
98 189 1
98 193 1
98 194 1
98 198 1
98 199 1
98 200 1
99 102 1
99 107 1
99 115 1
99 117 1
99 126 1
99 137 1
99 142 1
99 144 1
99 145 1
99 149 1
99 152 1
99 166 1
99 167 1
99 169 1
99 175 1
99 178 1
99 182 1
99 183 1
99 190 1
99 192 1
99 195 1
99 196 1
99 199 1
100 101 1
100 102 1
100 106 1
100 107 1
100 112 1
100 113 1
100 116 1
100 126 1
100 142 1
100 143 1
100 145 1
100 148 1
100 152 1
100 163 1
100 166 1
100 167 1
100 170 1
100 172 1
100 173 1
100 175 1
100 177 1
100 179 1
100 182 1
100 183 1
100 186 1
100 192 1
101 103 1
101 104 1
101 111 1
101 112 1
101 113 1
101 114 1
101 115 1
101 118 1
101 123 1
101 124 1
101 128 1
101 130 1
101 132 1
101 134 1
101 137 1
101 139 1
101 146 1
101 149 1
101 150 1
101 151 1
101 152 1
101 153 1
101 154 1
101 156 1
101 157 1
101 159 1
101 160 1
101 162 1
101 164 1
101 167 1
101 169 1
101 170 1
101 171 1
101 172 1
101 174 1
101 187 1
101 188 1
101 189 1
101 191 1
101 193 1
101 194 1
101 198 1
101 199 1
102 103 1
102 105 1
102 108 1
102 110 1
102 111 1
102 117 1
102 120 1
102 121 1
102 123 1
102 124 1
102 128 1
102 129 1
102 131 1
102 132 1
102 133 1
102 134 1
102 135 1
102 138 1
102 139 1
102 141 1
102 142 1
102 143 1
102 147 1
102 149 1
102 151 1
102 154 1
102 157 1
102 159 1
102 160 1
102 162 1
102 164 1
102 165 1
102 169 1
102 172 1
102 174 1
102 180 1
102 185 1
102 187 1
102 188 1
102 189 1
102 191 1
102 195 1
102 196 1
102 198 1
103 105 1
103 106 1
103 113 1
103 120 1
103 126 1
103 136 1
103 141 1
103 142 1
103 152 1
103 166 1
103 167 1
103 168 1
103 175 1
103 176 1
103 177 1
103 179 1
103 182 1
103 186 1
103 190 1
103 192 1
103 194 1
103 199 1
104 105 1
104 107 1
104 114 1
104 125 1
104 127 1
104 133 1
104 135 1
104 143 1
104 144 1
104 146 1
104 148 1
104 154 1
104 166 1
104 168 1
104 173 1
104 175 1
104 176 1
104 177 1
104 179 1
104 183 1
104 190 1
104 191 1
104 195 1
104 199 1
105 108 1
105 111 1
105 114 1
105 115 1
105 117 1
105 118 1
105 119 1
105 121 1
105 122 1
105 129 1
105 132 1
105 133 1
105 134 1
105 135 1
105 138 1
105 141 1
105 142 1
105 143 1
105 147 1
105 153 1
105 156 1
105 157 1
105 159 1
105 160 1
105 161 1
105 162 1
105 164 1
105 165 1
105 170 1
105 172 1
105 174 1
105 180 1
105 181 1
105 184 1
105 185 1
105 188 1
105 191 1
105 193 1
105 194 1
105 195 1
105 197 1
105 198 1
105 200 1
106 108 1
106 109 1
106 115 1
106 119 1
106 121 1
106 122 1
106 123 1
106 124 1
106 128 1
106 129 1
106 131 1
106 132 1
106 133 1
106 135 1
106 138 1
106 139 1
106 140 1
106 141 1
106 145 1
106 146 1
106 147 1
106 150 1
106 154 1
106 156 1
106 157 1
106 158 1
106 161 1
106 162 1
106 163 1
106 164 1
106 165 1
106 170 1
106 171 1
106 177 1
106 180 1
106 181 1
106 182 1
106 187 1
106 189 1
106 190 1
106 193 1
106 198 1
106 200 1
107 109 1
107 110 1
107 111 1
107 116 1
107 122 1
107 123 1
107 125 1
107 126 1
107 128 1
107 129 1
107 131 1
107 133 1
107 134 1
107 135 1
107 136 1
107 139 1
107 141 1
107 146 1
107 147 1
107 149 1
107 151 1
107 157 1
107 159 1
107 160 1
107 161 1
107 162 1
107 163 1
107 172 1
107 174 1
107 175 1
107 178 1
107 185 1
107 194 1
107 196 1
107 200 1
108 111 1
108 117 1
108 118 1
108 126 1
108 127 1
108 129 1
108 136 1
108 144 1
108 158 1
108 168 1
108 177 1
108 182 1
108 186 1
108 190 1
108 192 1
108 195 1
108 200 1
109 117 1
109 124 1
109 125 1
109 136 1
109 143 1
109 147 1
109 158 1
109 164 1
109 166 1
109 168 1
109 173 1
109 176 1
109 177 1
109 178 1
109 179 1
109 182 1
109 190 1
109 192 1
109 197 1
109 199 1
110 113 1
110 117 1
110 123 1
110 126 1
110 132 1
110 136 1
110 137 1
110 142 1
110 144 1
110 151 1
110 152 1
110 158 1
110 160 1
110 162 1
110 166 1
110 167 1
110 168 1
110 171 1
110 173 1
110 175 1
110 177 1
110 178 1
110 182 1
110 183 1
110 186 1
110 188 1
110 192 1
111 113 1
111 118 1
111 125 1
111 126 1
111 129 1
111 136 1
111 142 1
111 144 1
111 148 1
111 152 1
111 168 1
111 173 1
111 176 1
111 177 1
111 195 1
111 200 1
112 113 1
112 116 1
112 117 1
112 126 1
112 127 1
112 136 1
112 137 1
112 143 1
112 144 1
112 152 1
112 163 1
112 167 1
112 170 1
112 172 1
112 177 1
112 179 1
112 182 1
112 183 1
112 186 1
112 190 1
112 192 1
112 195 1
112 199 1
113 115 1
113 116 1
113 118 1
113 119 1
113 121 1
113 123 1
113 128 1
113 129 1
113 131 1
113 133 1
113 135 1
113 137 1
113 139 1
113 141 1
113 150 1
113 151 1
113 152 1
113 153 1
113 157 1
113 160 1
113 161 1
113 162 1
113 163 1
113 165 1
113 167 1
113 169 1
113 171 1
113 172 1
113 180 1
113 184 1
113 185 1
113 188 1
113 191 1
113 194 1
113 198 1
113 199 1
114 126 1
114 133 1
114 135 1
114 136 1
114 137 1
114 143 1
114 144 1
114 146 1
114 148 1
114 152 1
114 154 1
114 158 1
114 175 1
114 176 1
114 179 1
114 182 1
114 190 1
114 191 1
114 192 1
114 195 1
114 199 1
115 117 1
115 125 1
115 126 1
115 127 1
115 137 1
115 142 1
115 144 1
115 148 1
115 149 1
115 152 1
115 166 1
115 167 1
115 169 1
115 173 1
115 175 1
115 177 1
115 178 1
115 179 1
115 183 1
115 186 1
115 196 1
116 126 1
116 127 1
116 136 1
116 137 1
116 143 1
116 144 1
116 145 1
116 148 1
116 163 1
116 166 1
116 168 1
116 170 1
116 172 1
116 173 1
116 175 1
116 178 1
116 182 1
116 183 1
116 186 1
116 199 1
117 119 1
117 120 1
117 122 1
117 123 1
117 124 1
117 129 1
117 133 1
117 135 1
117 139 1
117 140 1
117 141 1
117 142 1
117 143 1
117 150 1
117 151 1
117 153 1
117 154 1
117 155 1
117 156 1
117 157 1
117 163 1
117 165 1
117 170 1
117 172 1
117 174 1
117 184 1
117 185 1
117 188 1
117 191 1
117 195 1
117 196 1
117 197 1
117 200 1
118 125 1
118 127 1
118 129 1
118 136 1
118 142 1
118 144 1
118 145 1
118 166 1
118 168 1
118 173 1
118 176 1
118 178 1
118 190 1
118 192 1
118 200 1
119 126 1
119 142 1
119 144 1
119 145 1
119 148 1
119 153 1
119 158 1
119 159 1
119 166 1
119 168 1
119 173 1
119 174 1
119 176 1
119 177 1
119 178 1
119 179 1
119 180 1
119 183 1
119 184 1
119 186 1
119 190 1
119 192 1
119 193 1
119 195 1
120 127 1
120 136 1
120 137 1
120 141 1
120 145 1
120 148 1
120 166 1
120 168 1
120 173 1
120 176 1
120 178 1
120 182 1
120 183 1
120 194 1
120 199 1
121 126 1
121 127 1
121 128 1
121 138 1
121 140 1
121 144 1
121 148 1
121 152 1
121 167 1
121 168 1
121 175 1
121 178 1
121 179 1
121 182 1
121 183 1
121 186 1
121 195 1
121 198 1
121 199 1
122 125 1
122 126 1
122 137 1
122 139 1
122 142 1
122 143 1
122 144 1
122 150 1
122 152 1
122 155 1
122 157 1
122 165 1
122 167 1
122 168 1
122 175 1
122 176 1
122 177 1
122 178 1
122 179 1
122 181 1
122 182 1
122 186 1
122 190 1
123 127 1
123 132 1
123 144 1
123 145 1
123 151 1
123 160 1
123 162 1
123 166 1
123 167 1
123 171 1
123 178 1
123 183 1
123 186 1
123 188 1
123 190 1
123 199 1
124 126 1
124 136 1
124 142 1
124 144 1
124 145 1
124 147 1
124 152 1
124 158 1
124 164 1
124 166 1
124 167 1
124 168 1
124 173 1
124 179 1
124 186 1
124 190 1
124 192 1
124 195 1
124 197 1
124 199 1
125 126 1
125 129 1
125 131 1
125 133 1
125 136 1
125 138 1
125 139 1
125 140 1
125 141 1
125 149 1
125 150 1
125 151 1
125 153 1
125 155 1
125 156 1
125 159 1
125 160 1
125 163 1
125 165 1
125 169 1
125 171 1
125 175 1
125 178 1
125 180 1
125 185 1
125 189 1
125 191 1
125 193 1
125 196 1
125 197 1
126 128 1
126 133 1
126 134 1
126 136 1
126 138 1
126 139 1
126 141 1
126 146 1
126 147 1
126 153 1
126 154 1
126 156 1
126 164 1
126 170 1
126 171 1
126 174 1
126 175 1
126 178 1
126 180 1
126 187 1
126 189 1
126 191 1
126 193 1
126 194 1
126 197 1
126 200 1
127 129 1
127 130 1
127 134 1
127 135 1
127 139 1
127 141 1
127 146 1
127 147 1
127 151 1
127 155 1
127 156 1
127 162 1
127 164 1
127 165 1
127 166 1
127 169 1
127 174 1
127 179 1
127 183 1
127 186 1
127 187 1
127 191 1
127 193 1
127 196 1
128 136 1
128 137 1
128 138 1
128 140 1
128 142 1
128 143 1
128 166 1
128 167 1
128 176 1
128 178 1
128 179 1
128 186 1
128 190 1
128 192 1
128 198 1
128 199 1
129 136 1
129 137 1
129 142 1
129 143 1
129 144 1
129 145 1
129 158 1
129 166 1
129 168 1
129 176 1
129 177 1
129 179 1
129 182 1
129 183 1
129 186 1
129 195 1
129 200 1
130 134 1
130 136 1
130 137 1
130 142 1
130 144 1
130 145 1
130 152 1
130 168 1
130 175 1
130 176 1
130 179 1
130 182 1
130 183 1
130 185 1
130 186 1
130 187 1
130 190 1
130 195 1
130 199 1
131 143 1
131 144 1
131 152 1
131 156 1
131 158 1
131 161 1
131 167 1
131 175 1
131 176 1
131 178 1
131 179 1
131 189 1
131 192 1
131 199 1
132 136 1
132 142 1
132 148 1
132 151 1
132 152 1
132 158 1
132 160 1
132 162 1
132 166 1
132 167 1
132 168 1
132 171 1
132 173 1
132 176 1
132 178 1
132 179 1
132 183 1
132 186 1
132 188 1
132 190 1
132 192 1
132 199 1
133 135 1
133 136 1
133 142 1
133 143 1
133 144 1
133 145 1
133 146 1
133 148 1
133 152 1
133 154 1
133 158 1
133 167 1
133 168 1
133 175 1
133 176 1
133 179 1
133 186 1
133 190 1
133 191 1
133 195 1
133 199 1
134 137 1
134 144 1
134 145 1
134 148 1
134 166 1
134 167 1
134 168 1
134 176 1
134 178 1
134 182 1
134 185 1
134 187 1
134 190 1
135 143 1
135 144 1
135 145 1
135 146 1
135 148 1
135 154 1
135 166 1
135 167 1
135 168 1
135 173 1
135 175 1
135 177 1
135 190 1
135 191 1
135 192 1
135 195 1
136 138 1
136 139 1
136 140 1
136 146 1
136 147 1
136 149 1
136 150 1
136 151 1
136 153 1
136 155 1
136 156 1
136 159 1
136 160 1
136 162 1
136 163 1
136 165 1
136 169 1
136 170 1
136 171 1
136 172 1
136 175 1
136 178 1
136 181 1
136 187 1
136 188 1
136 189 1
136 191 1
136 193 1
136 196 1
136 197 1
137 138 1
137 139 1
137 140 1
137 141 1
137 146 1
137 149 1
137 152 1
137 153 1
137 154 1
137 157 1
137 159 1
137 160 1
137 164 1
137 167 1
137 169 1
137 170 1
137 171 1
137 174 1
137 180 1
137 187 1
137 188 1
137 193 1
137 194 1
137 196 1
137 197 1
137 198 1
137 199 1
137 200 1
138 140 1
138 142 1
138 144 1
138 145 1
138 152 1
138 158 1
138 167 1
138 168 1
138 173 1
138 176 1
138 190 1
138 192 1
138 198 1
139 144 1
139 148 1
139 150 1
139 152 1
139 155 1
139 157 1
139 158 1
139 165 1
139 166 1
139 167 1
139 168 1
139 173 1
139 178 1
139 181 1
139 182 1
139 186 1
139 192 1
139 195 1
140 143 1
140 148 1
140 158 1
140 167 1
140 173 1
140 175 1
140 176 1
140 177 1
140 182 1
140 186 1
140 190 1
140 192 1
140 195 1
140 198 1
140 199 1
141 142 1
141 144 1
141 145 1
141 152 1
141 158 1
141 166 1
141 167 1
141 168 1
141 173 1
141 177 1
141 178 1
141 179 1
141 182 1
141 186 1
141 190 1
141 192 1
141 194 1
141 195 1
141 199 1
142 143 1
142 146 1
142 147 1
142 149 1
142 150 1
142 151 1
142 154 1
142 157 1
142 164 1
142 171 1
142 174 1
142 180 1
142 181 1
142 185 1
142 187 1
142 188 1
142 193 1
142 194 1
142 195 1
142 197 1
142 198 1
143 146 1
143 150 1
143 153 1
143 154 1
143 155 1
143 157 1
143 162 1
143 163 1
143 164 1
143 165 1
143 169 1
143 172 1
143 180 1
143 181 1
143 184 1
143 185 1
143 187 1
143 188 1
143 191 1
143 193 1
143 194 1
143 195 1
143 197 1
143 200 1
144 147 1
144 148 1
144 151 1
144 154 1
144 155 1
144 156 1
144 157 1
144 160 1
144 163 1
144 164 1
144 165 1
144 168 1
144 170 1
144 171 1
144 172 1
144 173 1
144 174 1
144 176 1
144 180 1
144 181 1
144 184 1
144 185 1
144 187 1
144 188 1
144 189 1
144 191 1
144 192 1
144 194 1
144 197 1
145 149 1
145 150 1
145 153 1
145 154 1
145 158 1
145 162 1
145 170 1
145 174 1
145 177 1
145 180 1
145 181 1
145 182 1
145 188 1
145 189 1
145 190 1
145 191 1
145 194 1
145 196 1
145 198 1
145 200 1
146 154 1
146 177 1
146 191 1
146 195 1
147 158 1
147 164 1
147 166 1
147 167 1
147 168 1
147 173 1
147 175 1
147 176 1
147 177 1
147 182 1
147 186 1
147 190 1
147 192 1
147 195 1
147 197 1
148 149 1
148 150 1
148 155 1
148 159 1
148 162 1
148 165 1
148 168 1
148 169 1
148 171 1
148 172 1
148 173 1
148 176 1
148 180 1
148 187 1
148 188 1
148 189 1
148 191 1
148 192 1
148 194 1
148 200 1
149 158 1
149 167 1
149 168 1
149 169 1
149 173 1
149 176 1
149 177 1
149 183 1
149 186 1
149 195 1
149 196 1
150 152 1
150 155 1
150 157 1
150 165 1
150 173 1
150 176 1
150 177 1
150 178 1
150 181 1
150 182 1
150 183 1
150 186 1
150 195 1
150 199 1
151 158 1
151 160 1
151 162 1
151 168 1
151 171 1
151 173 1
151 176 1
151 177 1
151 186 1
151 188 1
151 190 1
151 192 1
151 195 1
151 199 1
152 153 1
152 155 1
152 160 1
152 161 1
152 162 1
152 163 1
152 164 1
152 165 1
152 167 1
152 170 1
152 172 1
152 174 1
152 181 1
152 184 1
152 185 1
152 187 1
152 188 1
152 189 1
152 197 1
152 198 1
152 199 1
153 158 1
153 159 1
153 166 1
153 167 1
153 173 1
153 174 1
153 176 1
153 177 1
153 179 1
153 180 1
153 182 1
153 183 1
153 184 1
153 186 1
153 190 1
153 192 1
153 193 1
153 195 1
153 199 1
154 168 1
154 175 1
154 178 1
154 179 1
154 190 1
154 191 1
154 195 1
154 199 1
155 157 1
155 158 1
155 165 1
155 166 1
155 167 1
155 168 1
155 173 1
155 176 1
155 178 1
155 179 1
155 181 1
155 182 1
155 186 1
155 192 1
155 195 1
155 199 1
156 158 1
156 161 1
156 166 1
156 167 1
156 168 1
156 175 1
156 176 1
156 179 1
156 182 1
156 183 1
156 186 1
156 189 1
156 192 1
156 199 1
157 158 1
157 165 1
157 166 1
157 175 1
157 178 1
157 181 1
157 182 1
157 183 1
157 199 1
158 159 1
158 160 1
158 162 1
158 169 1
158 170 1
158 171 1
158 174 1
158 177 1
158 181 1
158 182 1
158 184 1
158 188 1
158 189 1
158 190 1
158 191 1
158 196 1
158 197 1
158 198 1
158 200 1
159 167 1
159 168 1
159 173 1
159 174 1
159 175 1
159 176 1
159 177 1
159 180 1
159 182 1
159 184 1
159 190 1
159 192 1
159 193 1
159 195 1
160 162 1
160 166 1
160 167 1
160 171 1
160 173 1
160 176 1
160 178 1
160 179 1
160 183 1
160 188 1
160 190 1
160 195 1
160 199 1
161 167 1
161 175 1
161 176 1
161 178 1
161 179 1
161 183 1
161 186 1
161 189 1
161 190 1
161 192 1
161 195 1
162 166 1
162 167 1
162 171 1
162 173 1
162 177 1
162 182 1
162 188 1
162 190 1
162 195 1
163 166 1
163 167 1
163 168 1
163 170 1
163 172 1
163 175 1
163 176 1
163 186 1
163 190 1
163 199 1
164 166 1
164 167 1
164 168 1
164 173 1
164 176 1
164 177 1
164 178 1
164 183 1
164 186 1
164 190 1
164 195 1
164 197 1
165 167 1
165 175 1
165 176 1
165 177 1
165 178 1
165 181 1
165 183 1
165 186 1
165 190 1
165 192 1
165 199 1
166 172 1
166 174 1
166 179 1
166 180 1
166 183 1
166 186 1
166 187 1
166 188 1
166 189 1
166 193 1
166 194 1
166 196 1
166 198 1
166 200 1
167 170 1
167 172 1
167 174 1
167 181 1
167 184 1
167 187 1
167 188 1
167 194 1
167 196 1
167 198 1
167 199 1
168 169 1
168 170 1
168 171 1
168 173 1
168 176 1
168 181 1
168 184 1
168 185 1
168 187 1
168 189 1
168 191 1
168 192 1
168 193 1
168 197 1
168 198 1
168 200 1
169 173 1
169 175 1
169 176 1
169 178 1
169 183 1
169 186 1
169 195 1
169 196 1
169 199 1
170 172 1
170 173 1
170 179 1
170 192 1
170 195 1
171 175 1
171 176 1
171 177 1
171 179 1
171 182 1
171 183 1
171 188 1
171 190 1
171 192 1
171 195 1
171 199 1
172 175 1
172 176 1
172 178 1
172 179 1
172 183 1
172 186 1
172 190 1
172 192 1
172 195 1
173 174 1
173 176 1
173 184 1
173 185 1
173 187 1
173 192 1
173 193 1
173 197 1
173 198 1
174 179 1
174 180 1
174 184 1
174 186 1
174 193 1
174 199 1
175 178 1
175 180 1
175 185 1
175 188 1
175 189 1
175 191 1
175 194 1
175 196 1
175 198 1
175 200 1
176 180 1
176 181 1
176 184 1
176 188 1
176 189 1
176 191 1
176 192 1
176 194 1
176 196 1
176 198 1
177 180 1
177 182 1
177 184 1
177 187 1
177 188 1
177 190 1
177 194 1
178 180 1
178 181 1
178 185 1
178 189 1
178 197 1
178 198 1
178 200 1
179 181 1
179 183 1
179 185 1
179 186 1
179 187 1
179 188 1
179 189 1
179 191 1
179 193 1
179 194 1
179 196 1
179 197 1
179 198 1
180 182 1
180 183 1
180 184 1
180 190 1
180 193 1
180 195 1
181 182 1
181 183 1
181 190 1
181 195 1
181 199 1
182 185 1
182 187 1
182 188 1
182 190 1
182 191 1
182 193 1
182 194 1
182 196 1
182 197 1
182 198 1
183 185 1
183 186 1
183 187 1
183 189 1
183 191 1
183 193 1
183 194 1
183 196 1
183 197 1
183 200 1
184 186 1
184 192 1
184 193 1
184 195 1
184 199 1
185 186 1
185 187 1
185 190 1
185 195 1
185 199 1
186 187 1
186 189 1
186 194 1
186 196 1
186 197 1
186 200 1
187 190 1
187 195 1
187 199 1
188 195 1
189 199 1
190 193 1
190 194 1
190 196 1
190 198 1
191 192 1
191 195 1
192 193 1
192 196 1
192 200 1
193 195 1
195 200 1
199 200 1
