400 7980
1 34 1
1 39 1
1 40 1
1 42 1
1 43 1
1 53 1
1 58 1
1 62 1
1 67 1
1 74 1
1 87 1
1 102 1
1 147 1
1 154 1
1 162 1
1 165 1
1 166 1
1 168 1
1 175 1
1 177 1
1 200 1
1 201 1
1 231 1
1 245 1
1 248 1
1 249 1
1 255 1
1 275 1
1 276 1
1 283 1
1 284 1
1 303 1
1 315 1
1 316 1
1 323 1
1 326 1
1 342 1
1 353 1
1 369 1
1 381 1
1 398 1
1 399 1
1 400 1
2 6 1
2 16 1
2 37 1
2 44 1
2 51 1
2 55 1
2 57 1
2 63 1
2 70 1
2 75 1
2 82 1
2 84 1
2 91 1
2 103 1
2 109 1
2 119 1
2 127 1
2 130 1
2 144 1
2 151 1
2 212 1
2 243 1
2 246 1
2 251 1
2 252 1
2 260 1
2 282 1
2 294 1
2 306 1
2 314 1
2 325 1
2 348 1
2 350 1
2 367 1
2 373 1
2 376 1
2 382 1
2 383 1
2 386 1
2 395 1
3 24 1
3 33 1
3 63 1
3 75 1
3 81 1
3 91 1
3 92 1
3 97 1
3 103 1
3 120 1
3 125 1
3 140 1
3 153 1
3 155 1
3 159 1
3 179 1
3 216 1
3 217 1
3 218 1
3 227 1
3 233 1
3 236 1
3 257 1
3 286 1
3 295 1
3 307 1
3 310 1
3 314 1
3 317 1
3 321 1
3 325 1
3 332 1
3 339 1
3 341 1
3 345 1
3 352 1
3 367 1
3 372 1
3 395 1
4 14 1
4 21 1
4 71 1
4 75 1
4 92 1
4 105 1
4 125 1
4 138 1
4 146 1
4 163 1
4 166 1
4 172 1
4 186 1
4 187 1
4 202 1
4 203 1
4 227 1
4 236 1
4 243 1
4 263 1
4 267 1
4 281 1
4 285 1
4 290 1
4 292 1
4 320 1
4 329 1
4 341 1
4 352 1
4 353 1
4 360 1
4 376 1
4 380 1
4 381 1
4 388 1
4 393 1
4 395 1
5 12 1
5 13 1
5 16 1
5 19 1
5 37 1
5 60 1
5 83 1
5 92 1
5 95 1
5 107 1
5 122 1
5 124 1
5 133 1
5 140 1
5 149 1
5 153 1
5 157 1
5 158 1
5 159 1
5 165 1
5 173 1
5 180 1
5 183 1
5 191 1
5 236 1
5 250 1
5 254 1
5 257 1
5 266 1
5 267 1
5 274 1
5 298 1
5 309 1
5 331 1
5 337 1
5 339 1
5 345 1
5 352 1
5 366 1
5 367 1
5 372 1
5 378 1
5 381 1
5 383 1
5 389 1
6 14 1
6 21 1
6 24 1
6 30 1
6 32 1
6 44 1
6 50 1
6 63 1
6 75 1
6 90 1
6 92 1
6 109 1
6 113 1
6 127 1
6 144 1
6 151 1
6 156 1
6 165 1
6 169 1
6 202 1
6 206 1
6 218 1
6 243 1
6 252 1
6 257 1
6 267 1
6 269 1
6 285 1
6 310 1
6 321 1
6 324 1
6 354 1
6 357 1
6 360 1
6 363 1
6 365 1
6 372 1
6 378 1
6 381 1
6 391 1
7 52 1
7 55 1
7 63 1
7 72 1
7 86 1
7 94 1
7 105 1
7 138 1
7 140 1
7 146 1
7 156 1
7 186 1
7 187 1
7 188 1
7 192 1
7 203 1
7 219 1
7 225 1
7 229 1
7 235 1
7 237 1
7 270 1
7 276 1
7 279 1
7 306 1
7 307 1
7 312 1
7 317 1
7 329 1
7 332 1
7 345 1
7 357 1
7 377 1
7 378 1
7 380 1
7 383 1
8 10 1
8 12 1
8 42 1
8 48 1
8 59 1
8 78 1
8 98 1
8 101 1
8 110 1
8 115 1
8 122 1
8 136 1
8 149 1
8 166 1
8 194 1
8 199 1
8 205 1
8 211 1
8 217 1
8 231 1
8 242 1
8 248 1
8 255 1
8 293 1
8 301 1
8 308 1
8 330 1
8 340 1
8 342 1
8 346 1
8 355 1
8 382 1
8 390 1
8 394 1
8 399 1
9 16 1
9 27 1
9 30 1
9 40 1
9 46 1
9 68 1
9 80 1
9 91 1
9 97 1
9 99 1
9 105 1
9 107 1
9 124 1
9 137 1
9 146 1
9 147 1
9 149 1
9 155 1
9 179 1
9 188 1
9 202 1
9 204 1
9 227 1
9 229 1
9 236 1
9 257 1
9 263 1
9 270 1
9 279 1
9 294 1
9 307 1
9 317 1
9 353 1
9 354 1
9 362 1
9 365 1
9 376 1
9 385 1
9 392 1
9 393 1
10 13 1
10 23 1
10 45 1
10 64 1
10 70 1
10 80 1
10 84 1
10 92 1
10 93 1
10 94 1
10 99 1
10 107 1
10 117 1
10 121 1
10 127 1
10 140 1
10 150 1
10 169 1
10 179 1
10 204 1
10 209 1
10 218 1
10 229 1
10 232 1
10 236 1
10 237 1
10 246 1
10 279 1
10 292 1
10 295 1
10 304 1
10 305 1
10 306 1
10 307 1
10 313 1
10 326 1
10 328 1
10 344 1
10 357 1
10 359 1
10 372 1
10 392 1
11 27 1
11 29 1
11 44 1
11 45 1
11 56 1
11 64 1
11 71 1
11 86 1
11 92 1
11 105 1
11 120 1
11 121 1
11 124 1
11 146 1
11 150 1
11 151 1
11 159 1
11 176 1
11 181 1
11 218 1
11 248 1
11 251 1
11 258 1
11 266 1
11 271 1
11 285 1
11 292 1
11 295 1
11 298 1
11 299 1
11 300 1
11 321 1
11 325 1
11 329 1
11 337 1
11 340 1
11 347 1
11 360 1
11 363 1
11 365 1
11 372 1
11 381 1
11 384 1
11 385 1
11 386 1
11 393 1
12 40 1
12 49 1
12 53 1
12 60 1
12 62 1
12 81 1
12 85 1
12 112 1
12 149 1
12 162 1
12 164 1
12 168 1
12 170 1
12 182 1
12 193 1
12 195 1
12 196 1
12 207 1
12 210 1
12 219 1
12 220 1
12 239 1
12 265 1
12 275 1
12 278 1
12 284 1
12 286 1
12 291 1
12 319 1
12 346 1
12 349 1
12 356 1
12 371 1
12 379 1
12 382 1
12 394 1
12 398 1
12 400 1
13 28 1
13 36 1
13 41 1
13 42 1
13 43 1
13 59 1
13 61 1
13 66 1
13 73 1
13 78 1
13 81 1
13 109 1
13 118 1
13 128 1
13 152 1
13 164 1
13 169 1
13 197 1
13 199 1
13 209 1
13 211 1
13 240 1
13 256 1
13 262 1
13 264 1
13 291 1
13 293 1
13 330 1
13 347 1
13 355 1
13 361 1
13 362 1
13 364 1
13 369 1
13 390 1
13 397 1
13 398 1
14 15 1
14 28 1
14 34 1
14 39 1
14 42 1
14 62 1
14 74 1
14 85 1
14 88 1
14 89 1
14 94 1
14 96 1
14 98 1
14 106 1
14 112 1
14 135 1
14 151 1
14 171 1
14 195 1
14 196 1
14 197 1
14 207 1
14 209 1
14 219 1
14 226 1
14 255 1
14 265 1
14 268 1
14 273 1
14 278 1
14 287 1
14 290 1
14 293 1
14 302 1
14 308 1
14 313 1
14 315 1
14 330 1
14 342 1
14 343 1
14 349 1
14 351 1
14 355 1
14 361 1
14 362 1
14 379 1
14 398 1
15 20 1
15 28 1
15 35 1
15 40 1
15 43 1
15 47 1
15 48 1
15 53 1
15 74 1
15 87 1
15 94 1
15 96 1
15 116 1
15 126 1
15 128 1
15 135 1
15 147 1
15 151 1
15 168 1
15 170 1
15 171 1
15 178 1
15 189 1
15 209 1
15 213 1
15 217 1
15 226 1
15 228 1
15 235 1
15 252 1
15 261 1
15 268 1
15 276 1
15 356 1
15 361 1
15 362 1
15 379 1
15 390 1
15 398 1
16 17 1
16 36 1
16 38 1
16 50 1
16 54 1
16 68 1
16 78 1
16 98 1
16 100 1
16 110 1
16 128 1
16 167 1
16 171 1
16 177 1
16 183 1
16 184 1
16 205 1
16 209 1
16 211 1
16 217 1
16 220 1
16 222 1
16 224 1
16 230 1
16 264 1
16 291 1
16 293 1
16 303 1
16 318 1
16 320 1
16 333 1
16 351 1
16 355 1
16 362 1
16 364 1
16 374 1
16 394 1
16 396 1
16 399 1
17 23 1
17 29 1
17 30 1
17 46 1
17 74 1
17 93 1
17 99 1
17 104 1
17 127 1
17 143 1
17 151 1
17 157 1
17 181 1
17 186 1
17 202 1
17 203 1
17 206 1
17 216 1
17 225 1
17 228 1
17 232 1
17 233 1
17 241 1
17 257 1
17 263 1
17 267 1
17 270 1
17 280 1
17 282 1
17 295 1
17 306 1
17 314 1
17 332 1
17 345 1
17 353 1
17 354 1
17 367 1
17 377 1
17 381 1
17 391 1
17 395 1
18 22 1
18 35 1
18 60 1
18 62 1
18 66 1
18 73 1
18 87 1
18 98 1
18 103 1
18 109 1
18 116 1
18 129 1
18 147 1
18 152 1
18 174 1
18 182 1
18 190 1
18 195 1
18 204 1
18 205 1
18 213 1
18 220 1
18 224 1
18 248 1
18 256 1
18 262 1
18 272 1
18 276 1
18 277 1
18 283 1
18 287 1
18 303 1
18 308 1
18 311 1
18 315 1
18 335 1
18 368 1
18 371 1
18 389 1
18 392 1
18 397 1
19 38 1
19 43 1
19 54 1
19 59 1
19 60 1
19 61 1
19 73 1
19 76 1
19 78 1
19 89 1
19 96 1
19 112 1
19 114 1
19 115 1
19 116 1
19 117 1
19 134 1
19 148 1
19 155 1
19 162 1
19 190 1
19 193 1
19 194 1
19 199 1
19 201 1
19 207 1
19 220 1
19 221 1
19 242 1
19 320 1
19 333 1
19 340 1
19 358 1
19 363 1
19 368 1
20 32 1
20 41 1
20 44 1
20 55 1
20 56 1
20 80 1
20 90 1
20 92 1
20 93 1
20 119 1
20 121 1
20 123 1
20 125 1
20 130 1
20 143 1
20 144 1
20 153 1
20 154 1
20 159 1
20 163 1
20 172 1
20 173 1
20 179 1
20 198 1
20 208 1
20 210 1
20 212 1
20 215 1
20 236 1
20 243 1
20 246 1
20 257 1
20 263 1
20 271 1
20 279 1
20 282 1
20 285 1
20 299 1
20 305 1
20 317 1
20 341 1
20 344 1
20 347 1
20 348 1
20 354 1
20 363 1
20 380 1
20 387 1
20 393 1
20 395 1
21 22 1
21 47 1
21 66 1
21 92 1
21 101 1
21 112 1
21 134 1
21 144 1
21 147 1
21 160 1
21 176 1
21 178 1
21 190 1
21 193 1
21 207 1
21 210 1
21 213 1
21 217 1
21 221 1
21 225 1
21 226 1
21 231 1
21 234 1
21 240 1
21 245 1
21 252 1
21 261 1
21 272 1
21 277 1
21 278 1
21 283 1
21 284 1
21 286 1
21 287 1
21 290 1
21 293 1
21 303 1
21 311 1
21 315 1
21 320 1
21 327 1
21 330 1
21 351 1
21 361 1
21 364 1
21 368 1
21 374 1
21 399 1
22 31 1
22 33 1
22 37 1
22 64 1
22 75 1
22 79 1
22 86 1
22 95 1
22 103 1
22 105 1
22 113 1
22 123 1
22 125 1
22 127 1
22 130 1
22 140 1
22 143 1
22 156 1
22 165 1
22 172 1
22 186 1
22 221 1
22 237 1
22 257 1
22 263 1
22 267 1
22 271 1
22 282 1
22 294 1
22 307 1
22 309 1
22 312 1
22 322 1
22 341 1
22 343 1
22 348 1
22 351 1
22 353 1
22 357 1
22 359 1
22 367 1
22 378 1
22 381 1
23 26 1
23 36 1
23 49 1
23 65 1
23 89 1
23 90 1
23 96 1
23 116 1
23 118 1
23 122 1
23 152 1
23 164 1
23 167 1
23 176 1
23 178 1
23 184 1
23 185 1
23 190 1
23 193 1
23 194 1
23 209 1
23 224 1
23 240 1
23 242 1
23 250 1
23 256 1
23 261 1
23 277 1
23 293 1
23 297 1
23 302 1
23 327 1
23 333 1
23 342 1
23 362 1
24 35 1
24 36 1
24 49 1
24 67 1
24 73 1
24 76 1
24 77 1
24 85 1
24 87 1
24 96 1
24 111 1
24 135 1
24 141 1
24 142 1
24 200 1
24 211 1
24 221 1
24 230 1
24 239 1
24 242 1
24 249 1
24 255 1
24 262 1
24 268 1
24 273 1
24 275 1
24 276 1
24 286 1
24 287 1
24 299 1
24 300 1
24 332 1
24 346 1
24 355 1
24 362 1
24 364 1
24 369 1
24 394 1
25 26 1
25 35 1
25 40 1
25 58 1
25 73 1
25 84 1
25 96 1
25 98 1
25 112 1
25 116 1
25 118 1
25 128 1
25 142 1
25 152 1
25 154 1
25 161 1
25 164 1
25 178 1
25 190 1
25 195 1
25 196 1
25 210 1
25 211 1
25 223 1
25 224 1
25 226 1
25 229 1
25 245 1
25 248 1
25 249 1
25 262 1
25 265 1
25 272 1
25 276 1
25 278 1
25 283 1
25 287 1
25 297 1
25 303 1
25 306 1
25 323 1
25 326 1
25 333 1
25 351 1
25 399 1
25 400 1
26 31 1
26 33 1
26 44 1
26 57 1
26 68 1
26 75 1
26 79 1
26 90 1
26 91 1
26 127 1
26 133 1
26 139 1
26 140 1
26 143 1
26 156 1
26 186 1
26 195 1
26 216 1
26 229 1
26 238 1
26 257 1
26 266 1
26 269 1
26 274 1
26 292 1
26 303 1
26 306 1
26 319 1
26 331 1
26 347 1
26 354 1
26 367 1
26 370 1
26 372 1
26 383 1
26 391 1
27 34 1
27 35 1
27 39 1
27 53 1
27 96 1
27 100 1
27 132 1
27 138 1
27 148 1
27 189 1
27 194 1
27 198 1
27 199 1
27 226 1
27 253 1
27 261 1
27 268 1
27 277 1
27 286 1
27 290 1
27 301 1
27 320 1
27 325 1
27 327 1
27 330 1
27 334 1
27 335 1
27 342 1
27 355 1
27 356 1
27 370 1
27 379 1
27 399 1
28 31 1
28 37 1
28 44 1
28 46 1
28 62 1
28 80 1
28 102 1
28 121 1
28 127 1
28 133 1
28 151 1
28 185 1
28 187 1
28 191 1
28 208 1
28 233 1
28 236 1
28 258 1
28 259 1
28 291 1
28 292 1
28 294 1
28 300 1
28 309 1
28 337 1
28 344 1
28 347 1
28 377 1
28 383 1
28 386 1
29 54 1
29 67 1
29 81 1
29 85 1
29 96 1
29 106 1
29 108 1
29 111 1
29 116 1
29 126 1
29 142 1
29 152 1
29 177 1
29 234 1
29 247 1
29 272 1
29 318 1
29 323 1
29 331 1
29 335 1
29 339 1
29 352 1
29 356 1
29 362 1
29 371 1
29 375 1
29 396 1
30 38 1
30 39 1
30 48 1
30 54 1
30 59 1
30 60 1
30 96 1
30 98 1
30 102 1
30 106 1
30 109 1
30 112 1
30 128 1
30 148 1
30 171 1
30 199 1
30 227 1
30 230 1
30 238 1
30 239 1
30 248 1
30 255 1
30 279 1
30 284 1
30 297 1
30 302 1
30 318 1
30 330 1
30 333 1
30 351 1
30 356 1
30 362 1
30 394 1
31 34 1
31 35 1
31 61 1
31 64 1
31 66 1
31 74 1
31 89 1
31 102 1
31 107 1
31 141 1
31 160 1
31 164 1
31 178 1
31 194 1
31 195 1
31 234 1
31 245 1
31 261 1
31 268 1
31 280 1
31 288 1
31 290 1
31 313 1
31 318 1
31 323 1
31 333 1
31 335 1
31 343 1
31 349 1
31 356 1
31 358 1
31 362 1
31 375 1
31 385 1
32 35 1
32 47 1
32 62 1
32 77 1
32 114 1
32 116 1
32 126 1
32 129 1
32 133 1
32 134 1
32 135 1
32 136 1
32 161 1
32 167 1
32 168 1
32 171 1
32 175 1
32 182 1
32 194 1
32 210 1
32 214 1
32 221 1
32 223 1
32 231 1
32 234 1
32 235 1
32 236 1
32 247 1
32 267 1
32 273 1
32 275 1
32 277 1
32 289 1
32 290 1
32 302 1
32 315 1
32 351 1
32 358 1
32 364 1
32 390 1
32 394 1
32 400 1
33 40 1
33 43 1
33 55 1
33 59 1
33 88 1
33 129 1
33 132 1
33 135 1
33 141 1
33 160 1
33 189 1
33 195 1
33 196 1
33 199 1
33 214 1
33 239 1
33 251 1
33 252 1
33 255 1
33 265 1
33 272 1
33 280 1
33 281 1
33 288 1
33 289 1
33 290 1
33 311 1
33 330 1
33 338 1
33 346 1
33 375 1
33 398 1
34 44 1
34 52 1
34 58 1
34 69 1
34 70 1
34 123 1
34 145 1
34 150 1
34 155 1
34 162 1
34 181 1
34 183 1
34 202 1
34 215 1
34 216 1
34 237 1
34 239 1
34 250 1
34 258 1
34 259 1
34 260 1
34 271 1
34 281 1
34 285 1
34 295 1
34 325 1
34 344 1
34 347 1
34 352 1
34 360 1
34 372 1
34 385 1
34 386 1
34 392 1
34 393 1
35 63 1
35 91 1
35 123 1
35 133 1
35 144 1
35 149 1
35 157 1
35 183 1
35 187 1
35 188 1
35 193 1
35 200 1
35 208 1
35 216 1
35 241 1
35 250 1
35 251 1
35 258 1
35 260 1
35 266 1
35 267 1
35 281 1
35 282 1
35 285 1
35 292 1
35 295 1
35 296 1
35 306 1
35 307 1
35 309 1
35 314 1
35 321 1
35 322 1
35 325 1
35 339 1
35 347 1
35 361 1
35 363 1
35 380 1
35 385 1
36 66 1
36 75 1
36 83 1
36 92 1
36 104 1
36 117 1
36 138 1
36 139 1
36 155 1
36 156 1
36 157 1
36 163 1
36 175 1
36 192 1
36 225 1
36 236 1
36 251 1
36 267 1
36 274 1
36 285 1
36 312 1
36 322 1
36 332 1
36 337 1
36 342 1
36 344 1
36 345 1
36 353 1
36 357 1
36 359 1
36 366 1
36 378 1
36 386 1
36 387 1
36 391 1
36 392 1
37 42 1
37 59 1
37 66 1
37 67 1
37 76 1
37 81 1
37 87 1
37 102 1
37 106 1
37 109 1
37 118 1
37 126 1
37 134 1
37 141 1
37 154 1
37 156 1
37 161 1
37 189 1
37 190 1
37 209 1
37 220 1
37 221 1
37 222 1
37 228 1
37 230 1
37 241 1
37 242 1
37 255 1
37 277 1
37 293 1
37 313 1
37 326 1
37 330 1
37 340 1
37 343 1
37 356 1
37 362 1
37 379 1
37 391 1
37 394 1
38 50 1
38 51 1
38 55 1
38 57 1
38 68 1
38 77 1
38 82 1
38 84 1
38 92 1
38 97 1
38 99 1
38 107 1
38 111 1
38 130 1
38 140 1
38 146 1
38 159 1
38 163 1
38 188 1
38 204 1
38 236 1
38 246 1
38 255 1
38 269 1
38 279 1
38 294 1
38 295 1
38 336 1
38 339 1
38 341 1
38 354 1
38 360 1
38 372 1
39 44 1
39 64 1
39 75 1
39 91 1
39 94 1
39 99 1
39 127 1
39 137 1
39 149 1
39 158 1
39 181 1
39 215 1
39 218 1
39 229 1
39 232 1
39 233 1
39 250 1
39 263 1
39 270 1
39 289 1
39 300 1
39 310 1
39 312 1
39 325 1
39 328 1
39 331 1
39 341 1
39 380 1
39 382 1
39 383 1
39 390 1
39 399 1
40 46 1
40 70 1
40 72 1
40 79 1
40 92 1
40 103 1
40 104 1
40 113 1
40 123 1
40 127 1
40 144 1
40 147 1
40 151 1
40 153 1
40 155 1
40 156 1
40 159 1
40 172 1
40 188 1
40 192 1
40 203 1
40 206 1
40 212 1
40 225 1
40 227 1
40 237 1
40 258 1
40 259 1
40 263 1
40 267 1
40 292 1
40 294 1
40 305 1
40 307 1
40 360 1
40 362 1
40 378 1
41 42 1
41 53 1
41 58 1
41 62 1
41 87 1
41 88 1
41 109 1
41 126 1
41 129 1
41 142 1
41 147 1
41 160 1
41 162 1
41 169 1
41 170 1
41 174 1
41 219 1
41 220 1
41 224 1
41 245 1
41 252 1
41 268 1
41 275 1
41 278 1
41 280 1
41 288 1
41 290 1
41 315 1
41 318 1
41 334 1
41 335 1
41 347 1
41 349 1
41 355 1
41 362 1
41 379 1
41 394 1
42 44 1
42 50 1
42 57 1
42 71 1
42 79 1
42 82 1
42 110 1
42 120 1
42 127 1
42 145 1
42 146 1
42 159 1
42 169 1
42 172 1
42 179 1
42 181 1
42 191 1
42 213 1
42 257 1
42 266 1
42 282 1
42 288 1
42 294 1
42 314 1
42 332 1
42 337 1
42 341 1
42 377 1
42 382 1
42 383 1
42 387 1
42 388 1
43 56 1
43 57 1
43 69 1
43 72 1
43 75 1
43 78 1
43 82 1
43 84 1
43 89 1
43 99 1
43 121 1
43 127 1
43 130 1
43 133 1
43 137 1
43 145 1
43 155 1
43 158 1
43 182 1
43 187 1
43 203 1
43 236 1
43 237 1
43 257 1
43 258 1
43 292 1
43 298 1
43 309 1
43 317 1
43 328 1
43 348 1
43 365 1
43 370 1
43 395 1
44 47 1
44 49 1
44 51 1
44 74 1
44 88 1
44 108 1
44 115 1
44 128 1
44 129 1
44 136 1
44 161 1
44 168 1
44 178 1
44 182 1
44 188 1
44 193 1
44 211 1
44 213 1
44 226 1
44 231 1
44 237 1
44 245 1
44 247 1
44 252 1
44 265 1
44 283 1
44 286 1
44 288 1
44 302 1
44 303 1
44 338 1
44 374 1
44 389 1
45 53 1
45 62 1
45 65 1
45 66 1
45 67 1
45 85 1
45 112 1
45 126 1
45 131 1
45 134 1
45 142 1
45 147 1
45 154 1
45 161 1
45 177 1
45 178 1
45 182 1
45 196 1
45 213 1
45 222 1
45 228 1
45 240 1
45 244 1
45 268 1
45 274 1
45 280 1
45 283 1
45 289 1
45 290 1
45 305 1
45 308 1
45 318 1
45 326 1
45 364 1
45 375 1
45 389 1
45 390 1
45 400 1
46 60 1
46 67 1
46 81 1
46 87 1
46 98 1
46 108 1
46 109 1
46 110 1
46 115 1
46 129 1
46 142 1
46 167 1
46 176 1
46 186 1
46 189 1
46 194 1
46 215 1
46 224 1
46 235 1
46 239 1
46 245 1
46 268 1
46 277 1
46 286 1
46 287 1
46 290 1
46 311 1
46 316 1
46 320 1
46 326 1
46 335 1
46 338 1
46 346 1
46 350 1
46 371 1
46 399 1
47 51 1
47 53 1
47 59 1
47 71 1
47 80 1
47 82 1
47 83 1
47 92 1
47 93 1
47 95 1
47 119 1
47 125 1
47 138 1
47 140 1
47 144 1
47 145 1
47 150 1
47 156 1
47 173 1
47 185 1
47 186 1
47 203 1
47 206 1
47 238 1
47 246 1
47 250 1
47 331 1
47 350 1
47 357 1
47 359 1
47 360 1
47 365 1
47 377 1
47 388 1
47 394 1
48 55 1
48 65 1
48 71 1
48 75 1
48 82 1
48 85 1
48 93 1
48 99 1
48 124 1
48 136 1
48 140 1
48 153 1
48 156 1
48 173 1
48 185 1
48 186 1
48 202 1
48 206 1
48 208 1
48 216 1
48 218 1
48 229 1
48 232 1
48 237 1
48 243 1
48 244 1
48 251 1
48 257 1
48 269 1
48 298 1
48 304 1
48 306 1
48 309 1
48 339 1
48 341 1
48 353 1
48 367 1
48 380 1
48 382 1
48 387 1
48 391 1
48 395 1
49 63 1
49 94 1
49 99 1
49 116 1
49 156 1
49 169 1
49 180 1
49 185 1
49 186 1
49 187 1
49 202 1
49 203 1
49 212 1
49 218 1
49 230 1
49 233 1
49 236 1
49 251 1
49 254 1
49 263 1
49 271 1
49 283 1
49 285 1
49 304 1
49 306 1
49 310 1
49 312 1
49 314 1
49 325 1
49 341 1
49 345 1
49 347 1
49 350 1
49 354 1
49 363 1
49 376 1
49 386 1
49 388 1
49 392 1
50 53 1
50 54 1
50 58 1
50 67 1
50 68 1
50 85 1
50 88 1
50 89 1
50 96 1
50 101 1
50 129 1
50 132 1
50 160 1
50 170 1
50 175 1
50 177 1
50 183 1
50 196 1
50 199 1
50 201 1
50 209 1
50 221 1
50 223 1
50 224 1
50 239 1
50 245 1
50 248 1
50 262 1
50 264 1
50 272 1
50 288 1
50 301 1
50 302 1
50 315 1
50 323 1
50 330 1
50 343 1
50 351 1
50 355 1
50 362 1
50 371 1
50 379 1
51 59 1
51 61 1
51 66 1
51 73 1
51 77 1
51 78 1
51 89 1
51 118 1
51 128 1
51 141 1
51 160 1
51 164 1
51 170 1
51 176 1
51 184 1
51 188 1
51 201 1
51 226 1
51 230 1
51 235 1
51 237 1
51 255 1
51 256 1
51 262 1
51 265 1
51 277 1
51 284 1
51 302 1
51 338 1
51 355 1
51 358 1
51 361 1
51 399 1
52 56 1
52 62 1
52 73 1
52 76 1
52 85 1
52 96 1
52 102 1
52 111 1
52 115 1
52 116 1
52 126 1
52 148 1
52 172 1
52 175 1
52 177 1
52 210 1
52 211 1
52 214 1
52 222 1
52 223 1
52 242 1
52 252 1
52 273 1
52 286 1
52 289 1
52 304 1
52 311 1
52 316 1
52 318 1
52 323 1
52 364 1
52 375 1
52 397 1
52 399 1
53 59 1
53 71 1
53 72 1
53 93 1
53 95 1
53 97 1
53 103 1
53 113 1
53 144 1
53 155 1
53 157 1
53 158 1
53 173 1
53 181 1
53 187 1
53 216 1
53 237 1
53 244 1
53 258 1
53 281 1
53 292 1
53 324 1
53 329 1
53 380 1
53 384 1
53 391 1
53 394 1
54 57 1
54 64 1
54 68 1
54 71 1
54 91 1
54 93 1
54 95 1
54 103 1
54 104 1
54 113 1
54 120 1
54 134 1
54 143 1
54 144 1
54 156 1
54 183 1
54 204 1
54 229 1
54 243 1
54 257 1
54 266 1
54 270 1
54 294 1
54 298 1
54 304 1
54 312 1
54 322 1
54 331 1
54 337 1
54 347 1
54 353 1
54 357 1
54 372 1
54 374 1
54 376 1
54 381 1
54 384 1
54 386 1
54 387 1
54 388 1
54 400 1
55 60 1
55 65 1
55 77 1
55 81 1
55 100 1
55 101 1
55 112 1
55 114 1
55 141 1
55 152 1
55 170 1
55 177 1
55 184 1
55 205 1
55 219 1
55 228 1
55 235 1
55 242 1
55 248 1
55 251 1
55 262 1
55 264 1
55 281 1
55 291 1
55 301 1
55 323 1
55 327 1
55 338 1
55 349 1
55 351 1
55 356 1
55 364 1
55 390 1
55 394 1
55 397 1
56 59 1
56 100 1
56 142 1
56 154 1
56 166 1
56 167 1
56 171 1
56 172 1
56 193 1
56 198 1
56 207 1
56 210 1
56 221 1
56 223 1
56 230 1
56 234 1
56 235 1
56 252 1
56 273 1
56 275 1
56 290 1
56 304 1
56 308 1
56 311 1
56 326 1
56 327 1
56 333 1
56 349 1
56 371 1
56 374 1
57 58 1
57 61 1
57 78 1
57 99 1
57 112 1
57 135 1
57 136 1
57 173 1
57 189 1
57 196 1
57 200 1
57 234 1
57 255 1
57 261 1
57 265 1
57 286 1
57 330 1
57 342 1
57 343 1
57 349 1
57 351 1
57 364 1
57 367 1
57 369 1
57 390 1
57 394 1
57 397 1
58 63 1
58 70 1
58 90 1
58 91 1
58 95 1
58 119 1
58 120 1
58 127 1
58 137 1
58 138 1
58 139 1
58 156 1
58 162 1
58 173 1
58 180 1
58 202 1
58 218 1
58 229 1
58 233 1
58 236 1
58 239 1
58 243 1
58 279 1
58 309 1
58 312 1
58 336 1
58 357 1
58 360 1
58 366 1
58 380 1
58 381 1
58 386 1
58 392 1
59 70 1
59 94 1
59 124 1
59 125 1
59 133 1
59 138 1
59 146 1
59 150 1
59 173 1
59 183 1
59 185 1
59 244 1
59 246 1
59 260 1
59 279 1
59 281 1
59 300 1
59 321 1
59 341 1
59 347 1
59 382 1
59 394 1
59 395 1
60 71 1
60 95 1
60 122 1
60 123 1
60 130 1
60 156 1
60 159 1
60 165 1
60 169 1
60 172 1
60 179 1
60 180 1
60 183 1
60 187 1
60 191 1
60 206 1
60 229 1
60 251 1
60 267 1
60 295 1
60 300 1
60 331 1
60 341 1
60 350 1
60 354 1
60 359 1
60 370 1
60 389 1
60 395 1
61 70 1
61 72 1
61 83 1
61 84 1
61 105 1
61 120 1
61 121 1
61 123 1
61 137 1
61 143 1
61 156 1
61 160 1
61 161 1
61 169 1
61 179 1
61 187 1
61 191 1
61 206 1
61 212 1
61 229 1
61 238 1
61 254 1
61 259 1
61 266 1
61 267 1
61 269 1
61 282 1
61 285 1
61 307 1
61 309 1
61 314 1
61 317 1
61 321 1
61 323 1
61 329 1
61 331 1
61 352 1
61 354 1
61 359 1
61 365 1
61 373 1
61 376 1
61 384 1
61 391 1
61 393 1
61 395 1
62 63 1
62 70 1
62 93 1
62 95 1
62 102 1
62 120 1
62 169 1
62 172 1
62 181 1
62 185 1
62 215 1
62 232 1
62 241 1
62 250 1
62 258 1
62 266 1
62 274 1
62 291 1
62 295 1
62 314 1
62 339 1
62 345 1
62 382 1
62 383 1
62 388 1
62 393 1
63 78 1
63 88 1
63 100 1
63 110 1
63 111 1
63 129 1
63 160 1
63 194 1
63 195 1
63 197 1
63 199 1
63 219 1
63 220 1
63 222 1
63 223 1
63 224 1
63 231 1
63 232 1
63 245 1
63 288 1
63 289 1
63 319 1
63 323 1
63 327 1
63 328 1
63 342 1
63 343 1
63 369 1
63 378 1
63 394 1
64 73 1
64 78 1
64 85 1
64 101 1
64 107 1
64 111 1
64 128 1
64 152 1
64 162 1
64 170 1
64 178 1
64 189 1
64 194 1
64 196 1
64 209 1
64 211 1
64 213 1
64 214 1
64 219 1
64 242 1
64 245 1
64 272 1
64 276 1
64 283 1
64 288 1
64 289 1
64 290 1
64 301 1
64 311 1
64 316 1
64 349 1
64 364 1
64 375 1
64 385 1
65 80 1
65 84 1
65 85 1
65 90 1
65 92 1
65 97 1
65 103 1
65 107 1
65 121 1
65 130 1
65 136 1
65 151 1
65 153 1
65 157 1
65 165 1
65 179 1
65 188 1
65 192 1
65 243 1
65 259 1
65 269 1
65 300 1
65 305 1
65 328 1
65 337 1
65 354 1
65 383 1
65 388 1
65 392 1
66 72 1
66 94 1
66 95 1
66 99 1
66 103 1
66 117 1
66 127 1
66 137 1
66 143 1
66 149 1
66 151 1
66 159 1
66 173 1
66 175 1
66 180 1
66 183 1
66 204 1
66 229 1
66 233 1
66 260 1
66 269 1
66 270 1
66 296 1
66 299 1
66 305 1
66 322 1
66 325 1
66 342 1
66 376 1
66 384 1
66 385 1
67 82 1
67 119 1
67 121 1
67 125 1
67 144 1
67 149 1
67 151 1
67 170 1
67 172 1
67 173 1
67 180 1
67 202 1
67 237 1
67 241 1
67 244 1
67 250 1
67 260 1
67 265 1
67 270 1
67 282 1
67 284 1
67 292 1
67 300 1
67 348 1
67 363 1
67 365 1
67 372 1
67 381 1
67 384 1
67 391 1
68 73 1
68 76 1
68 78 1
68 87 1
68 100 1
68 106 1
68 116 1
68 132 1
68 136 1
68 166 1
68 168 1
68 174 1
68 175 1
68 177 1
68 183 1
68 184 1
68 195 1
68 214 1
68 234 1
68 245 1
68 262 1
68 264 1
68 278 1
68 287 1
68 289 1
68 293 1
68 315 1
68 318 1
68 320 1
68 323 1
68 326 1
68 330 1
68 343 1
68 355 1
68 364 1
68 394 1
68 400 1
69 73 1
69 74 1
69 77 1
69 85 1
69 106 1
69 141 1
69 147 1
69 150 1
69 160 1
69 161 1
69 170 1
69 174 1
69 175 1
69 194 1
69 197 1
69 200 1
69 219 1
69 222 1
69 224 1
69 226 1
69 228 1
69 234 1
69 239 1
69 249 1
69 252 1
69 255 1
69 273 1
69 275 1
69 278 1
69 287 1
69 288 1
69 289 1
69 298 1
69 312 1
69 355 1
69 369 1
69 375 1
69 394 1
70 74 1
70 100 1
70 131 1
70 137 1
70 142 1
70 162 1
70 190 1
70 194 1
70 201 1
70 207 1
70 209 1
70 213 1
70 217 1
70 221 1
70 234 1
70 249 1
70 270 1
70 273 1
70 283 1
70 286 1
70 322 1
70 338 1
70 340 1
70 349 1
70 364 1
70 397 1
70 398 1
71 81 1
71 85 1
71 98 1
71 131 1
71 132 1
71 147 1
71 159 1
71 161 1
71 162 1
71 171 1
71 174 1
71 196 1
71 198 1
71 205 1
71 209 1
71 228 1
71 234 1
71 245 1
71 248 1
71 252 1
71 254 1
71 268 1
71 275 1
71 288 1
71 315 1
71 320 1
71 334 1
71 364 1
71 375 1
71 388 1
72 77 1
72 81 1
72 96 1
72 115 1
72 118 1
72 130 1
72 136 1
72 139 1
72 154 1
72 160 1
72 168 1
72 174 1
72 224 1
72 231 1
72 262 1
72 273 1
72 286 1
72 288 1
72 289 1
72 290 1
72 293 1
72 302 1
72 321 1
72 323 1
72 368 1
72 375 1
72 398 1
72 400 1
73 75 1
73 91 1
73 112 1
73 117 1
73 124 1
73 127 1
73 130 1
73 156 1
73 157 1
73 186 1
73 187 1
73 192 1
73 203 1
73 204 1
73 214 1
73 229 1
73 254 1
73 258 1
73 259 1
73 263 1
73 271 1
73 293 1
73 317 1
73 344 1
73 348 1
73 354 1
73 377 1
73 378 1
73 385 1
73 391 1
74 84 1
74 95 1
74 105 1
74 125 1
74 144 1
74 145 1
74 155 1
74 163 1
74 165 1
74 192 1
74 212 1
74 216 1
74 218 1
74 227 1
74 228 1
74 237 1
74 238 1
74 244 1
74 251 1
74 279 1
74 280 1
74 285 1
74 295 1
74 298 1
74 299 1
74 321 1
74 325 1
74 339 1
74 348 1
74 350 1
74 352 1
74 365 1
74 370 1
74 373 1
74 382 1
74 384 1
74 388 1
75 77 1
75 78 1
75 88 1
75 93 1
75 102 1
75 115 1
75 141 1
75 145 1
75 168 1
75 174 1
75 213 1
75 217 1
75 228 1
75 239 1
75 253 1
75 313 1
75 327 1
75 330 1
75 335 1
75 346 1
75 355 1
75 364 1
75 369 1
75 393 1
75 399 1
76 80 1
76 83 1
76 97 1
76 119 1
76 120 1
76 124 1
76 137 1
76 139 1
76 140 1
76 151 1
76 169 1
76 181 1
76 215 1
76 216 1
76 218 1
76 237 1
76 245 1
76 246 1
76 250 1
76 257 1
76 258 1
76 259 1
76 274 1
76 285 1
76 298 1
76 301 1
76 308 1
76 357 1
76 360 1
76 370 1
76 377 1
76 381 1
76 382 1
77 80 1
77 92 1
77 95 1
77 107 1
77 111 1
77 113 1
77 127 1
77 133 1
77 144 1
77 146 1
77 153 1
77 157 1
77 173 1
77 186 1
77 203 1
77 212 1
77 218 1
77 246 1
77 250 1
77 251 1
77 255 1
77 263 1
77 269 1
77 282 1
77 295 1
77 296 1
77 341 1
77 353 1
77 357 1
77 363 1
77 365 1
77 366 1
77 367 1
77 386 1
78 84 1
78 89 1
78 95 1
78 107 1
78 113 1
78 120 1
78 125 1
78 127 1
78 145 1
78 153 1
78 163 1
78 182 1
78 212 1
78 225 1
78 243 1
78 246 1
78 257 1
78 259 1
78 267 1
78 271 1
78 279 1
78 281 1
78 299 1
78 331 1
78 332 1
78 336 1
78 366 1
78 381 1
78 388 1
78 391 1
79 102 1
79 112 1
79 135 1
79 136 1
79 147 1
79 177 1
79 192 1
79 194 1
79 196 1
79 200 1
79 205 1
79 210 1
79 219 1
79 228 1
79 247 1
79 249 1
79 253 1
79 257 1
79 264 1
79 273 1
79 276 1
79 287 1
79 291 1
79 293 1
79 313 1
79 315 1
79 318 1
79 337 1
79 340 1
79 349 1
79 351 1
79 389 1
79 399 1
79 400 1
80 89 1
80 126 1
80 136 1
80 141 1
80 148 1
80 152 1
80 171 1
80 177 1
80 208 1
80 211 1
80 222 1
80 240 1
80 262 1
80 264 1
80 291 1
80 296 1
80 301 1
80 303 1
80 320 1
80 327 1
80 335 1
80 338 1
80 362 1
80 373 1
80 390 1
80 396 1
80 398 1
81 83 1
81 91 1
81 105 1
81 107 1
81 113 1
81 121 1
81 140 1
81 150 1
81 165 1
81 172 1
81 185 1
81 202 1
81 212 1
81 217 1
81 225 1
81 233 1
81 236 1
81 237 1
81 250 1
81 257 1
81 267 1
81 279 1
81 282 1
81 286 1
81 295 1
81 305 1
81 328 1
81 332 1
81 337 1
81 344 1
81 353 1
81 357 1
81 367 1
81 382 1
81 384 1
81 391 1
82 96 1
82 112 1
82 132 1
82 152 1
82 166 1
82 175 1
82 213 1
82 219 1
82 239 1
82 249 1
82 252 1
82 268 1
82 269 1
82 271 1
82 275 1
82 291 1
82 303 1
82 315 1
82 324 1
82 327 1
82 333 1
82 342 1
82 343 1
82 349 1
82 351 1
82 362 1
82 379 1
82 400 1
83 91 1
83 95 1
83 96 1
83 100 1
83 148 1
83 152 1
83 160 1
83 164 1
83 177 1
83 184 1
83 197 1
83 200 1
83 207 1
83 213 1
83 217 1
83 224 1
83 239 1
83 261 1
83 262 1
83 301 1
83 307 1
83 308 1
83 313 1
83 316 1
83 340 1
83 361 1
83 368 1
83 369 1
83 394 1
84 88 1
84 101 1
84 102 1
84 109 1
84 118 1
84 134 1
84 147 1
84 174 1
84 176 1
84 182 1
84 194 1
84 198 1
84 199 1
84 229 1
84 230 1
84 234 1
84 235 1
84 248 1
84 261 1
84 276 1
84 283 1
84 306 1
84 311 1
84 316 1
84 338 1
84 346 1
84 355 1
84 369 1
84 400 1
85 92 1
85 95 1
85 104 1
85 119 1
85 124 1
85 136 1
85 144 1
85 150 1
85 157 1
85 163 1
85 165 1
85 173 1
85 181 1
85 188 1
85 192 1
85 237 1
85 250 1
85 263 1
85 270 1
85 279 1
85 282 1
85 328 1
85 329 1
85 337 1
85 366 1
85 373 1
85 382 1
85 385 1
86 98 1
86 100 1
86 101 1
86 106 1
86 108 1
86 111 1
86 115 1
86 116 1
86 135 1
86 168 1
86 176 1
86 184 1
86 196 1
86 209 1
86 219 1
86 224 1
86 228 1
86 231 1
86 235 1
86 249 1
86 278 1
86 280 1
86 286 1
86 291 1
86 301 1
86 303 1
86 308 1
86 318 1
86 330 1
86 334 1
86 338 1
86 341 1
86 346 1
86 356 1
86 366 1
86 368 1
86 384 1
86 397 1
87 95 1
87 97 1
87 99 1
87 113 1
87 155 1
87 169 1
87 185 1
87 211 1
87 212 1
87 215 1
87 241 1
87 244 1
87 250 1
87 259 1
87 270 1
87 281 1
87 285 1
87 299 1
87 300 1
87 309 1
87 314 1
87 316 1
87 322 1
87 338 1
87 352 1
87 370 1
87 382 1
87 391 1
87 392 1
88 97 1
88 114 1
88 123 1
88 138 1
88 140 1
88 143 1
88 146 1
88 173 1
88 185 1
88 202 1
88 203 1
88 226 1
88 243 1
88 246 1
88 250 1
88 251 1
88 258 1
88 263 1
88 266 1
88 269 1
88 275 1
88 285 1
88 357 1
88 360 1
88 366 1
88 378 1
89 94 1
89 121 1
89 133 1
89 138 1
89 182 1
89 186 1
89 212 1
89 243 1
89 254 1
89 257 1
89 292 1
89 298 1
89 304 1
89 306 1
89 317 1
89 322 1
89 324 1
89 336 1
89 344 1
89 347 1
89 357 1
89 360 1
89 366 1
89 367 1
89 378 1
89 384 1
89 388 1
89 391 1
90 112 1
90 135 1
90 136 1
90 167 1
90 171 1
90 185 1
90 189 1
90 197 1
90 198 1
90 205 1
90 207 1
90 211 1
90 213 1
90 220 1
90 231 1
90 234 1
90 239 1
90 250 1
90 252 1
90 289 1
90 297 1
90 333 1
90 342 1
90 351 1
90 371 1
91 95 1
91 96 1
91 116 1
91 131 1
91 134 1
91 135 1
91 141 1
91 162 1
91 164 1
91 177 1
91 189 1
91 193 1
91 198 1
91 201 1
91 222 1
91 223 1
91 230 1
91 262 1
91 280 1
91 288 1
91 289 1
91 307 1
91 311 1
91 330 1
91 335 1
91 342 1
91 343 1
91 355 1
91 364 1
91 371 1
92 102 1
92 110 1
92 114 1
92 116 1
92 126 1
92 134 1
92 135 1
92 136 1
92 144 1
92 152 1
92 175 1
92 176 1
92 178 1
92 184 1
92 196 1
92 197 1
92 207 1
92 211 1
92 213 1
92 223 1
92 225 1
92 252 1
92 255 1
92 264 1
92 268 1
92 273 1
92 276 1
92 277 1
92 278 1
92 293 1
92 303 1
92 316 1
92 318 1
92 351 1
92 397 1
93 98 1
93 100 1
93 108 1
93 115 1
93 129 1
93 135 1
93 145 1
93 148 1
93 164 1
93 177 1
93 182 1
93 198 1
93 207 1
93 210 1
93 220 1
93 245 1
93 248 1
93 262 1
93 278 1
93 283 1
93 288 1
93 290 1
93 302 1
93 308 1
93 315 1
93 318 1
93 356 1
93 364 1
93 390 1
93 393 1
93 396 1
93 398 1
93 399 1
94 96 1
94 98 1
94 100 1
94 101 1
94 112 1
94 134 1
94 148 1
94 151 1
94 152 1
94 160 1
94 168 1
94 170 1
94 171 1
94 190 1
94 220 1
94 222 1
94 255 1
94 284 1
94 297 1
94 303 1
94 318 1
94 334 1
94 340 1
94 351 1
94 362 1
94 368 1
94 390 1
95 96 1
95 109 1
95 122 1
95 126 1
95 129 1
95 132 1
95 142 1
95 161 1
95 175 1
95 182 1
95 184 1
95 195 1
95 197 1
95 199 1
95 207 1
95 209 1
95 213 1
95 214 1
95 219 1
95 220 1
95 253 1
95 275 1
95 276 1
95 284 1
95 287 1
95 288 1
95 289 1
95 291 1
95 302 1
95 307 1
95 311 1
95 349 1
95 362 1
95 374 1
95 379 1
95 390 1
95 400 1
96 107 1
96 133 1
96 155 1
96 169 1
96 201 1
96 202 1
96 203 1
96 204 1
96 218 1
96 225 1
96 227 1
96 229 1
96 233 1
96 236 1
96 240 1
96 243 1
96 244 1
96 254 1
96 268 1
96 274 1
96 282 1
96 295 1
96 299 1
96 300 1
96 306 1
96 310 1
96 324 1
96 325 1
96 332 1
96 337 1
96 344 1
96 352 1
96 353 1
96 367 1
96 387 1
97 102 1
97 108 1
97 115 1
97 122 1
97 126 1
97 131 1
97 158 1
97 176 1
97 182 1
97 190 1
97 195 1
97 196 1
97 203 1
97 210 1
97 212 1
97 214 1
97 235 1
97 249 1
97 252 1
97 275 1
97 297 1
97 301 1
97 315 1
97 327 1
97 335 1
97 338 1
97 349 1
97 355 1
97 356 1
97 361 1
97 396 1
97 400 1
98 104 1
98 127 1
98 138 1
98 140 1
98 142 1
98 151 1
98 156 1
98 157 1
98 159 1
98 172 1
98 183 1
98 197 1
98 203 1
98 236 1
98 241 1
98 254 1
98 272 1
98 274 1
98 279 1
98 294 1
98 304 1
98 309 1
98 350 1
98 354 1
98 360 1
98 365 1
98 367 1
98 382 1
98 386 1
98 391 1
98 392 1
99 115 1
99 116 1
99 126 1
99 131 1
99 136 1
99 147 1
99 162 1
99 164 1
99 167 1
99 171 1
99 173 1
99 177 1
99 184 1
99 189 1
99 196 1
99 234 1
99 247 1
99 264 1
99 268 1
99 272 1
99 273 1
99 275 1
99 276 1
99 277 1
99 286 1
99 287 1
99 297 1
99 301 1
99 333 1
99 367 1
99 369 1
99 371 1
99 375 1
100 117 1
100 120 1
100 125 1
100 143 1
100 146 1
100 157 1
100 165 1
100 174 1
100 179 1
100 180 1
100 215 1
100 218 1
100 225 1
100 227 1
100 229 1
100 231 1
100 236 1
100 238 1
100 244 1
100 246 1
100 257 1
100 259 1
100 267 1
100 271 1
100 279 1
100 294 1
100 304 1
100 305 1
100 310 1
100 311 1
100 312 1
100 317 1
100 332 1
100 337 1
100 354 1
100 376 1
100 377 1
100 383 1
101 103 1
101 117 1
101 123 1
101 130 1
101 140 1
101 146 1
101 153 1
101 155 1
101 165 1
101 171 1
101 180 1
101 181 1
101 203 1
101 232 1
101 238 1
101 270 1
101 279 1
101 294 1
101 296 1
101 300 1
101 312 1
101 332 1
101 344 1
101 346 1
101 352 1
101 354 1
101 359 1
101 367 1
101 370 1
101 371 1
101 376 1
101 386 1
102 123 1
102 137 1
102 140 1
102 143 1
102 149 1
102 156 1
102 173 1
102 206 1
102 225 1
102 233 1
102 237 1
102 246 1
102 254 1
102 257 1
102 258 1
102 259 1
102 263 1
102 266 1
102 269 1
102 270 1
102 274 1
102 279 1
102 285 1
102 291 1
102 299 1
102 305 1
102 312 1
102 317 1
102 328 1
102 339 1
102 357 1
102 359 1
102 365 1
102 381 1
102 387 1
102 388 1
102 392 1
103 109 1
103 118 1
103 126 1
103 128 1
103 129 1
103 152 1
103 166 1
103 171 1
103 178 1
103 194 1
103 200 1
103 204 1
103 207 1
103 209 1
103 210 1
103 211 1
103 248 1
103 252 1
103 272 1
103 286 1
103 288 1
103 289 1
103 297 1
103 302 1
103 303 1
103 311 1
103 326 1
103 343 1
103 355 1
103 389 1
103 392 1
103 394 1
104 109 1
104 132 1
104 136 1
104 152 1
104 154 1
104 163 1
104 168 1
104 175 1
104 190 1
104 193 1
104 194 1
104 195 1
104 199 1
104 201 1
104 214 1
104 253 1
104 256 1
104 260 1
104 265 1
104 268 1
104 273 1
104 275 1
104 277 1
104 289 1
104 290 1
104 294 1
104 301 1
104 302 1
104 303 1
104 326 1
104 346 1
104 361 1
104 390 1
105 108 1
105 126 1
105 134 1
105 136 1
105 142 1
105 166 1
105 189 1
105 200 1
105 201 1
105 214 1
105 217 1
105 220 1
105 223 1
105 228 1
105 240 1
105 242 1
105 256 1
105 262 1
105 276 1
105 280 1
105 284 1
105 286 1
105 287 1
105 288 1
105 289 1
105 292 1
105 302 1
105 303 1
105 308 1
105 316 1
105 323 1
105 330 1
105 334 1
105 336 1
105 349 1
105 364 1
105 371 1
105 387 1
105 389 1
106 123 1
106 132 1
106 186 1
106 199 1
106 212 1
106 225 1
106 229 1
106 262 1
106 271 1
106 304 1
106 312 1
106 314 1
106 324 1
106 328 1
106 332 1
106 377 1
106 380 1
106 385 1
107 114 1
107 118 1
107 126 1
107 141 1
107 152 1
107 170 1
107 171 1
107 176 1
107 178 1
107 197 1
107 209 1
107 230 1
107 231 1
107 239 1
107 240 1
107 242 1
107 261 1
107 280 1
107 302 1
107 308 1
107 313 1
107 320 1
107 334 1
107 338 1
107 340 1
107 374 1
107 385 1
107 394 1
107 397 1
108 123 1
108 125 1
108 126 1
108 144 1
108 146 1
108 157 1
108 158 1
108 163 1
108 173 1
108 212 1
108 215 1
108 251 1
108 258 1
108 279 1
108 324 1
108 330 1
108 345 1
108 350 1
108 360 1
108 366 1
108 373 1
108 382 1
108 397 1
109 127 1
109 172 1
109 186 1
109 191 1
109 202 1
109 206 1
109 233 1
109 237 1
109 252 1
109 257 1
109 271 1
109 331 1
109 337 1
109 345 1
109 348 1
109 352 1
109 357 1
109 384 1
109 387 1
109 388 1
109 393 1
110 113 1
110 133 1
110 143 1
110 145 1
110 159 1
110 169 1
110 173 1
110 185 1
110 191 1
110 204 1
110 206 1
110 208 1
110 212 1
110 213 1
110 215 1
110 216 1
110 232 1
110 241 1
110 260 1
110 270 1
110 271 1
110 288 1
110 292 1
110 304 1
110 305 1
110 307 1
110 309 1
110 312 1
110 324 1
110 331 1
110 341 1
110 357 1
110 359 1
110 363 1
110 365 1
110 373 1
110 387 1
110 391 1
111 117 1
111 121 1
111 125 1
111 139 1
111 145 1
111 146 1
111 151 1
111 158 1
111 159 1
111 163 1
111 185 1
111 187 1
111 218 1
111 255 1
111 258 1
111 274 1
111 281 1
111 307 1
111 310 1
111 314 1
111 322 1
111 329 1
111 344 1
111 370 1
111 373 1
111 380 1
111 384 1
111 385 1
111 386 1
111 393 1
112 121 1
112 130 1
112 137 1
112 155 1
112 157 1
112 181 1
112 188 1
112 206 1
112 212 1
112 214 1
112 229 1
112 232 1
112 251 1
112 260 1
112 263 1
112 270 1
112 293 1
112 299 1
112 314 1
112 322 1
112 337 1
112 347 1
112 376 1
112 378 1
113 122 1
113 142 1
113 153 1
113 166 1
113 167 1
113 194 1
113 196 1
113 205 1
113 207 1
113 219 1
113 224 1
113 230 1
113 234 1
113 235 1
113 240 1
113 247 1
113 248 1
113 252 1
113 253 1
113 258 1
113 265 1
113 275 1
113 278 1
113 280 1
113 289 1
113 290 1
113 302 1
113 308 1
113 310 1
113 319 1
113 338 1
113 340 1
114 117 1
114 119 1
114 138 1
114 145 1
114 150 1
114 151 1
114 159 1
114 179 1
114 215 1
114 225 1
114 226 1
114 232 1
114 233 1
114 237 1
114 238 1
114 271 1
114 275 1
114 292 1
114 298 1
114 300 1
114 306 1
114 314 1
114 321 1
114 324 1
114 325 1
114 345 1
114 354 1
114 357 1
114 365 1
114 380 1
114 381 1
114 382 1
114 383 1
114 388 1
115 119 1
115 120 1
115 130 1
115 133 1
115 158 1
115 163 1
115 183 1
115 204 1
115 205 1
115 206 1
115 222 1
115 223 1
115 267 1
115 270 1
115 271 1
115 274 1
115 282 1
115 294 1
115 295 1
115 296 1
115 304 1
115 305 1
115 307 1
115 321 1
115 324 1
115 331 1
115 372 1
115 386 1
115 387 1
116 120 1
116 121 1
116 123 1
116 127 1
116 138 1
116 140 1
116 143 1
116 149 1
116 157 1
116 159 1
116 179 1
116 183 1
116 185 1
116 187 1
116 188 1
116 202 1
116 208 1
116 229 1
116 230 1
116 232 1
116 260 1
116 269 1
116 270 1
116 281 1
116 283 1
116 295 1
116 304 1
116 309 1
116 321 1
116 322 1
116 341 1
116 345 1
116 348 1
116 350 1
116 357 1
116 360 1
116 376 1
116 377 1
116 395 1
117 129 1
117 134 1
117 135 1
117 142 1
117 147 1
117 152 1
117 155 1
117 182 1
117 184 1
117 196 1
117 197 1
117 210 1
117 223 1
117 231 1
117 245 1
117 248 1
117 252 1
117 253 1
117 255 1
117 284 1
117 287 1
117 288 1
117 311 1
117 318 1
117 326 1
117 330 1
117 363 1
117 375 1
117 379 1
117 390 1
117 398 1
118 140 1
118 143 1
118 167 1
118 168 1
118 173 1
118 181 1
118 204 1
118 216 1
118 218 1
118 244 1
118 249 1
118 258 1
118 263 1
118 282 1
118 285 1
118 294 1
118 296 1
118 305 1
118 317 1
118 322 1
118 348 1
118 352 1
118 357 1
118 363 1
118 372 1
118 373 1
118 382 1
118 393 1
119 128 1
119 132 1
119 142 1
119 171 1
119 177 1
119 189 1
119 190 1
119 195 1
119 199 1
119 210 1
119 213 1
119 223 1
119 231 1
119 234 1
119 243 1
119 247 1
119 252 1
119 255 1
119 265 1
119 287 1
119 293 1
119 303 1
119 309 1
119 311 1
119 316 1
119 334 1
119 335 1
119 355 1
119 358 1
119 364 1
119 368 1
119 371 1
119 377 1
119 394 1
119 398 1
119 400 1
120 134 1
120 148 1
120 152 1
120 157 1
120 166 1
120 175 1
120 182 1
120 193 1
120 217 1
120 219 1
120 221 1
120 228 1
120 231 1
120 239 1
120 246 1
120 247 1
120 261 1
120 280 1
120 283 1
120 287 1
120 288 1
120 289 1
120 302 1
120 308 1
120 356 1
120 372 1
120 375 1
120 397 1
121 127 1
121 166 1
121 184 1
121 194 1
121 196 1
121 202 1
121 205 1
121 222 1
121 234 1
121 242 1
121 249 1
121 261 1
121 266 1
121 272 1
121 273 1
121 302 1
121 303 1
121 327 1
121 342 1
121 343 1
121 368 1
121 371 1
121 390 1
121 396 1
121 399 1
122 124 1
122 143 1
122 149 1
122 186 1
122 192 1
122 202 1
122 204 1
122 208 1
122 225 1
122 236 1
122 241 1
122 258 1
122 260 1
122 266 1
122 296 1
122 312 1
122 314 1
122 321 1
122 322 1
122 339 1
122 347 1
122 354 1
122 359 1
122 363 1
122 376 1
122 386 1
122 389 1
123 131 1
123 135 1
123 140 1
123 147 1
123 162 1
123 174 1
123 175 1
123 189 1
123 195 1
123 199 1
123 201 1
123 207 1
123 210 1
123 242 1
123 248 1
123 249 1
123 256 1
123 265 1
123 278 1
123 282 1
123 284 1
123 288 1
123 314 1
123 318 1
123 326 1
123 340 1
123 343 1
123 346 1
123 368 1
123 371 1
124 131 1
124 132 1
124 136 1
124 154 1
124 168 1
124 178 1
124 179 1
124 180 1
124 184 1
124 193 1
124 195 1
124 197 1
124 210 1
124 219 1
124 222 1
124 228 1
124 234 1
124 239 1
124 261 1
124 268 1
124 289 1
124 326 1
124 327 1
124 330 1
124 348 1
124 369 1
124 375 1
124 397 1
124 400 1
125 126 1
125 129 1
125 166 1
125 171 1
125 182 1
125 187 1
125 191 1
125 195 1
125 213 1
125 220 1
125 245 1
125 252 1
125 264 1
125 273 1
125 275 1
125 290 1
125 303 1
125 317 1
125 318 1
125 334 1
125 351 1
125 355 1
125 368 1
125 369 1
125 389 1
125 396 1
125 398 1
126 133 1
126 137 1
126 146 1
126 150 1
126 158 1
126 183 1
126 188 1
126 203 1
126 225 1
126 227 1
126 233 1
126 244 1
126 251 1
126 259 1
126 279 1
126 294 1
126 304 1
126 309 1
126 310 1
126 314 1
126 324 1
126 325 1
126 330 1
126 339 1
126 354 1
126 357 1
126 365 1
126 386 1
126 387 1
126 397 1
127 141 1
127 166 1
127 170 1
127 171 1
127 176 1
127 193 1
127 197 1
127 202 1
127 205 1
127 207 1
127 209 1
127 211 1
127 221 1
127 222 1
127 228 1
127 231 1
127 235 1
127 242 1
127 248 1
127 253 1
127 266 1
127 277 1
127 293 1
127 308 1
127 313 1
127 316 1
127 323 1
127 333 1
127 346 1
127 349 1
127 356 1
127 362 1
127 369 1
127 374 1
127 390 1
127 399 1
128 143 1
128 146 1
128 150 1
128 156 1
128 159 1
128 165 1
128 179 1
128 186 1
128 202 1
128 208 1
128 242 1
128 243 1
128 247 1
128 251 1
128 263 1
128 267 1
128 279 1
128 305 1
128 317 1
128 324 1
128 337 1
128 339 1
128 347 1
128 353 1
128 364 1
128 370 1
128 373 1
128 385 1
128 387 1
128 391 1
129 144 1
129 149 1
129 181 1
129 183 1
129 237 1
129 263 1
129 285 1
129 299 1
129 307 1
129 324 1
129 327 1
129 328 1
129 336 1
129 344 1
129 348 1
129 352 1
129 360 1
129 366 1
129 368 1
129 380 1
129 381 1
129 382 1
129 384 1
129 396 1
130 139 1
130 152 1
130 160 1
130 162 1
130 166 1
130 170 1
130 177 1
130 190 1
130 193 1
130 194 1
130 198 1
130 205 1
130 217 1
130 219 1
130 220 1
130 221 1
130 228 1
130 230 1
130 242 1
130 255 1
130 264 1
130 291 1
130 293 1
130 297 1
130 301 1
130 318 1
130 321 1
130 327 1
130 330 1
130 333 1
130 334 1
130 338 1
130 346 1
130 364 1
130 369 1
130 396 1
131 133 1
131 137 1
131 159 1
131 165 1
131 177 1
131 180 1
131 184 1
131 203 1
131 218 1
131 236 1
131 246 1
131 250 1
131 251 1
131 258 1
131 270 1
131 281 1
131 305 1
131 307 1
131 321 1
131 325 1
131 328 1
131 341 1
131 348 1
131 365 1
131 375 1
131 376 1
131 377 1
131 381 1
131 383 1
132 144 1
132 150 1
132 163 1
132 173 1
132 199 1
132 215 1
132 218 1
132 241 1
132 243 1
132 260 1
132 262 1
132 285 1
132 292 1
132 324 1
132 328 1
132 360 1
132 366 1
132 386 1
133 136 1
133 148 1
133 176 1
133 177 1
133 193 1
133 213 1
133 222 1
133 228 1
133 231 1
133 236 1
133 240 1
133 264 1
133 267 1
133 273 1
133 277 1
133 286 1
133 289 1
133 291 1
133 323 1
133 326 1
133 338 1
133 346 1
133 374 1
133 399 1
134 137 1
134 169 1
134 185 1
134 186 1
134 216 1
134 225 1
134 233 1
134 246 1
134 267 1
134 269 1
134 295 1
134 296 1
134 317 1
134 332 1
134 354 1
134 357 1
134 365 1
134 367 1
134 374 1
134 376 1
134 381 1
134 387 1
134 400 1
135 148 1
135 173 1
135 243 1
135 244 1
135 277 1
135 279 1
135 292 1
135 324 1
135 336 1
135 347 1
135 349 1
135 350 1
135 359 1
135 363 1
135 365 1
135 384 1
136 137 1
136 139 1
136 157 1
136 163 1
136 165 1
136 172 1
136 180 1
136 185 1
136 186 1
136 203 1
136 208 1
136 216 1
136 218 1
136 232 1
136 233 1
136 237 1
136 254 1
136 257 1
136 263 1
136 269 1
136 282 1
136 307 1
136 312 1
136 314 1
136 331 1
136 332 1
136 352 1
136 370 1
136 376 1
136 377 1
136 380 1
136 388 1
136 391 1
137 160 1
137 170 1
137 171 1
137 177 1
137 184 1
137 193 1
137 199 1
137 200 1
137 221 1
137 222 1
137 242 1
137 248 1
137 270 1
137 272 1
137 301 1
137 318 1
137 320 1
137 322 1
137 323 1
137 330 1
137 334 1
137 340 1
138 154 1
138 170 1
138 177 1
138 197 1
138 199 1
138 211 1
138 217 1
138 255 1
138 261 1
138 277 1
138 293 1
138 301 1
138 318 1
138 323 1
138 325 1
138 330 1
138 340 1
138 368 1
138 370 1
138 374 1
138 390 1
138 396 1
139 147 1
139 161 1
139 166 1
139 167 1
139 189 1
139 195 1
139 198 1
139 200 1
139 201 1
139 221 1
139 222 1
139 234 1
139 262 1
139 268 1
139 283 1
139 284 1
139 287 1
139 297 1
139 301 1
139 303 1
139 315 1
139 321 1
139 323 1
139 334 1
139 342 1
139 356 1
139 369 1
140 162 1
140 167 1
140 171 1
140 178 1
140 184 1
140 194 1
140 205 1
140 217 1
140 220 1
140 221 1
140 224 1
140 226 1
140 228 1
140 253 1
140 262 1
140 264 1
140 282 1
140 301 1
140 302 1
140 314 1
140 333 1
140 338 1
140 346 1
140 351 1
140 364 1
140 394 1
141 145 1
141 155 1
141 164 1
141 179 1
141 180 1
141 181 1
141 183 1
141 185 1
141 220 1
141 225 1
141 236 1
141 241 1
141 250 1
141 254 1
141 266 1
141 270 1
141 278 1
141 285 1
141 304 1
141 309 1
141 310 1
141 325 1
141 344 1
141 345 1
141 354 1
141 365 1
141 378 1
141 387 1
141 393 1
141 395 1
142 151 1
142 157 1
142 192 1
142 197 1
142 212 1
142 215 1
142 232 1
142 243 1
142 271 1
142 272 1
142 274 1
142 285 1
142 309 1
142 314 1
142 325 1
142 329 1
142 336 1
142 337 1
142 339 1
142 344 1
142 350 1
142 366 1
142 383 1
142 384 1
142 385 1
142 392 1
142 395 1
143 162 1
143 178 1
143 184 1
143 190 1
143 193 1
143 197 1
143 201 1
143 207 1
143 209 1
143 216 1
143 219 1
143 239 1
143 242 1
143 253 1
143 262 1
143 263 1
143 265 1
143 280 1
143 293 1
143 297 1
143 319 1
143 320 1
143 323 1
143 330 1
143 338 1
143 342 1
143 356 1
143 358 1
143 365 1
143 374 1
143 398 1
144 147 1
144 148 1
144 174 1
144 176 1
144 182 1
144 189 1
144 195 1
144 196 1
144 211 1
144 220 1
144 222 1
144 225 1
144 239 1
144 249 1
144 262 1
144 273 1
144 275 1
144 276 1
144 284 1
144 287 1
144 288 1
144 289 1
144 290 1
144 338 1
144 343 1
144 346 1
144 379 1
144 390 1
144 398 1
145 147 1
145 148 1
145 166 1
145 168 1
145 177 1
145 182 1
145 189 1
145 195 1
145 198 1
145 200 1
145 205 1
145 210 1
145 213 1
145 214 1
145 219 1
145 220 1
145 242 1
145 247 1
145 256 1
145 262 1
145 264 1
145 275 1
145 277 1
145 283 1
145 286 1
145 290 1
145 291 1
145 293 1
145 297 1
145 335 1
145 346 1
145 369 1
145 393 1
145 394 1
145 396 1
146 147 1
146 167 1
146 195 1
146 200 1
146 201 1
146 207 1
146 214 1
146 217 1
146 220 1
146 224 1
146 234 1
146 247 1
146 249 1
146 256 1
146 264 1
146 265 1
146 276 1
146 302 1
146 323 1
146 326 1
146 345 1
146 351 1
146 354 1
146 355 1
146 371 1
146 383 1
146 400 1
147 151 1
147 155 1
147 157 1
147 158 1
147 159 1
147 169 1
147 181 1
147 183 1
147 185 1
147 191 1
147 192 1
147 202 1
147 237 1
147 260 1
147 263 1
147 266 1
147 279 1
147 281 1
147 285 1
147 296 1
147 300 1
147 309 1
147 314 1
147 328 1
147 336 1
147 359 1
147 360 1
147 362 1
147 366 1
147 370 1
147 373 1
147 382 1
147 391 1
147 392 1
148 158 1
148 172 1
148 191 1
148 203 1
148 204 1
148 237 1
148 243 1
148 257 1
148 259 1
148 277 1
148 279 1
148 281 1
148 285 1
148 305 1
148 306 1
148 312 1
148 324 1
148 331 1
148 337 1
148 349 1
148 354 1
148 376 1
148 377 1
148 380 1
148 383 1
148 385 1
149 160 1
149 190 1
149 198 1
149 205 1
149 209 1
149 211 1
149 219 1
149 230 1
149 248 1
149 268 1
149 273 1
149 277 1
149 286 1
149 287 1
149 323 1
149 327 1
149 330 1
149 333 1
149 335 1
149 368 1
149 379 1
149 382 1
149 390 1
149 398 1
149 399 1
150 161 1
150 164 1
150 175 1
150 176 1
150 178 1
150 220 1
150 221 1
150 222 1
150 224 1
150 228 1
150 234 1
150 235 1
150 273 1
150 277 1
150 290 1
150 293 1
150 298 1
150 302 1
150 312 1
150 355 1
150 356 1
150 389 1
150 397 1
151 182 1
151 189 1
151 193 1
151 196 1
151 197 1
151 199 1
151 211 1
151 221 1
151 224 1
151 239 1
151 242 1
151 255 1
151 261 1
151 268 1
151 275 1
151 278 1
151 286 1
151 291 1
151 313 1
151 319 1
151 351 1
151 356 1
151 390 1
151 397 1
151 400 1
152 153 1
152 155 1
152 157 1
152 163 1
152 179 1
152 188 1
152 190 1
152 192 1
152 196 1
152 204 1
152 215 1
152 216 1
152 258 1
152 274 1
152 281 1
152 285 1
152 292 1
152 310 1
152 314 1
152 328 1
152 334 1
152 352 1
152 354 1
152 357 1
152 365 1
152 366 1
152 373 1
152 384 1
152 388 1
152 393 1
152 395 1
153 166 1
153 171 1
153 194 1
153 200 1
153 209 1
153 213 1
153 221 1
153 224 1
153 226 1
153 239 1
153 248 1
153 255 1
153 256 1
153 258 1
153 262 1
153 272 1
153 280 1
153 310 1
153 319 1
153 320 1
153 323 1
153 327 1
153 330 1
153 333 1
153 338 1
153 346 1
153 361 1
153 362 1
153 368 1
153 394 1
154 165 1
154 179 1
154 180 1
154 198 1
154 203 1
154 204 1
154 210 1
154 233 1
154 236 1
154 254 1
154 266 1
154 269 1
154 274 1
154 279 1
154 282 1
154 292 1
154 294 1
154 304 1
154 305 1
154 321 1
154 329 1
154 331 1
154 341 1
154 366 1
154 380 1
154 381 1
154 386 1
154 391 1
155 168 1
155 193 1
155 205 1
155 219 1
155 226 1
155 230 1
155 252 1
155 253 1
155 264 1
155 265 1
155 276 1
155 280 1
155 287 1
155 288 1
155 293 1
155 333 1
155 340 1
155 343 1
155 362 1
155 363 1
155 374 1
155 375 1
155 379 1
155 389 1
155 398 1
156 160 1
156 162 1
156 176 1
156 178 1
156 184 1
156 190 1
156 194 1
156 205 1
156 209 1
156 241 1
156 255 1
156 264 1
156 265 1
156 272 1
156 284 1
156 297 1
156 303 1
156 308 1
156 313 1
156 355 1
156 362 1
156 391 1
156 398 1
157 160 1
157 166 1
157 170 1
157 178 1
157 190 1
157 197 1
157 199 1
157 205 1
157 217 1
157 231 1
157 242 1
157 246 1
157 247 1
157 249 1
157 252 1
157 289 1
157 297 1
157 303 1
157 311 1
157 313 1
157 319 1
157 320 1
157 323 1
157 346 1
157 362 1
157 364 1
157 371 1
157 372 1
157 375 1
158 175 1
158 190 1
158 195 1
158 196 1
158 203 1
158 205 1
158 212 1
158 261 1
158 262 1
158 290 1
158 297 1
158 313 1
158 335 1
158 349 1
158 356 1
158 374 1
158 375 1
158 394 1
158 400 1
159 166 1
159 174 1
159 178 1
159 182 1
159 193 1
159 209 1
159 210 1
159 234 1
159 245 1
159 254 1
159 275 1
159 290 1
159 301 1
159 315 1
159 316 1
159 319 1
159 326 1
159 335 1
159 338 1
159 340 1
159 358 1
159 364 1
159 371 1
159 388 1
159 400 1
160 161 1
160 169 1
160 173 1
160 185 1
160 186 1
160 187 1
160 188 1
160 204 1
160 208 1
160 225 1
160 233 1
160 266 1
160 281 1
160 285 1
160 294 1
160 300 1
160 304 1
160 305 1
160 323 1
160 332 1
160 366 1
160 376 1
160 378 1
161 187 1
161 192 1
161 215 1
161 216 1
161 243 1
161 251 1
161 267 1
161 285 1
161 295 1
161 300 1
161 307 1
161 323 1
161 324 1
161 329 1
161 336 1
161 363 1
161 365 1
161 373 1
161 382 1
161 393 1
162 186 1
162 192 1
162 202 1
162 203 1
162 204 1
162 215 1
162 239 1
162 251 1
162 254 1
162 267 1
162 269 1
162 271 1
162 296 1
162 309 1
162 317 1
162 324 1
162 336 1
162 360 1
162 367 1
162 372 1
162 376 1
162 377 1
162 387 1
162 391 1
163 171 1
163 175 1
163 182 1
163 184 1
163 195 1
163 213 1
163 221 1
163 235 1
163 260 1
163 264 1
163 265 1
163 273 1
163 277 1
163 293 1
163 294 1
163 323 1
163 351 1
163 368 1
163 371 1
163 374 1
164 180 1
164 202 1
164 220 1
164 233 1
164 236 1
164 241 1
164 251 1
164 254 1
164 257 1
164 278 1
164 305 1
164 341 1
164 344 1
164 370 1
164 378 1
165 170 1
165 177 1
165 190 1
165 198 1
165 205 1
165 213 1
165 223 1
165 242 1
165 262 1
165 272 1
165 277 1
165 278 1
165 287 1
165 288 1
165 290 1
165 301 1
165 311 1
165 323 1
165 327 1
165 343 1
165 353 1
165 362 1
165 369 1
165 381 1
166 187 1
166 203 1
166 251 1
166 257 1
166 263 1
166 279 1
166 290 1
166 294 1
166 295 1
166 298 1
166 299 1
166 305 1
166 314 1
166 317 1
166 320 1
166 341 1
166 370 1
166 377 1
166 382 1
166 388 1
167 168 1
167 179 1
167 181 1
167 203 1
167 233 1
167 238 1
167 246 1
167 249 1
167 254 1
167 259 1
167 271 1
167 295 1
167 298 1
167 304 1
167 305 1
167 312 1
167 314 1
167 321 1
167 363 1
167 365 1
167 366 1
167 367 1
167 376 1
167 387 1
168 169 1
168 183 1
168 206 1
168 218 1
168 225 1
168 229 1
168 232 1
168 237 1
168 246 1
168 249 1
168 269 1
168 270 1
168 281 1
168 294 1
168 296 1
168 304 1
168 305 1
168 312 1
168 322 1
168 331 1
168 332 1
168 337 1
168 352 1
168 360 1
168 376 1
168 388 1
168 393 1
169 205 1
169 214 1
169 240 1
169 247 1
169 248 1
169 268 1
169 272 1
169 287 1
169 313 1
169 316 1
169 326 1
169 346 1
169 347 1
169 396 1
169 397 1
169 398 1
170 172 1
170 183 1
170 203 1
170 206 1
170 237 1
170 246 1
170 257 1
170 263 1
170 265 1
170 269 1
170 270 1
170 284 1
170 285 1
170 294 1
170 295 1
170 304 1
170 328 1
170 357 1
170 365 1
170 366 1
170 377 1
170 378 1
170 381 1
170 388 1
171 173 1
171 180 1
171 185 1
171 187 1
171 191 1
171 216 1
171 246 1
171 274 1
171 281 1
171 294 1
171 310 1
171 317 1
171 324 1
171 341 1
171 345 1
171 346 1
171 350 1
171 357 1
171 359 1
171 371 1
171 377 1
171 382 1
171 383 1
171 387 1
172 197 1
172 199 1
172 221 1
172 234 1
172 245 1
172 252 1
172 256 1
172 262 1
172 265 1
172 284 1
172 287 1
172 293 1
172 304 1
172 313 1
172 315 1
172 316 1
172 323 1
172 338 1
172 349 1
172 351 1
172 358 1
172 369 1
172 371 1
172 389 1
172 400 1
173 177 1
173 182 1
173 184 1
173 189 1
173 190 1
173 193 1
173 194 1
173 199 1
173 210 1
173 211 1
173 219 1
173 220 1
173 223 1
173 228 1
173 247 1
173 252 1
173 262 1
173 268 1
173 278 1
173 287 1
173 288 1
173 291 1
173 301 1
173 302 1
173 311 1
173 361 1
173 364 1
173 367 1
173 368 1
173 369 1
173 375 1
173 379 1
174 212 1
174 216 1
174 231 1
174 233 1
174 257 1
174 294 1
174 298 1
174 304 1
174 311 1
174 317 1
174 322 1
174 345 1
174 348 1
174 350 1
174 357 1
174 373 1
174 376 1
174 380 1
174 382 1
174 386 1
175 180 1
175 192 1
175 215 1
175 218 1
175 251 1
175 263 1
175 274 1
175 281 1
175 296 1
175 299 1
175 306 1
175 321 1
175 324 1
175 325 1
175 342 1
175 345 1
175 348 1
175 359 1
175 365 1
175 366 1
175 382 1
175 385 1
175 388 1
175 395 1
176 188 1
176 192 1
176 204 1
176 212 1
176 218 1
176 229 1
176 236 1
176 244 1
176 248 1
176 266 1
176 296 1
176 298 1
176 305 1
176 322 1
176 324 1
176 331 1
176 332 1
176 337 1
176 340 1
176 347 1
176 348 1
176 365 1
176 376 1
176 377 1
176 378 1
177 179 1
177 181 1
177 184 1
177 185 1
177 202 1
177 208 1
177 218 1
177 225 1
177 241 1
177 243 1
177 250 1
177 258 1
177 271 1
177 296 1
177 304 1
177 307 1
177 314 1
177 331 1
177 336 1
177 339 1
177 352 1
177 353 1
177 359 1
177 373 1
177 375 1
177 376 1
177 380 1
177 382 1
177 383 1
177 384 1
177 385 1
177 387 1
177 388 1
177 391 1
177 393 1
178 179 1
178 189 1
178 202 1
178 204 1
178 216 1
178 224 1
178 225 1
178 254 1
178 257 1
178 263 1
178 269 1
178 271 1
178 294 1
178 306 1
178 328 1
178 332 1
178 341 1
178 344 1
178 357 1
178 363 1
178 370 1
178 373 1
178 386 1
178 398 1
179 180 1
179 184 1
179 207 1
179 220 1
179 228 1
179 230 1
179 248 1
179 272 1
179 284 1
179 316 1
179 319 1
179 330 1
179 348 1
179 361 1
179 368 1
179 369 1
180 182 1
180 189 1
180 196 1
180 197 1
180 217 1
180 221 1
180 234 1
180 240 1
180 247 1
180 252 1
180 262 1
180 276 1
180 288 1
180 289 1
180 291 1
180 293 1
180 297 1
180 302 1
180 319 1
180 333 1
180 340 1
180 348 1
180 358 1
180 371 1
180 374 1
180 379 1
180 389 1
181 184 1
181 190 1
181 194 1
181 196 1
181 199 1
181 205 1
181 211 1
181 221 1
181 231 1
181 249 1
181 255 1
181 268 1
181 275 1
181 283 1
181 288 1
181 293 1
181 308 1
181 326 1
181 334 1
181 340 1
181 357 1
181 360 1
181 380 1
181 394 1
182 183 1
182 215 1
182 250 1
182 258 1
182 259 1
182 260 1
182 274 1
182 285 1
182 296 1
182 307 1
182 324 1
182 325 1
182 329 1
182 336 1
182 344 1
182 359 1
182 366 1
182 380 1
182 382 1
182 384 1
182 395 1
183 190 1
183 196 1
183 209 1
183 217 1
183 223 1
183 247 1
183 249 1
183 256 1
183 261 1
183 265 1
183 268 1
183 276 1
183 290 1
183 301 1
183 311 1
183 319 1
183 330 1
183 375 1
183 400 1
184 186 1
184 202 1
184 206 1
184 212 1
184 216 1
184 218 1
184 227 1
184 254 1
184 258 1
184 260 1
184 282 1
184 296 1
184 305 1
184 329 1
184 332 1
184 337 1
184 345 1
184 353 1
184 363 1
184 375 1
184 380 1
184 386 1
184 387 1
184 388 1
185 196 1
185 199 1
185 200 1
185 205 1
185 209 1
185 210 1
185 211 1
185 220 1
185 222 1
185 235 1
185 240 1
185 247 1
185 250 1
185 262 1
185 264 1
185 283 1
185 288 1
185 290 1
185 315 1
185 333 1
185 343 1
185 355 1
185 358 1
185 361 1
185 364 1
186 199 1
186 215 1
186 239 1
186 242 1
186 264 1
186 265 1
186 301 1
186 316 1
186 318 1
186 327 1
186 330 1
186 333 1
186 335 1
186 338 1
186 350 1
186 355 1
186 358 1
186 361 1
186 374 1
186 396 1
187 191 1
187 219 1
187 222 1
187 223 1
187 255 1
187 262 1
187 283 1
187 303 1
187 313 1
187 317 1
187 356 1
187 369 1
187 375 1
188 189 1
188 199 1
188 213 1
188 234 1
188 237 1
188 240 1
188 253 1
188 255 1
188 265 1
188 280 1
188 297 1
188 326 1
188 343 1
188 358 1
188 361 1
188 374 1
188 375 1
188 389 1
189 191 1
189 215 1
189 224 1
189 263 1
189 270 1
189 274 1
189 279 1
189 285 1
189 296 1
189 299 1
189 380 1
189 386 1
189 391 1
189 392 1
189 395 1
189 398 1
190 196 1
190 203 1
190 208 1
190 257 1
190 270 1
190 281 1
190 300 1
190 312 1
190 321 1
190 324 1
190 325 1
190 334 1
190 337 1
190 354 1
190 357 1
190 363 1
191 195 1
191 199 1
191 209 1
191 219 1
191 220 1
191 221 1
191 226 1
191 231 1
191 235 1
191 248 1
191 252 1
191 273 1
191 277 1
191 283 1
191 284 1
191 297 1
191 302 1
191 303 1
191 311 1
191 317 1
191 330 1
191 340 1
191 355 1
191 356 1
191 358 1
191 368 1
191 397 1
192 210 1
192 247 1
192 248 1
192 252 1
192 257 1
192 293 1
192 315 1
192 320 1
192 335 1
192 337 1
192 338 1
192 343 1
192 346 1
192 379 1
192 389 1
192 396 1
192 398 1
192 400 1
193 200 1
193 204 1
193 225 1
193 227 1
193 229 1
193 238 1
193 241 1
193 258 1
193 294 1
193 296 1
193 328 1
193 361 1
194 202 1
194 212 1
194 238 1
194 243 1
194 251 1
194 259 1
194 264 1
194 269 1
194 274 1
194 294 1
194 299 1
194 314 1
194 315 1
194 354 1
194 356 1
194 357 1
194 370 1
194 377 1
194 380 1
194 387 1
194 393 1
195 202 1
195 215 1
195 216 1
195 241 1
195 251 1
195 267 1
195 271 1
195 279 1
195 281 1
195 285 1
195 295 1
195 296 1
195 300 1
195 303 1
195 309 1
195 310 1
195 319 1
195 321 1
195 360 1
195 363 1
195 365 1
195 380 1
195 385 1
195 393 1
195 395 1
196 208 1
196 216 1
196 238 1
196 250 1
196 267 1
196 270 1
196 274 1
196 285 1
196 334 1
196 345 1
196 348 1
196 359 1
196 360 1
196 363 1
196 370 1
196 384 1
196 393 1
197 204 1
197 233 1
197 243 1
197 260 1
197 267 1
197 270 1
197 272 1
197 292 1
197 296 1
197 305 1
197 312 1
197 314 1
197 341 1
197 348 1
197 353 1
197 365 1
197 373 1
197 378 1
197 382 1
198 202 1
198 210 1
198 218 1
198 227 1
198 243 1
198 254 1
198 259 1
198 267 1
198 279 1
198 298 1
198 305 1
198 309 1
198 325 1
198 328 1
198 329 1
198 331 1
198 352 1
198 373 1
198 376 1
198 378 1
198 395 1
199 225 1
199 262 1
199 274 1
199 295 1
199 304 1
199 345 1
199 348 1
199 360 1
199 367 1
199 376 1
199 378 1
199 388 1
200 204 1
200 237 1
200 270 1
200 279 1
200 295 1
200 309 1
200 312 1
200 317 1
200 337 1
200 344 1
200 352 1
200 361 1
200 372 1
200 377 1
200 386 1
200 392 1
201 202 1
201 204 1
201 212 1
201 229 1
201 236 1
201 240 1
201 244 1
201 254 1
201 257 1
201 268 1
201 279 1
201 298 1
201 304 1
201 321 1
201 341 1
201 344 1
201 353 1
201 373 1
201 378 1
201 380 1
202 205 1
202 217 1
202 222 1
202 231 1
202 235 1
202 252 1
202 266 1
202 283 1
202 288 1
202 302 1
202 308 1
202 311 1
202 313 1
202 319 1
202 334 1
202 335 1
202 346 1
202 361 1
202 368 1
202 379 1
202 394 1
202 400 1
203 207 1
203 212 1
203 217 1
203 219 1
203 224 1
203 226 1
203 228 1
203 255 1
203 262 1
203 280 1
203 302 1
203 340 1
203 361 1
203 369 1
204 205 1
204 207 1
204 217 1
204 228 1
204 242 1
204 262 1
204 280 1
204 284 1
204 293 1
204 302 1
204 327 1
204 333 1
204 364 1
204 392 1
204 396 1
204 397 1
204 399 1
205 208 1
205 222 1
205 223 1
205 225 1
205 229 1
205 246 1
205 266 1
205 292 1
205 298 1
205 305 1
205 309 1
205 312 1
205 317 1
205 325 1
205 336 1
205 344 1
205 353 1
205 357 1
205 363 1
205 367 1
205 386 1
205 387 1
205 393 1
206 209 1
206 211 1
206 224 1
206 240 1
206 261 1
206 297 1
206 302 1
206 303 1
206 323 1
206 329 1
206 338 1
206 340 1
206 344 1
206 361 1
206 386 1
206 397 1
207 212 1
207 215 1
207 233 1
207 234 1
207 250 1
207 270 1
207 281 1
207 312 1
207 314 1
207 317 1
207 333 1
207 336 1
207 341 1
207 350 1
207 352 1
207 354 1
207 358 1
207 373 1
207 380 1
207 381 1
208 220 1
208 255 1
208 273 1
208 280 1
208 283 1
208 287 1
208 289 1
208 296 1
208 316 1
208 318 1
208 319 1
208 323 1
208 330 1
208 340 1
208 346 1
208 373 1
208 396 1
208 397 1
208 399 1
209 216 1
209 225 1
209 229 1
209 237 1
209 250 1
209 251 1
209 254 1
209 263 1
209 271 1
209 282 1
209 292 1
209 294 1
209 304 1
209 305 1
209 313 1
209 324 1
209 326 1
209 328 1
209 332 1
209 350 1
209 363 1
209 377 1
209 393 1
209 395 1
210 237 1
210 251 1
210 259 1
210 270 1
210 285 1
210 295 1
210 300 1
210 309 1
210 310 1
210 339 1
210 344 1
210 370 1
210 380 1
210 381 1
210 385 1
210 386 1
210 393 1
211 254 1
211 258 1
211 259 1
211 269 1
211 295 1
211 316 1
211 317 1
211 328 1
211 337 1
211 338 1
211 345 1
211 357 1
211 359 1
211 360 1
211 366 1
211 381 1
211 384 1
211 391 1
211 392 1
212 220 1
212 223 1
212 247 1
212 249 1
212 252 1
212 273 1
212 275 1
212 276 1
212 277 1
212 284 1
212 288 1
212 289 1
212 334 1
212 340 1
212 355 1
212 375 1
212 397 1
212 400 1
213 233 1
213 236 1
213 244 1
213 254 1
213 263 1
213 267 1
213 271 1
213 274 1
213 288 1
213 309 1
213 314 1
213 317 1
213 324 1
213 332 1
213 350 1
213 370 1
213 376 1
213 392 1
213 393 1
213 395 1
214 251 1
214 267 1
214 279 1
214 293 1
214 295 1
214 298 1
214 309 1
214 336 1
214 363 1
214 373 1
214 380 1
214 385 1
215 219 1
215 222 1
215 223 1
215 245 1
215 249 1
215 252 1
215 256 1
215 265 1
215 272 1
215 278 1
215 286 1
215 288 1
215 291 1
215 311 1
215 320 1
215 343 1
215 350 1
215 362 1
215 369 1
215 374 1
215 389 1
215 396 1
216 217 1
216 222 1
216 223 1
216 239 1
216 242 1
216 247 1
216 263 1
216 275 1
216 276 1
216 277 1
216 286 1
216 287 1
216 288 1
216 290 1
216 301 1
216 319 1
216 340 1
216 342 1
216 346 1
216 355 1
216 365 1
216 371 1
216 394 1
216 399 1
217 232 1
217 243 1
217 246 1
217 263 1
217 266 1
217 270 1
217 285 1
217 286 1
217 295 1
217 299 1
217 300 1
217 304 1
217 306 1
217 312 1
217 322 1
217 347 1
217 352 1
217 357 1
217 377 1
217 378 1
217 382 1
217 383 1
217 388 1
218 219 1
218 220 1
218 222 1
218 224 1
218 242 1
218 248 1
218 249 1
218 259 1
218 268 1
218 290 1
218 291 1
218 295 1
218 327 1
218 346 1
218 356 1
218 364 1
218 376 1
218 396 1
218 398 1
219 229 1
219 233 1
219 235 1
219 237 1
219 244 1
219 276 1
219 282 1
219 296 1
219 299 1
219 304 1
219 307 1
219 309 1
219 317 1
219 329 1
219 332 1
219 336 1
219 337 1
219 347 1
219 354 1
219 377 1
220 233 1
220 236 1
220 238 1
220 243 1
220 259 1
220 266 1
220 269 1
220 271 1
220 278 1
220 279 1
220 296 1
220 309 1
220 312 1
220 314 1
220 317 1
220 321 1
220 322 1
220 354 1
220 373 1
220 378 1
220 384 1
220 386 1
220 391 1
220 392 1
220 395 1
221 225 1
221 232 1
221 237 1
221 244 1
221 269 1
221 295 1
221 306 1
221 312 1
221 332 1
221 343 1
221 351 1
221 352 1
221 366 1
221 367 1
221 370 1
221 385 1
221 386 1
221 392 1
222 223 1
222 238 1
222 250 1
222 269 1
222 270 1
222 274 1
222 298 1
222 300 1
222 331 1
222 336 1
222 378 1
222 384 1
222 392 1
223 227 1
223 237 1
223 263 1
223 266 1
223 282 1
223 298 1
223 299 1
223 322 1
223 328 1
223 336 1
223 344 1
223 347 1
223 363 1
223 366 1
223 373 1
223 383 1
223 392 1
224 237 1
224 241 1
224 246 1
224 251 1
224 259 1
224 294 1
224 317 1
224 329 1
224 345 1
224 354 1
224 363 1
224 365 1
224 377 1
224 384 1
224 385 1
224 398 1
225 226 1
225 231 1
225 256 1
225 261 1
225 262 1
225 301 1
225 302 1
225 313 1
225 330 1
225 338 1
225 340 1
225 351 1
225 362 1
225 397 1
225 398 1
225 399 1
226 229 1
226 232 1
226 241 1
226 254 1
226 258 1
226 259 1
226 270 1
226 275 1
226 295 1
226 298 1
226 307 1
226 322 1
226 325 1
226 344 1
226 377 1
226 383 1
226 392 1
226 393 1
227 228 1
227 231 1
227 234 1
227 235 1
227 238 1
227 239 1
227 247 1
227 277 1
227 279 1
227 280 1
227 286 1
227 291 1
227 293 1
227 315 1
227 342 1
227 379 1
228 260 1
228 269 1
228 271 1
228 280 1
228 282 1
228 285 1
228 305 1
228 307 1
228 310 1
228 324 1
228 325 1
228 332 1
228 336 1
228 339 1
228 354 1
228 360 1
228 365 1
228 376 1
228 377 1
228 384 1
228 386 1
229 256 1
229 280 1
229 293 1
229 301 1
229 306 1
229 320 1
229 327 1
229 330 1
229 334 1
229 342 1
229 355 1
229 361 1
229 368 1
229 369 1
229 398 1
230 232 1
230 233 1
230 269 1
230 271 1
230 283 1
230 292 1
230 305 1
230 306 1
230 332 1
230 344 1
230 360 1
230 363 1
230 376 1
230 377 1
230 378 1
230 384 1
230 386 1
230 387 1
231 244 1
231 254 1
231 257 1
231 266 1
231 269 1
231 271 1
231 304 1
231 305 1
231 307 1
231 310 1
231 311 1
231 314 1
231 354 1
231 391 1
231 395 1
232 234 1
232 247 1
232 253 1
232 265 1
232 268 1
232 272 1
232 290 1
232 313 1
232 326 1
232 327 1
232 328 1
232 333 1
232 338 1
232 351 1
232 355 1
232 361 1
232 371 1
232 378 1
232 379 1
232 389 1
233 242 1
233 265 1
233 280 1
233 285 1
233 297 1
233 308 1
233 313 1
233 318 1
233 323 1
233 327 1
233 338 1
233 340 1
233 346 1
233 355 1
233 359 1
233 361 1
233 369 1
233 395 1
233 396 1
234 237 1
234 244 1
234 250 1
234 251 1
234 266 1
234 267 1
234 270 1
234 306 1
234 307 1
234 309 1
234 322 1
234 329 1
234 333 1
234 339 1
234 347 1
234 358 1
234 363 1
234 365 1
234 366 1
234 370 1
234 373 1
234 381 1
234 385 1
235 246 1
235 251 1
235 254 1
235 259 1
235 276 1
235 282 1
235 304 1
235 312 1
235 341 1
235 360 1
235 382 1
235 385 1
235 388 1
235 395 1
236 267 1
236 284 1
236 323 1
236 342 1
236 349 1
236 358 1
236 361 1
236 394 1
236 399 1
237 240 1
237 247 1
237 249 1
237 264 1
237 272 1
237 273 1
237 278 1
237 286 1
237 293 1
237 313 1
237 315 1
237 318 1
237 320 1
237 326 1
237 343 1
237 361 1
237 375 1
237 390 1
238 239 1
238 245 1
238 261 1
238 262 1
238 279 1
238 286 1
238 319 1
238 340 1
238 342 1
238 351 1
238 356 1
238 364 1
238 375 1
238 389 1
238 396 1
238 400 1
239 254 1
239 260 1
239 270 1
239 274 1
239 296 1
239 300 1
239 304 1
239 317 1
239 350 1
239 353 1
239 354 1
239 360 1
239 388 1
240 243 1
240 257 1
240 260 1
240 267 1
240 268 1
240 281 1
240 294 1
240 306 1
240 341 1
240 344 1
240 367 1
241 262 1
241 289 1
241 290 1
241 293 1
241 315 1
241 371 1
241 391 1
241 394 1
242 243 1
242 246 1
242 247 1
242 250 1
242 296 1
242 299 1
242 305 1
242 332 1
242 337 1
242 344 1
242 364 1
242 366 1
242 372 1
242 384 1
242 395 1
243 268 1
243 272 1
243 276 1
243 278 1
243 301 1
243 302 1
243 309 1
243 340 1
243 349 1
243 358 1
243 362 1
243 364 1
243 369 1
243 377 1
243 379 1
243 389 1
243 396 1
244 247 1
244 262 1
244 272 1
244 274 1
244 277 1
244 286 1
244 301 1
244 305 1
244 311 1
244 319 1
244 320 1
244 335 1
244 371 1
244 375 1
244 397 1
245 259 1
245 263 1
245 266 1
245 279 1
245 296 1
245 301 1
245 308 1
245 314 1
245 325 1
245 329 1
245 336 1
245 359 1
245 360 1
245 365 1
245 372 1
245 384 1
245 392 1
246 302 1
246 323 1
246 342 1
246 362 1
246 369 1
246 372 1
246 374 1
246 394 1
246 397 1
247 251 1
247 266 1
247 270 1
247 281 1
247 282 1
247 285 1
247 298 1
247 306 1
247 314 1
247 321 1
247 336 1
247 337 1
247 345 1
247 350 1
247 359 1
247 363 1
247 364 1
247 372 1
247 373 1
247 385 1
247 386 1
247 393 1
247 395 1
248 279 1
248 298 1
248 325 1
248 331 1
248 340 1
248 347 1
248 354 1
248 376 1
248 385 1
248 388 1
248 391 1
249 250 1
249 267 1
249 270 1
249 279 1
249 299 1
249 310 1
249 329 1
249 336 1
249 337 1
249 347 1
249 370 1
249 372 1
249 381 1
249 383 1
249 384 1
249 385 1
249 386 1
249 388 1
250 255 1
250 284 1
250 290 1
250 297 1
250 313 1
250 319 1
250 334 1
250 343 1
250 368 1
250 375 1
250 398 1
250 400 1
251 252 1
251 261 1
251 264 1
251 276 1
251 278 1
251 281 1
251 291 1
251 313 1
251 319 1
251 361 1
251 368 1
251 390 1
252 258 1
252 260 1
252 267 1
252 279 1
252 292 1
252 295 1
252 322 1
252 329 1
252 337 1
252 352 1
252 359 1
252 360 1
252 384 1
252 391 1
252 393 1
253 254 1
253 258 1
253 287 1
253 306 1
253 314 1
253 317 1
253 318 1
253 335 1
253 345 1
253 360 1
253 366 1
253 377 1
253 392 1
254 255 1
254 301 1
254 303 1
254 308 1
254 316 1
254 320 1
254 334 1
254 342 1
254 355 1
254 356 1
254 362 1
254 369 1
254 388 1
254 394 1
254 399 1
255 260 1
255 266 1
255 295 1
255 305 1
255 341 1
255 344 1
255 347 1
255 352 1
255 353 1
255 359 1
255 365 1
255 370 1
255 372 1
255 376 1
255 388 1
256 257 1
256 273 1
256 281 1
256 297 1
256 302 1
256 306 1
256 307 1
256 310 1
256 317 1
256 337 1
256 341 1
256 357 1
256 360 1
256 367 1
256 376 1
256 388 1
257 262 1
257 308 1
257 318 1
257 320 1
257 323 1
257 335 1
257 337 1
257 342 1
257 349 1
257 362 1
257 374 1
257 394 1
257 396 1
258 288 1
258 310 1
258 316 1
258 318 1
258 323 1
258 327 1
258 343 1
258 364 1
258 369 1
258 389 1
258 400 1
259 262 1
259 276 1
259 278 1
259 283 1
259 287 1
259 295 1
259 302 1
259 318 1
259 327 1
259 334 1
259 342 1
259 356 1
259 374 1
259 375 1
259 376 1
259 400 1
260 272 1
260 275 1
260 287 1
260 288 1
260 289 1
260 290 1
260 294 1
260 301 1
260 316 1
260 330 1
260 335 1
260 346 1
260 349 1
260 369 1
260 390 1
260 397 1
260 398 1
260 400 1
261 299 1
261 341 1
261 345 1
261 353 1
261 354 1
261 355 1
261 357 1
261 366 1
261 369 1
261 370 1
261 379 1
261 381 1
261 385 1
261 386 1
261 392 1
262 271 1
262 281 1
262 295 1
262 309 1
262 310 1
262 347 1
262 354 1
262 365 1
262 367 1
262 377 1
262 382 1
262 383 1
262 384 1
262 395 1
263 273 1
263 288 1
263 289 1
263 302 1
263 311 1
263 326 1
263 335 1
263 338 1
263 349 1
263 356 1
263 365 1
263 369 1
264 266 1
264 267 1
264 269 1
264 304 1
264 306 1
264 312 1
264 315 1
264 328 1
264 356 1
264 365 1
264 366 1
264 382 1
264 383 1
264 388 1
265 274 1
265 284 1
265 294 1
265 317 1
265 329 1
265 332 1
265 336 1
265 350 1
265 395 1
266 273 1
266 288 1
266 289 1
266 297 1
266 308 1
266 311 1
266 338 1
266 356 1
266 375 1
266 379 1
266 389 1
267 287 1
267 290 1
267 303 1
267 326 1
267 335 1
267 343 1
267 351 1
267 356 1
267 371 1
267 375 1
267 389 1
268 271 1
268 274 1
268 285 1
268 296 1
268 300 1
268 321 1
268 336 1
268 350 1
268 363 1
268 365 1
268 366 1
268 370 1
268 373 1
268 391 1
269 271 1
269 272 1
269 303 1
269 316 1
269 323 1
269 324 1
269 335 1
269 356 1
269 358 1
269 361 1
269 399 1
270 275 1
270 287 1
270 290 1
270 315 1
270 322 1
270 343 1
270 375 1
270 390 1
270 399 1
271 276 1
271 277 1
271 278 1
271 311 1
271 324 1
271 335 1
271 356 1
271 364 1
271 390 1
272 307 1
272 317 1
272 328 1
272 331 1
272 332 1
272 341 1
272 345 1
272 360 1
272 372 1
272 377 1
272 378 1
272 387 1
272 393 1
273 279 1
273 282 1
273 292 1
273 297 1
273 302 1
273 314 1
273 322 1
273 336 1
273 337 1
273 360 1
273 363 1
273 366 1
273 380 1
273 382 1
273 383 1
273 384 1
273 385 1
273 392 1
273 395 1
274 288 1
274 303 1
274 305 1
274 315 1
274 320 1
274 397 1
275 282 1
275 285 1
275 296 1
275 299 1
275 309 1
275 339 1
275 360 1
275 363 1
275 365 1
275 382 1
275 386 1
275 391 1
275 393 1
276 279 1
276 281 1
276 292 1
276 295 1
276 296 1
276 328 1
276 336 1
276 344 1
276 347 1
276 359 1
276 373 1
276 380 1
276 388 1
276 393 1
276 395 1
277 279 1
277 325 1
277 344 1
277 347 1
277 349 1
277 360 1
277 367 1
277 377 1
277 387 1
277 391 1
278 292 1
278 295 1
278 300 1
278 328 1
278 339 1
278 344 1
278 360 1
278 370 1
278 372 1
278 391 1
278 392 1
279 290 1
279 297 1
279 318 1
279 327 1
279 334 1
279 355 1
279 356 1
279 389 1
280 281 1
280 294 1
280 296 1
280 306 1
280 312 1
280 317 1
280 324 1
280 325 1
280 341 1
280 344 1
280 348 1
280 353 1
280 357 1
280 359 1
280 366 1
280 378 1
280 384 1
280 387 1
281 326 1
281 330 1
281 361 1
281 399 1
282 287 1
282 288 1
282 289 1
282 302 1
282 314 1
282 320 1
282 326 1
282 333 1
282 346 1
282 398 1
283 285 1
283 295 1
283 299 1
283 306 1
283 329 1
283 336 1
283 347 1
283 363 1
283 366 1
283 391 1
283 392 1
284 300 1
284 331 1
284 332 1
284 359 1
284 367 1
284 376 1
284 377 1
284 385 1
284 395 1
285 286 1
285 289 1
285 303 1
285 311 1
285 323 1
285 326 1
285 330 1
285 338 1
285 359 1
285 390 1
285 395 1
285 399 1
285 400 1
286 295 1
286 307 1
286 310 1
286 325 1
286 339 1
286 352 1
286 363 1
286 365 1
286 381 1
286 383 1
286 385 1
286 386 1
286 391 1
286 395 1
287 292 1
287 295 1
287 300 1
287 309 1
287 314 1
287 318 1
287 325 1
287 335 1
287 336 1
287 344 1
287 347 1
287 365 1
287 373 1
287 380 1
287 381 1
287 384 1
287 385 1
287 395 1
288 296 1
288 298 1
288 299 1
288 337 1
288 339 1
288 350 1
288 370 1
288 384 1
288 395 1
289 348 1
289 352 1
289 360 1
289 373 1
289 380 1
289 383 1
289 386 1
289 390 1
289 399 1
290 295 1
290 320 1
290 339 1
290 365 1
290 372 1
290 385 1
291 296 1
291 299 1
291 312 1
291 321 1
291 337 1
291 365 1
291 376 1
291 384 1
292 316 1
292 318 1
292 326 1
292 336 1
292 340 1
292 343 1
292 349 1
292 387 1
292 396 1
292 398 1
293 294 1
293 312 1
293 336 1
293 357 1
293 360 1
293 366 1
293 373 1
293 382 1
293 384 1
293 385 1
294 318 1
294 327 1
294 330 1
294 338 1
294 346 1
294 368 1
295 303 1
295 323 1
295 333 1
295 334 1
295 343 1
295 376 1
295 396 1
295 399 1
296 316 1
296 319 1
296 343 1
296 351 1
296 355 1
296 373 1
296 400 1
297 299 1
297 302 1
297 307 1
297 354 1
297 363 1
297 370 1
297 376 1
297 377 1
297 381 1
297 388 1
298 302 1
298 303 1
298 312 1
298 335 1
298 342 1
298 358 1
298 364 1
298 368 1
298 375 1
298 396 1
299 300 1
299 327 1
299 332 1
299 355 1
299 375 1
299 379 1
300 313 1
300 332 1
300 334 1
300 338 1
301 308 1
301 314 1
301 328 1
301 329 1
301 331 1
301 339 1
301 341 1
301 347 1
301 350 1
301 360 1
301 365 1
301 381 1
301 383 1
301 385 1
301 387 1
301 392 1
302 309 1
302 336 1
302 337 1
302 357 1
302 360 1
302 367 1
302 370 1
302 377 1
302 384 1
302 387 1
303 304 1
303 305 1
303 312 1
303 319 1
303 321 1
303 324 1
303 329 1
303 332 1
303 357 1
303 359 1
303 367 1
303 372 1
303 380 1
303 382 1
303 383 1
303 384 1
303 387 1
304 327 1
304 335 1
304 338 1
304 356 1
304 358 1
304 364 1
304 369 1
304 398 1
305 308 1
305 313 1
305 316 1
305 334 1
305 335 1
305 346 1
305 356 1
305 368 1
305 369 1
306 311 1
306 340 1
306 343 1
306 349 1
306 356 1
306 358 1
306 364 1
306 371 1
307 315 1
307 316 1
307 342 1
307 351 1
307 355 1
307 358 1
307 361 1
307 371 1
307 375 1
308 337 1
308 353 1
308 357 1
308 360 1
308 378 1
308 381 1
308 385 1
308 386 1
309 311 1
309 319 1
309 326 1
309 333 1
309 338 1
309 355 1
309 362 1
309 377 1
309 379 1
309 389 1
310 334 1
310 340 1
310 351 1
310 362 1
310 371 1
310 379 1
310 398 1
310 400 1
311 321 1
311 325 1
311 347 1
311 348 1
311 359 1
311 370 1
311 372 1
311 373 1
311 391 1
312 316 1
312 319 1
312 323 1
312 333 1
312 338 1
312 342 1
312 351 1
312 368 1
312 369 1
313 324 1
313 326 1
313 337 1
313 353 1
313 366 1
313 383 1
313 384 1
313 387 1
313 393 1
313 395 1
314 315 1
314 333 1
314 334 1
314 335 1
314 340 1
314 351 1
314 362 1
314 374 1
314 379 1
314 389 1
314 396 1
314 400 1
315 321 1
315 344 1
315 356 1
315 372 1
315 373 1
315 381 1
315 383 1
315 392 1
315 393 1
316 317 1
316 338 1
316 341 1
316 350 1
316 352 1
316 359 1
316 367 1
316 377 1
316 384 1
317 323 1
317 327 1
317 330 1
317 333 1
317 340 1
317 369 1
318 322 1
318 332 1
318 335 1
318 352 1
318 353 1
318 354 1
318 359 1
319 332 1
319 344 1
319 350 1
319 360 1
319 372 1
319 391 1
319 393 1
320 337 1
320 339 1
320 344 1
320 370 1
321 335 1
321 343 1
321 346 1
321 371 1
321 394 1
321 396 1
322 326 1
322 334 1
322 396 1
322 399 1
323 345 1
323 363 1
323 377 1
324 326 1
324 351 1
324 368 1
324 389 1
324 399 1
325 326 1
325 327 1
325 333 1
325 364 1
325 368 1
325 370 1
325 389 1
325 390 1
325 394 1
325 397 1
325 399 1
325 400 1
326 329 1
326 339 1
326 344 1
326 365 1
326 372 1
326 373 1
326 384 1
326 391 1
327 328 1
327 350 1
327 367 1
327 368 1
327 378 1
327 396 1
328 334 1
328 342 1
328 355 1
328 358 1
328 361 1
328 371 1
328 375 1
328 378 1
328 394 1
328 400 1
329 330 1
329 344 1
329 351 1
329 355 1
329 358 1
329 362 1
329 379 1
329 386 1
329 390 1
329 397 1
330 341 1
330 345 1
330 350 1
330 357 1
330 365 1
330 366 1
330 372 1
330 385 1
330 387 1
330 391 1
330 393 1
330 395 1
330 397 1
331 339 1
331 340 1
331 352 1
331 358 1
331 361 1
331 362 1
331 364 1
331 374 1
331 390 1
331 394 1
331 397 1
332 334 1
332 358 1
332 369 1
332 399 1
333 336 1
333 348 1
333 352 1
333 357 1
333 358 1
333 372 1
333 377 1
333 385 1
334 336 1
334 359 1
334 365 1
334 370 1
334 377 1
334 380 1
334 384 1
334 386 1
335 350 1
335 354 1
335 370 1
335 378 1
335 382 1
335 385 1
335 392 1
335 395 1
336 338 1
336 349 1
336 356 1
336 371 1
336 387 1
336 389 1
336 396 1
336 398 1
337 364 1
337 368 1
337 374 1
337 400 1
338 339 1
338 359 1
338 373 1
338 376 1
338 378 1
338 387 1
339 342 1
339 343 1
339 352 1
339 375 1
340 347 1
340 366 1
340 367 1
340 370 1
341 346 1
341 351 1
341 364 1
341 366 1
341 369 1
341 384 1
341 396 1
342 345 1
342 353 1
342 354 1
342 357 1
342 359 1
342 363 1
342 370 1
342 386 1
343 350 1
343 351 1
343 363 1
343 383 1
343 384 1
343 385 1
344 368 1
344 375 1
344 379 1
344 386 1
344 394 1
344 400 1
345 354 1
345 355 1
345 371 1
345 375 1
345 379 1
345 383 1
345 394 1
346 353 1
346 363 1
346 365 1
346 367 1
346 371 1
346 378 1
346 380 1
346 384 1
346 388 1
346 395 1
347 362 1
347 371 1
347 374 1
348 362 1
348 389 1
348 397 1
349 373 1
349 381 1
349 383 1
349 387 1
349 395 1
350 351 1
350 355 1
350 368 1
350 369 1
350 399 1
351 352 1
351 353 1
351 363 1
351 378 1
351 382 1
351 387 1
351 395 1
352 364 1
352 368 1
352 369 1
352 375 1
352 379 1
353 374 1
353 381 1
353 396 1
353 399 1
354 383 1
354 394 1
354 399 1
355 366 1
355 369 1
355 379 1
355 385 1
356 367 1
356 372 1
356 373 1
356 376 1
356 381 1
356 382 1
357 360 1
357 362 1
357 368 1
357 380 1
358 373 1
358 377 1
358 381 1
358 387 1
358 388 1
358 391 1
359 362 1
359 364 1
359 368 1
359 371 1
359 395 1
359 397 1
359 398 1
359 400 1
360 364 1
360 380 1
360 389 1
360 394 1
361 370 1
361 376 1
361 384 1
361 388 1
361 391 1
362 363 1
362 377 1
362 386 1
362 391 1
363 374 1
363 379 1
363 397 1
364 381 1
364 385 1
364 395 1
365 369 1
365 371 1
365 379 1
365 389 1
365 400 1
366 371 1
366 379 1
366 384 1
366 399 1
367 374 1
367 394 1
368 377 1
368 381 1
368 386 1
368 391 1
368 396 1
369 377 1
369 379 1
369 381 1
369 388 1
370 389 1
370 397 1
371 372 1
371 373 1
372 375 1
372 389 1
372 394 1
372 396 1
373 375 1
373 396 1
373 399 1
373 400 1
374 376 1
374 382 1
374 391 1
374 400 1
375 385 1
375 392 1
378 396 1
378 398 1
378 399 1
379 383 1
380 399 1
381 389 1
381 390 1
381 394 1
382 397 1
382 399 1
383 394 1
384 400 1
385 389 1
385 394 1
386 398 1
386 400 1
387 394 1
387 397 1
387 398 1
387 399 1
388 394 1
388 400 1
389 391 1
389 392 1
390 393 1
390 399 1
391 396 1
391 398 1
392 398 1
392 400 1
395 398 1
