250 3141
1 3 1
1 4 1
1 24 1
1 31 1
1 37 1
1 38 1
1 40 1
1 48 1
1 62 1
1 64 1
1 70 1
1 78 1
1 79 1
1 85 1
1 88 1
1 89 1
1 92 1
1 101 1
1 107 1
1 162 1
1 163 1
1 166 1
1 190 1
1 200 1
1 202 1
1 213 1
1 222 1
1 232 1
1 241 1
2 16 1
2 18 1
2 26 1
2 28 1
2 35 1
2 45 1
2 48 1
2 59 1
2 60 1
2 67 1
2 68 1
2 72 1
2 84 1
2 98 1
2 104 1
2 105 1
2 117 1
2 121 1
2 122 1
2 126 1
2 130 1
2 132 1
2 134 1
2 145 1
2 155 1
2 158 1
2 172 1
2 174 1
2 176 1
2 177 1
2 183 1
2 185 1
2 186 1
2 191 1
2 200 1
2 209 1
2 210 1
2 244 1
3 7 1
3 15 1
3 17 1
3 28 1
3 33 1
3 38 1
3 44 1
3 89 1
3 120 1
3 125 1
3 127 1
3 130 1
3 164 1
3 166 1
3 175 1
3 179 1
3 193 1
3 194 1
3 200 1
3 206 1
3 213 1
3 223 1
3 236 1
3 242 1
4 9 1
4 15 1
4 20 1
4 32 1
4 34 1
4 56 1
4 61 1
4 76 1
4 111 1
4 114 1
4 136 1
4 140 1
4 143 1
4 167 1
4 174 1
4 176 1
4 178 1
4 192 1
4 211 1
4 235 1
4 236 1
4 240 1
4 243 1
5 10 1
5 11 1
5 15 1
5 19 1
5 20 1
5 22 1
5 26 1
5 48 1
5 53 1
5 56 1
5 79 1
5 90 1
5 98 1
5 102 1
5 123 1
5 126 1
5 135 1
5 139 1
5 141 1
5 151 1
5 167 1
5 171 1
5 193 1
5 196 1
5 198 1
5 209 1
5 225 1
5 232 1
5 236 1
5 238 1
5 241 1
5 245 1
6 7 1
6 34 1
6 39 1
6 45 1
6 52 1
6 101 1
6 107 1
6 143 1
6 164 1
6 173 1
6 175 1
6 205 1
6 208 1
6 233 1
6 236 1
7 32 1
7 44 1
7 48 1
7 61 1
7 87 1
7 95 1
7 97 1
7 99 1
7 104 1
7 109 1
7 110 1
7 126 1
7 128 1
7 131 1
7 141 1
7 151 1
7 153 1
7 163 1
7 166 1
7 168 1
7 174 1
7 175 1
7 190 1
7 222 1
7 226 1
7 227 1
7 231 1
7 236 1
8 9 1
8 62 1
8 74 1
8 88 1
8 89 1
8 109 1
8 133 1
8 134 1
8 143 1
8 148 1
8 156 1
8 159 1
8 190 1
8 211 1
8 219 1
8 226 1
8 229 1
8 233 1
8 237 1
9 28 1
9 30 1
9 49 1
9 52 1
9 61 1
9 70 1
9 90 1
9 93 1
9 98 1
9 137 1
9 147 1
9 155 1
9 160 1
9 165 1
9 204 1
9 208 1
9 226 1
9 236 1
9 239 1
9 245 1
9 249 1
10 31 1
10 41 1
10 45 1
10 53 1
10 60 1
10 70 1
10 71 1
10 77 1
10 81 1
10 98 1
10 99 1
10 106 1
10 119 1
10 120 1
10 136 1
10 155 1
10 167 1
10 169 1
10 175 1
10 180 1
10 187 1
10 196 1
10 221 1
10 240 1
11 15 1
11 31 1
11 41 1
11 43 1
11 59 1
11 60 1
11 74 1
11 82 1
11 89 1
11 114 1
11 120 1
11 122 1
11 123 1
11 126 1
11 130 1
11 133 1
11 145 1
11 154 1
11 155 1
11 159 1
11 168 1
11 174 1
11 177 1
11 194 1
11 197 1
11 200 1
11 207 1
11 211 1
11 217 1
11 220 1
11 237 1
11 249 1
12 27 1
12 37 1
12 40 1
12 42 1
12 43 1
12 48 1
12 59 1
12 72 1
12 73 1
12 79 1
12 87 1
12 89 1
12 93 1
12 106 1
12 127 1
12 140 1
12 153 1
12 162 1
12 164 1
12 169 1
12 171 1
12 186 1
12 189 1
12 193 1
12 198 1
12 219 1
12 223 1
12 225 1
12 238 1
12 243 1
12 244 1
12 246 1
13 42 1
13 47 1
13 64 1
13 70 1
13 79 1
13 88 1
13 103 1
13 104 1
13 109 1
13 112 1
13 113 1
13 116 1
13 126 1
13 145 1
13 161 1
13 163 1
13 165 1
13 173 1
13 198 1
13 202 1
13 203 1
13 212 1
13 213 1
13 229 1
13 235 1
13 239 1
13 245 1
14 17 1
14 25 1
14 34 1
14 37 1
14 45 1
14 58 1
14 68 1
14 72 1
14 86 1
14 103 1
14 104 1
14 110 1
14 111 1
14 114 1
14 120 1
14 122 1
14 127 1
14 144 1
14 146 1
14 169 1
14 173 1
14 179 1
14 191 1
14 194 1
14 199 1
14 220 1
14 224 1
14 226 1
14 228 1
14 236 1
14 243 1
14 244 1
14 245 1
15 17 1
15 31 1
15 34 1
15 37 1
15 53 1
15 54 1
15 89 1
15 101 1
15 119 1
15 128 1
15 148 1
15 153 1
15 161 1
15 167 1
15 176 1
15 179 1
15 200 1
15 202 1
15 203 1
15 208 1
15 218 1
15 222 1
15 246 1
15 249 1
16 26 1
16 40 1
16 48 1
16 55 1
16 61 1
16 64 1
16 67 1
16 71 1
16 73 1
16 85 1
16 86 1
16 111 1
16 112 1
16 118 1
16 125 1
16 126 1
16 140 1
16 142 1
16 156 1
16 162 1
16 166 1
16 189 1
16 211 1
16 225 1
16 226 1
16 231 1
16 249 1
17 18 1
17 30 1
17 48 1
17 51 1
17 62 1
17 81 1
17 120 1
17 147 1
17 152 1
17 156 1
17 163 1
17 171 1
17 178 1
17 207 1
17 222 1
17 244 1
18 20 1
18 22 1
18 26 1
18 39 1
18 54 1
18 58 1
18 70 1
18 77 1
18 97 1
18 103 1
18 105 1
18 106 1
18 119 1
18 127 1
18 143 1
18 150 1
18 157 1
18 161 1
18 175 1
18 203 1
18 225 1
18 238 1
18 249 1
19 21 1
19 25 1
19 34 1
19 35 1
19 37 1
19 77 1
19 78 1
19 92 1
19 95 1
19 103 1
19 121 1
19 137 1
19 139 1
19 141 1
19 143 1
19 149 1
19 150 1
19 151 1
19 156 1
19 166 1
19 167 1
19 184 1
19 189 1
19 193 1
19 199 1
19 201 1
19 212 1
19 237 1
19 239 1
19 241 1
20 53 1
20 72 1
20 73 1
20 94 1
20 104 1
20 118 1
20 122 1
20 127 1
20 134 1
20 137 1
20 154 1
20 164 1
20 178 1
20 193 1
20 213 1
20 216 1
20 230 1
20 234 1
20 236 1
20 247 1
21 25 1
21 27 1
21 28 1
21 35 1
21 43 1
21 51 1
21 67 1
21 69 1
21 74 1
21 80 1
21 89 1
21 98 1
21 103 1
21 130 1
21 170 1
21 172 1
21 184 1
21 206 1
21 209 1
21 217 1
21 219 1
21 220 1
21 224 1
21 226 1
21 230 1
21 231 1
21 243 1
21 245 1
21 246 1
22 49 1
22 51 1
22 57 1
22 80 1
22 82 1
22 100 1
22 101 1
22 104 1
22 118 1
22 120 1
22 138 1
22 140 1
22 143 1
22 167 1
22 171 1
22 182 1
22 185 1
22 197 1
22 198 1
22 206 1
22 223 1
22 232 1
22 239 1
22 243 1
23 46 1
23 58 1
23 64 1
23 81 1
23 84 1
23 96 1
23 97 1
23 124 1
23 131 1
23 169 1
23 176 1
23 190 1
23 198 1
23 209 1
23 210 1
23 224 1
23 228 1
23 229 1
23 241 1
23 247 1
24 38 1
24 66 1
24 67 1
24 89 1
24 95 1
24 96 1
24 101 1
24 103 1
24 104 1
24 118 1
24 119 1
24 124 1
24 141 1
24 147 1
24 152 1
24 160 1
24 171 1
24 173 1
24 184 1
24 186 1
24 198 1
24 199 1
24 210 1
24 218 1
24 220 1
24 223 1
24 243 1
25 32 1
25 38 1
25 47 1
25 63 1
25 71 1
25 74 1
25 83 1
25 88 1
25 100 1
25 111 1
25 114 1
25 120 1
25 127 1
25 134 1
25 135 1
25 148 1
25 157 1
25 166 1
25 182 1
25 189 1
25 191 1
25 201 1
25 204 1
25 210 1
25 236 1
26 68 1
26 69 1
26 79 1
26 93 1
26 94 1
26 98 1
26 119 1
26 137 1
26 139 1
26 159 1
26 164 1
26 167 1
26 182 1
26 188 1
26 199 1
26 250 1
27 28 1
27 31 1
27 38 1
27 46 1
27 71 1
27 89 1
27 95 1
27 103 1
27 106 1
27 113 1
27 144 1
27 155 1
27 156 1
27 166 1
27 183 1
27 201 1
27 214 1
27 215 1
27 220 1
27 221 1
27 223 1
27 228 1
28 47 1
28 50 1
28 57 1
28 58 1
28 60 1
28 66 1
28 67 1
28 77 1
28 82 1
28 105 1
28 112 1
28 121 1
28 136 1
28 140 1
28 158 1
28 164 1
28 184 1
28 207 1
28 225 1
28 237 1
28 241 1
28 246 1
28 248 1
29 34 1
29 46 1
29 57 1
29 76 1
29 88 1
29 117 1
29 122 1
29 131 1
29 168 1
29 182 1
29 187 1
29 199 1
29 207 1
29 208 1
29 215 1
29 226 1
29 249 1
29 250 1
30 43 1
30 54 1
30 56 1
30 67 1
30 78 1
30 79 1
30 91 1
30 95 1
30 124 1
30 125 1
30 150 1
30 204 1
30 209 1
30 217 1
30 220 1
31 33 1
31 38 1
31 40 1
31 54 1
31 57 1
31 64 1
31 66 1
31 68 1
31 79 1
31 101 1
31 123 1
31 159 1
31 167 1
31 198 1
31 206 1
31 215 1
31 233 1
31 234 1
31 237 1
32 33 1
32 40 1
32 49 1
32 100 1
32 102 1
32 130 1
32 132 1
32 134 1
32 136 1
32 147 1
32 150 1
32 157 1
32 182 1
32 188 1
32 198 1
32 200 1
32 205 1
32 214 1
32 217 1
32 219 1
32 221 1
33 40 1
33 43 1
33 56 1
33 59 1
33 84 1
33 101 1
33 104 1
33 110 1
33 113 1
33 114 1
33 122 1
33 142 1
33 153 1
33 177 1
33 180 1
33 182 1
33 186 1
33 192 1
33 199 1
33 209 1
33 230 1
33 236 1
33 243 1
34 36 1
34 47 1
34 53 1
34 68 1
34 74 1
34 75 1
34 79 1
34 85 1
34 93 1
34 100 1
34 102 1
34 109 1
34 110 1
34 120 1
34 132 1
34 166 1
34 167 1
34 168 1
34 173 1
34 185 1
34 188 1
34 194 1
34 215 1
34 222 1
34 232 1
34 234 1
34 244 1
35 38 1
35 54 1
35 57 1
35 101 1
35 104 1
35 128 1
35 143 1
35 154 1
35 166 1
35 172 1
35 181 1
35 190 1
35 206 1
35 210 1
35 226 1
35 230 1
35 245 1
36 52 1
36 58 1
36 60 1
36 62 1
36 65 1
36 72 1
36 74 1
36 79 1
36 97 1
36 123 1
36 132 1
36 135 1
36 138 1
36 156 1
36 159 1
36 162 1
36 169 1
36 170 1
36 185 1
36 188 1
36 193 1
36 199 1
36 220 1
36 237 1
36 238 1
36 247 1
36 249 1
37 44 1
37 57 1
37 75 1
37 76 1
37 109 1
37 113 1
37 120 1
37 130 1
37 135 1
37 139 1
37 146 1
37 151 1
37 154 1
37 156 1
37 158 1
37 167 1
37 172 1
37 178 1
37 193 1
37 211 1
37 215 1
37 220 1
37 248 1
38 41 1
38 44 1
38 45 1
38 52 1
38 63 1
38 68 1
38 82 1
38 96 1
38 100 1
38 121 1
38 122 1
38 128 1
38 131 1
38 142 1
38 164 1
38 165 1
38 180 1
38 186 1
38 192 1
38 205 1
38 207 1
38 249 1
39 51 1
39 67 1
39 87 1
39 92 1
39 105 1
39 107 1
39 121 1
39 141 1
39 145 1
39 176 1
39 183 1
39 187 1
39 188 1
39 201 1
39 204 1
39 215 1
39 220 1
39 222 1
39 226 1
39 231 1
40 54 1
40 65 1
40 71 1
40 72 1
40 79 1
40 84 1
40 97 1
40 99 1
40 117 1
40 147 1
40 160 1
40 163 1
40 176 1
40 183 1
40 212 1
40 227 1
40 237 1
41 54 1
41 59 1
41 60 1
41 81 1
41 82 1
41 133 1
41 137 1
41 154 1
41 205 1
41 206 1
41 213 1
41 232 1
41 233 1
41 247 1
41 250 1
42 45 1
42 58 1
42 61 1
42 62 1
42 78 1
42 80 1
42 82 1
42 95 1
42 111 1
42 117 1
42 120 1
42 124 1
42 136 1
42 147 1
42 152 1
42 154 1
42 161 1
42 185 1
42 198 1
42 206 1
42 209 1
42 212 1
42 217 1
42 236 1
42 250 1
43 82 1
43 93 1
43 106 1
43 111 1
43 114 1
43 121 1
43 122 1
43 123 1
43 129 1
43 139 1
43 140 1
43 156 1
43 159 1
43 178 1
43 182 1
43 185 1
43 194 1
43 200 1
43 203 1
43 213 1
43 216 1
43 217 1
43 230 1
43 239 1
43 240 1
44 49 1
44 52 1
44 81 1
44 87 1
44 94 1
44 118 1
44 123 1
44 128 1
44 146 1
44 158 1
44 162 1
44 169 1
44 176 1
44 198 1
44 206 1
44 207 1
44 217 1
44 242 1
44 248 1
45 51 1
45 55 1
45 73 1
45 77 1
45 91 1
45 106 1
45 111 1
45 126 1
45 134 1
45 149 1
45 151 1
45 153 1
45 173 1
45 221 1
45 226 1
45 243 1
46 55 1
46 61 1
46 67 1
46 68 1
46 73 1
46 114 1
46 123 1
46 130 1
46 136 1
46 137 1
46 139 1
46 147 1
46 157 1
46 177 1
46 193 1
46 210 1
46 217 1
46 220 1
46 246 1
47 54 1
47 72 1
47 73 1
47 88 1
47 105 1
47 115 1
47 116 1
47 132 1
47 133 1
47 136 1
47 138 1
47 143 1
47 144 1
47 147 1
47 148 1
47 175 1
47 179 1
47 190 1
47 196 1
47 201 1
47 225 1
47 234 1
47 242 1
48 52 1
48 59 1
48 74 1
48 76 1
48 96 1
48 112 1
48 136 1
48 141 1
48 151 1
48 154 1
48 162 1
48 170 1
48 194 1
48 208 1
48 214 1
48 217 1
48 236 1
48 247 1
49 81 1
49 83 1
49 87 1
49 88 1
49 108 1
49 124 1
49 129 1
49 145 1
49 154 1
49 155 1
49 161 1
49 167 1
49 177 1
49 180 1
49 193 1
49 212 1
49 217 1
49 227 1
49 240 1
49 247 1
49 249 1
50 54 1
50 56 1
50 67 1
50 71 1
50 88 1
50 89 1
50 96 1
50 107 1
50 129 1
50 130 1
50 133 1
50 153 1
50 155 1
50 157 1
50 203 1
50 207 1
50 211 1
50 215 1
50 219 1
50 235 1
51 58 1
51 71 1
51 73 1
51 78 1
51 86 1
51 96 1
51 148 1
51 158 1
51 174 1
51 182 1
51 186 1
51 188 1
51 192 1
51 195 1
51 208 1
51 213 1
51 228 1
51 244 1
52 57 1
52 59 1
52 62 1
52 64 1
52 66 1
52 87 1
52 107 1
52 116 1
52 131 1
52 137 1
52 142 1
52 146 1
52 154 1
52 155 1
52 161 1
52 163 1
52 167 1
52 190 1
52 192 1
52 194 1
52 226 1
52 240 1
52 245 1
52 249 1
53 91 1
53 109 1
53 111 1
53 120 1
53 127 1
53 128 1
53 157 1
53 158 1
53 167 1
53 197 1
53 211 1
53 213 1
53 224 1
53 244 1
53 245 1
53 248 1
54 55 1
54 58 1
54 69 1
54 93 1
54 108 1
54 124 1
54 126 1
54 132 1
54 145 1
54 147 1
54 153 1
54 181 1
54 187 1
54 207 1
54 211 1
54 223 1
54 231 1
54 235 1
54 245 1
54 248 1
55 67 1
55 73 1
55 74 1
55 75 1
55 101 1
55 137 1
55 144 1
55 150 1
55 162 1
55 171 1
55 176 1
55 182 1
55 184 1
55 187 1
55 207 1
55 217 1
55 221 1
55 244 1
55 249 1
56 64 1
56 69 1
56 104 1
56 107 1
56 115 1
56 118 1
56 125 1
56 132 1
56 149 1
56 152 1
56 162 1
56 169 1
56 175 1
56 184 1
56 190 1
56 195 1
56 200 1
56 206 1
56 237 1
56 249 1
56 250 1
57 82 1
57 89 1
57 108 1
57 118 1
57 134 1
57 136 1
57 137 1
57 138 1
57 148 1
57 153 1
57 158 1
57 168 1
57 175 1
57 181 1
57 184 1
57 201 1
57 205 1
57 208 1
57 219 1
58 59 1
58 67 1
58 74 1
58 75 1
58 78 1
58 88 1
58 101 1
58 108 1
58 148 1
58 164 1
58 172 1
58 180 1
58 211 1
58 229 1
58 237 1
58 240 1
58 248 1
59 63 1
59 70 1
59 72 1
59 81 1
59 82 1
59 85 1
59 110 1
59 129 1
59 163 1
59 186 1
59 213 1
59 217 1
59 226 1
59 227 1
60 66 1
60 88 1
60 91 1
60 95 1
60 97 1
60 98 1
60 101 1
60 117 1
60 121 1
60 155 1
60 159 1
60 164 1
60 178 1
60 187 1
60 191 1
60 205 1
60 233 1
60 239 1
60 243 1
60 248 1
61 66 1
61 75 1
61 88 1
61 103 1
61 133 1
61 169 1
61 180 1
61 188 1
61 193 1
61 198 1
61 207 1
61 214 1
61 216 1
61 219 1
61 232 1
61 234 1
61 236 1
61 241 1
62 68 1
62 70 1
62 81 1
62 85 1
62 92 1
62 94 1
62 107 1
62 112 1
62 142 1
62 143 1
62 146 1
62 154 1
62 157 1
62 166 1
62 212 1
62 231 1
62 233 1
62 236 1
62 240 1
62 243 1
63 71 1
63 91 1
63 110 1
63 116 1
63 140 1
63 170 1
63 187 1
63 192 1
63 193 1
63 228 1
63 240 1
63 246 1
64 70 1
64 71 1
64 82 1
64 118 1
64 124 1
64 131 1
64 137 1
64 169 1
64 201 1
64 203 1
64 244 1
64 245 1
65 72 1
65 79 1
65 94 1
65 95 1
65 97 1
65 105 1
65 129 1
65 142 1
65 161 1
65 183 1
65 185 1
65 190 1
65 203 1
65 209 1
65 221 1
65 227 1
65 241 1
65 242 1
66 70 1
66 72 1
66 80 1
66 81 1
66 89 1
66 120 1
66 121 1
66 124 1
66 132 1
66 151 1
66 196 1
66 216 1
67 70 1
67 78 1
67 96 1
67 98 1
67 166 1
67 170 1
67 182 1
67 185 1
67 194 1
67 197 1
67 200 1
67 201 1
67 208 1
67 213 1
67 216 1
67 227 1
67 243 1
68 74 1
68 90 1
68 91 1
68 93 1
68 101 1
68 106 1
68 113 1
68 121 1
68 124 1
68 127 1
68 133 1
68 141 1
68 178 1
68 183 1
68 186 1
68 202 1
68 203 1
68 205 1
68 218 1
68 220 1
68 222 1
69 96 1
69 113 1
69 123 1
69 125 1
69 127 1
69 136 1
69 146 1
69 155 1
69 167 1
69 171 1
69 178 1
69 195 1
69 197 1
69 209 1
69 212 1
69 223 1
69 231 1
69 236 1
70 78 1
70 81 1
70 88 1
70 107 1
70 109 1
70 112 1
70 124 1
70 132 1
70 140 1
70 153 1
70 185 1
70 222 1
70 231 1
70 237 1
70 242 1
70 243 1
71 77 1
71 80 1
71 90 1
71 117 1
71 120 1
71 131 1
71 137 1
71 142 1
71 159 1
71 182 1
71 189 1
71 194 1
71 196 1
71 205 1
71 206 1
71 209 1
71 210 1
71 225 1
71 227 1
71 236 1
72 101 1
72 110 1
72 127 1
72 130 1
72 141 1
72 148 1
72 170 1
72 224 1
72 236 1
72 237 1
72 238 1
72 244 1
72 245 1
72 249 1
73 76 1
73 92 1
73 93 1
73 103 1
73 108 1
73 112 1
73 114 1
73 119 1
73 121 1
73 153 1
73 176 1
73 186 1
73 187 1
73 188 1
73 201 1
73 208 1
73 209 1
73 210 1
73 237 1
73 249 1
74 77 1
74 80 1
74 88 1
74 90 1
74 112 1
74 130 1
74 140 1
74 143 1
74 151 1
74 152 1
74 158 1
74 162 1
74 175 1
74 178 1
74 186 1
74 194 1
74 204 1
74 221 1
74 242 1
74 249 1
75 83 1
75 89 1
75 90 1
75 100 1
75 117 1
75 132 1
75 133 1
75 136 1
75 139 1
75 141 1
75 166 1
75 168 1
75 171 1
75 176 1
75 185 1
75 192 1
75 194 1
75 200 1
75 208 1
75 219 1
75 221 1
75 233 1
75 245 1
76 77 1
76 96 1
76 100 1
76 109 1
76 130 1
76 137 1
76 158 1
76 160 1
76 163 1
76 179 1
76 182 1
76 190 1
76 193 1
76 208 1
76 232 1
76 243 1
76 247 1
77 84 1
77 85 1
77 88 1
77 91 1
77 98 1
77 100 1
77 102 1
77 129 1
77 132 1
77 134 1
77 135 1
77 149 1
77 157 1
77 187 1
77 207 1
77 208 1
77 217 1
77 220 1
77 238 1
78 89 1
78 101 1
78 125 1
78 133 1
78 140 1
78 141 1
78 142 1
78 150 1
78 163 1
78 169 1
78 233 1
78 237 1
78 241 1
79 82 1
79 84 1
79 95 1
79 99 1
79 101 1
79 108 1
79 128 1
79 146 1
79 163 1
79 169 1
79 179 1
79 187 1
79 190 1
79 209 1
79 214 1
79 215 1
79 218 1
79 225 1
79 249 1
80 86 1
80 90 1
80 119 1
80 128 1
80 132 1
80 152 1
80 155 1
80 163 1
80 183 1
80 197 1
80 207 1
80 208 1
80 217 1
80 222 1
80 228 1
80 231 1
80 236 1
80 244 1
80 245 1
80 248 1
80 249 1
81 84 1
81 85 1
81 91 1
81 97 1
81 112 1
81 131 1
81 138 1
81 142 1
81 143 1
81 149 1
81 161 1
81 171 1
81 172 1
81 189 1
81 194 1
81 198 1
81 199 1
81 212 1
81 250 1
82 111 1
82 120 1
82 123 1
82 138 1
82 163 1
82 164 1
82 171 1
82 217 1
82 234 1
82 249 1
82 250 1
83 84 1
83 94 1
83 105 1
83 109 1
83 116 1
83 126 1
83 137 1
83 154 1
83 163 1
83 168 1
83 171 1
83 179 1
83 210 1
83 227 1
83 246 1
83 247 1
83 248 1
83 249 1
84 107 1
84 130 1
84 132 1
84 135 1
84 155 1
84 156 1
84 169 1
84 188 1
84 205 1
84 206 1
84 216 1
84 233 1
84 238 1
85 93 1
85 98 1
85 100 1
85 110 1
85 115 1
85 132 1
85 162 1
85 163 1
85 168 1
85 173 1
85 177 1
85 217 1
85 222 1
85 224 1
85 232 1
85 233 1
86 87 1
86 99 1
86 103 1
86 109 1
86 110 1
86 116 1
86 141 1
86 147 1
86 149 1
86 157 1
86 169 1
86 182 1
86 192 1
86 207 1
86 219 1
86 231 1
87 91 1
87 117 1
87 119 1
87 156 1
87 169 1
87 170 1
87 172 1
87 187 1
87 192 1
87 193 1
87 194 1
87 204 1
87 221 1
88 102 1
88 121 1
88 124 1
88 129 1
88 144 1
88 182 1
88 190 1
88 223 1
88 230 1
89 116 1
89 122 1
89 129 1
89 130 1
89 135 1
89 148 1
89 170 1
89 171 1
89 185 1
89 186 1
89 217 1
89 224 1
89 231 1
89 232 1
89 237 1
89 241 1
90 101 1
90 119 1
90 125 1
90 141 1
90 164 1
90 178 1
90 180 1
90 188 1
90 199 1
90 204 1
90 209 1
90 211 1
90 218 1
90 231 1
91 101 1
91 110 1
91 113 1
91 117 1
91 118 1
91 137 1
91 145 1
91 162 1
91 177 1
91 197 1
91 198 1
91 203 1
91 206 1
91 216 1
91 220 1
91 226 1
91 231 1
91 234 1
91 235 1
91 237 1
91 241 1
92 106 1
92 119 1
92 125 1
92 126 1
92 151 1
92 159 1
92 171 1
92 175 1
92 179 1
92 196 1
92 202 1
92 206 1
92 222 1
92 236 1
92 239 1
92 245 1
92 246 1
92 248 1
93 100 1
93 102 1
93 103 1
93 116 1
93 118 1
93 131 1
93 149 1
93 158 1
93 160 1
93 164 1
93 175 1
93 184 1
93 188 1
93 193 1
93 208 1
93 215 1
93 221 1
93 222 1
93 243 1
94 105 1
94 108 1
94 134 1
94 144 1
94 145 1
94 170 1
94 188 1
94 207 1
94 208 1
94 216 1
94 219 1
95 134 1
95 141 1
95 153 1
95 160 1
95 167 1
95 179 1
95 184 1
95 213 1
95 217 1
95 220 1
95 223 1
95 229 1
95 238 1
95 239 1
95 241 1
95 243 1
96 108 1
96 130 1
96 156 1
96 172 1
96 178 1
96 187 1
96 200 1
96 216 1
96 230 1
96 231 1
97 112 1
97 141 1
97 143 1
97 145 1
97 166 1
97 170 1
97 173 1
97 180 1
97 206 1
97 222 1
97 240 1
97 244 1
97 245 1
97 248 1
98 112 1
98 122 1
98 128 1
98 131 1
98 132 1
98 136 1
98 155 1
98 173 1
98 185 1
98 188 1
98 189 1
98 191 1
98 199 1
98 201 1
98 247 1
98 249 1
99 106 1
99 112 1
99 114 1
99 130 1
99 135 1
99 145 1
99 149 1
99 155 1
99 172 1
99 175 1
99 178 1
99 184 1
99 187 1
99 189 1
99 194 1
99 202 1
99 230 1
100 129 1
100 138 1
100 187 1
100 191 1
100 193 1
100 203 1
100 204 1
100 216 1
100 229 1
100 231 1
100 232 1
100 233 1
100 240 1
100 242 1
100 249 1
101 144 1
101 155 1
101 165 1
101 176 1
101 183 1
101 198 1
101 213 1
101 220 1
101 227 1
101 232 1
101 236 1
101 249 1
102 113 1
102 115 1
102 120 1
102 137 1
102 145 1
102 206 1
102 213 1
102 217 1
102 219 1
102 223 1
102 227 1
102 233 1
102 237 1
102 238 1
102 239 1
102 245 1
103 136 1
103 154 1
103 160 1
103 163 1
103 175 1
103 183 1
103 189 1
103 196 1
103 214 1
103 217 1
103 223 1
103 225 1
103 231 1
103 235 1
103 250 1
104 112 1
104 122 1
104 123 1
104 126 1
104 135 1
104 138 1
104 181 1
104 187 1
104 192 1
104 196 1
104 199 1
104 210 1
104 214 1
104 228 1
104 238 1
104 240 1
104 244 1
105 119 1
105 123 1
105 133 1
105 149 1
105 156 1
105 169 1
105 186 1
105 205 1
105 208 1
105 224 1
105 231 1
105 238 1
105 240 1
106 118 1
106 119 1
106 145 1
106 161 1
106 166 1
106 168 1
106 169 1
106 171 1
106 178 1
106 184 1
106 208 1
106 214 1
106 215 1
106 217 1
106 247 1
107 134 1
107 138 1
107 163 1
107 167 1
107 178 1
107 200 1
107 201 1
107 212 1
107 216 1
107 220 1
107 234 1
107 239 1
107 246 1
107 247 1
108 116 1
108 128 1
108 139 1
108 140 1
108 169 1
108 174 1
108 176 1
108 179 1
108 182 1
108 188 1
108 189 1
108 213 1
108 229 1
108 242 1
108 250 1
109 112 1
109 132 1
109 146 1
109 152 1
109 168 1
109 177 1
109 178 1
109 184 1
109 185 1
109 188 1
109 197 1
109 198 1
109 202 1
109 204 1
109 214 1
109 215 1
109 234 1
109 237 1
109 245 1
110 119 1
110 127 1
110 133 1
110 142 1
110 145 1
110 148 1
110 149 1
110 152 1
110 162 1
110 169 1
110 208 1
110 215 1
110 223 1
110 236 1
110 239 1
111 115 1
111 119 1
111 134 1
111 156 1
111 164 1
111 169 1
111 175 1
111 179 1
111 207 1
111 208 1
111 217 1
111 221 1
111 247 1
112 113 1
112 115 1
112 121 1
112 130 1
112 132 1
112 139 1
112 143 1
112 159 1
112 163 1
112 166 1
112 185 1
112 186 1
112 187 1
112 198 1
112 207 1
112 208 1
112 213 1
112 214 1
112 219 1
112 222 1
112 241 1
112 244 1
112 249 1
113 143 1
113 148 1
113 154 1
113 163 1
113 194 1
113 209 1
113 218 1
113 241 1
114 119 1
114 124 1
114 129 1
114 144 1
114 146 1
114 148 1
114 149 1
114 161 1
114 169 1
114 178 1
114 179 1
114 192 1
114 227 1
114 241 1
114 245 1
115 119 1
115 122 1
115 126 1
115 129 1
115 133 1
115 139 1
115 156 1
115 161 1
115 171 1
115 191 1
115 219 1
115 238 1
115 239 1
115 240 1
115 246 1
116 117 1
116 148 1
116 158 1
116 181 1
116 191 1
116 194 1
116 218 1
116 219 1
116 232 1
116 237 1
117 126 1
117 128 1
117 153 1
117 157 1
117 164 1
117 166 1
117 172 1
117 179 1
117 188 1
117 192 1
117 201 1
117 215 1
117 231 1
117 244 1
118 137 1
118 152 1
118 162 1
118 174 1
118 184 1
118 186 1
118 215 1
118 217 1
118 222 1
118 228 1
118 235 1
118 238 1
118 244 1
119 128 1
119 137 1
119 155 1
119 160 1
119 168 1
119 170 1
119 177 1
119 193 1
119 194 1
119 217 1
119 219 1
119 222 1
119 234 1
119 244 1
120 128 1
120 133 1
120 153 1
120 154 1
120 156 1
120 168 1
120 171 1
120 187 1
120 247 1
121 132 1
121 135 1
121 143 1
121 160 1
121 162 1
121 163 1
121 171 1
121 194 1
121 208 1
121 212 1
121 219 1
121 225 1
121 233 1
121 241 1
122 127 1
122 159 1
122 160 1
122 168 1
122 176 1
122 185 1
122 209 1
122 213 1
122 223 1
122 228 1
122 233 1
123 125 1
123 132 1
123 145 1
123 147 1
123 158 1
123 163 1
123 187 1
123 189 1
123 191 1
123 192 1
123 201 1
123 206 1
123 214 1
123 223 1
123 240 1
123 249 1
124 131 1
124 132 1
124 133 1
124 143 1
124 153 1
124 154 1
124 170 1
124 177 1
124 183 1
124 186 1
124 188 1
124 201 1
124 207 1
124 208 1
124 214 1
124 215 1
124 224 1
124 238 1
125 152 1
125 169 1
125 186 1
125 203 1
126 163 1
126 171 1
126 172 1
126 178 1
126 189 1
126 197 1
126 201 1
126 213 1
126 216 1
126 244 1
126 249 1
126 250 1
127 139 1
127 143 1
127 146 1
127 157 1
127 158 1
127 162 1
127 184 1
127 195 1
127 220 1
127 221 1
127 232 1
127 233 1
128 129 1
128 132 1
128 136 1
128 150 1
128 165 1
128 194 1
128 197 1
128 198 1
128 210 1
128 221 1
128 224 1
128 242 1
128 249 1
129 130 1
129 135 1
129 140 1
129 143 1
129 146 1
129 171 1
129 181 1
129 188 1
129 201 1
129 217 1
129 222 1
129 229 1
129 231 1
129 242 1
130 133 1
130 144 1
130 145 1
130 156 1
130 162 1
130 164 1
130 170 1
130 180 1
130 184 1
130 185 1
130 191 1
130 199 1
130 221 1
130 237 1
131 135 1
131 194 1
131 199 1
131 205 1
131 208 1
131 213 1
131 226 1
131 240 1
131 243 1
132 133 1
132 155 1
132 171 1
132 180 1
132 181 1
132 187 1
132 204 1
132 207 1
132 216 1
132 217 1
132 221 1
132 228 1
132 235 1
133 144 1
133 146 1
133 147 1
133 154 1
133 185 1
133 189 1
133 210 1
133 218 1
133 220 1
133 221 1
133 224 1
133 239 1
134 140 1
134 154 1
134 171 1
134 179 1
134 201 1
134 205 1
134 208 1
134 210 1
134 216 1
134 219 1
134 222 1
134 231 1
134 246 1
135 140 1
135 146 1
135 150 1
135 153 1
135 160 1
135 163 1
135 184 1
135 207 1
135 214 1
135 215 1
135 222 1
135 230 1
135 232 1
135 242 1
135 244 1
135 246 1
136 137 1
136 149 1
136 164 1
136 170 1
136 176 1
136 182 1
136 187 1
136 217 1
136 222 1
136 225 1
136 229 1
136 244 1
136 246 1
137 142 1
137 149 1
137 153 1
137 170 1
137 174 1
137 204 1
137 205 1
137 209 1
137 211 1
137 221 1
137 250 1
138 171 1
138 181 1
138 189 1
138 194 1
138 220 1
138 225 1
138 229 1
138 231 1
139 141 1
139 146 1
139 155 1
139 178 1
139 185 1
139 189 1
139 191 1
139 193 1
139 213 1
139 221 1
140 159 1
140 167 1
140 168 1
140 173 1
140 185 1
140 186 1
140 197 1
140 198 1
140 206 1
140 209 1
140 212 1
140 239 1
141 153 1
141 193 1
141 202 1
141 208 1
141 222 1
141 225 1
142 154 1
142 156 1
142 161 1
142 162 1
142 165 1
142 180 1
142 181 1
142 183 1
142 192 1
142 202 1
142 208 1
142 216 1
142 240 1
143 144 1
143 146 1
143 166 1
143 169 1
143 183 1
143 185 1
143 205 1
143 208 1
143 219 1
143 222 1
143 225 1
143 236 1
144 147 1
144 154 1
144 165 1
144 166 1
144 170 1
144 171 1
144 174 1
144 196 1
144 212 1
144 217 1
144 224 1
144 235 1
144 236 1
144 246 1
145 149 1
145 171 1
145 175 1
145 182 1
145 194 1
145 211 1
145 214 1
145 222 1
145 229 1
145 248 1
145 250 1
146 147 1
146 150 1
146 158 1
146 162 1
146 165 1
146 183 1
146 186 1
146 200 1
146 205 1
146 239 1
146 242 1
147 149 1
147 150 1
147 156 1
147 159 1
147 167 1
147 196 1
147 216 1
147 219 1
148 186 1
148 188 1
148 189 1
148 192 1
148 217 1
148 223 1
148 230 1
148 232 1
148 233 1
148 235 1
148 243 1
148 246 1
148 247 1
149 151 1
149 160 1
149 165 1
149 166 1
149 176 1
149 190 1
149 194 1
149 205 1
149 208 1
149 213 1
149 239 1
149 240 1
150 152 1
150 169 1
150 179 1
150 232 1
150 235 1
150 237 1
151 154 1
151 158 1
151 163 1
151 165 1
151 173 1
151 178 1
151 197 1
151 200 1
151 201 1
151 203 1
151 212 1
151 217 1
152 170 1
152 172 1
152 179 1
152 188 1
152 189 1
152 204 1
152 206 1
152 217 1
152 218 1
152 224 1
152 225 1
152 229 1
152 237 1
152 247 1
153 170 1
153 176 1
153 182 1
153 191 1
153 214 1
153 225 1
154 171 1
154 183 1
154 193 1
154 223 1
154 244 1
154 248 1
155 160 1
155 172 1
155 173 1
155 180 1
155 188 1
155 189 1
155 193 1
155 195 1
155 206 1
155 215 1
155 217 1
155 226 1
155 234 1
155 244 1
156 166 1
156 171 1
156 174 1
156 176 1
156 181 1
156 183 1
156 185 1
156 203 1
156 206 1
156 207 1
156 228 1
156 243 1
156 248 1
156 250 1
157 164 1
157 169 1
157 179 1
157 180 1
157 184 1
157 190 1
157 195 1
157 220 1
157 227 1
157 237 1
157 239 1
157 242 1
157 248 1
157 249 1
158 162 1
158 168 1
158 176 1
158 195 1
158 199 1
158 200 1
158 229 1
158 232 1
159 169 1
159 171 1
159 188 1
159 215 1
160 173 1
160 174 1
160 180 1
160 186 1
160 195 1
160 203 1
160 208 1
160 214 1
160 215 1
160 219 1
160 236 1
160 244 1
160 247 1
161 164 1
161 181 1
161 182 1
161 185 1
161 192 1
161 209 1
161 217 1
161 220 1
161 234 1
162 190 1
162 192 1
162 193 1
162 221 1
162 226 1
162 232 1
163 195 1
163 222 1
163 233 1
163 246 1
164 181 1
164 192 1
164 193 1
164 194 1
164 200 1
164 204 1
164 214 1
164 219 1
164 229 1
165 174 1
165 193 1
165 195 1
165 198 1
165 200 1
165 205 1
165 210 1
165 230 1
165 233 1
165 242 1
166 198 1
166 199 1
166 208 1
166 211 1
166 216 1
166 218 1
166 232 1
166 239 1
166 250 1
167 173 1
167 179 1
167 180 1
167 185 1
167 195 1
167 203 1
167 209 1
167 210 1
167 220 1
167 224 1
167 228 1
167 239 1
168 177 1
168 186 1
168 194 1
168 199 1
168 204 1
168 219 1
168 221 1
168 225 1
168 243 1
168 247 1
168 250 1
169 170 1
169 205 1
169 223 1
169 250 1
170 187 1
170 190 1
170 197 1
170 223 1
170 231 1
171 178 1
171 182 1
171 192 1
171 198 1
171 203 1
171 215 1
171 223 1
171 235 1
172 176 1
172 177 1
172 202 1
172 208 1
172 209 1
172 212 1
172 224 1
172 225 1
172 226 1
172 244 1
172 245 1
173 182 1
173 192 1
173 214 1
173 232 1
174 176 1
174 179 1
174 201 1
174 210 1
174 227 1
174 243 1
174 250 1
175 179 1
175 180 1
175 188 1
175 192 1
175 199 1
175 203 1
175 216 1
175 234 1
175 238 1
175 239 1
175 246 1
175 247 1
176 178 1
176 188 1
176 193 1
176 199 1
176 211 1
176 217 1
176 225 1
176 247 1
177 180 1
177 184 1
177 190 1
177 193 1
177 209 1
177 211 1
177 217 1
177 229 1
177 233 1
177 234 1
178 189 1
178 202 1
178 213 1
178 217 1
178 224 1
178 226 1
178 245 1
178 247 1
179 184 1
179 195 1
179 196 1
179 205 1
179 207 1
179 213 1
179 216 1
179 243 1
180 192 1
180 205 1
180 211 1
180 237 1
181 185 1
181 189 1
181 190 1
181 193 1
181 195 1
181 206 1
181 213 1
181 227 1
181 228 1
181 229 1
181 235 1
182 191 1
182 196 1
182 197 1
182 218 1
182 231 1
182 237 1
182 246 1
182 247 1
183 196 1
183 236 1
183 246 1
184 200 1
184 224 1
184 234 1
185 195 1
185 229 1
185 239 1
185 240 1
185 246 1
185 247 1
186 196 1
186 208 1
186 218 1
186 249 1
187 196 1
187 203 1
187 214 1
187 216 1
187 224 1
187 231 1
187 239 1
187 246 1
187 250 1
188 196 1
188 217 1
188 220 1
188 223 1
188 228 1
188 230 1
188 232 1
188 233 1
188 242 1
189 217 1
189 222 1
189 223 1
189 241 1
189 242 1
190 191 1
190 192 1
190 232 1
190 238 1
190 249 1
190 250 1
191 200 1
191 210 1
191 213 1
191 218 1
191 228 1
191 250 1
192 204 1
192 222 1
192 224 1
192 231 1
192 233 1
192 238 1
192 239 1
193 200 1
193 201 1
193 203 1
193 209 1
193 210 1
193 214 1
193 217 1
193 229 1
193 230 1
193 233 1
193 243 1
193 246 1
194 204 1
194 210 1
194 219 1
195 200 1
195 239 1
195 243 1
196 215 1
196 224 1
196 225 1
196 242 1
196 247 1
197 239 1
197 250 1
198 210 1
199 205 1
199 220 1
199 223 1
199 236 1
199 248 1
200 206 1
200 209 1
200 216 1
200 233 1
200 236 1
200 239 1
200 245 1
200 246 1
201 210 1
201 212 1
201 219 1
201 226 1
202 211 1
202 214 1
202 223 1
202 234 1
202 235 1
202 237 1
202 240 1
203 211 1
203 215 1
203 216 1
203 224 1
203 230 1
203 233 1
203 246 1
203 248 1
203 249 1
204 216 1
204 217 1
204 218 1
204 220 1
205 218 1
205 229 1
205 231 1
205 239 1
206 213 1
206 224 1
206 237 1
207 213 1
207 216 1
207 225 1
207 238 1
208 209 1
208 225 1
208 235 1
208 247 1
208 249 1
208 250 1
209 216 1
209 217 1
209 223 1
209 236 1
209 237 1
210 212 1
210 223 1
210 241 1
211 219 1
211 220 1
211 227 1
211 232 1
211 234 1
211 238 1
212 228 1
213 217 1
213 220 1
213 223 1
213 226 1
213 228 1
213 242 1
213 246 1
214 219 1
214 222 1
214 244 1
214 245 1
214 248 1
215 227 1
215 238 1
216 223 1
216 233 1
216 235 1
216 248 1
217 220 1
217 221 1
217 222 1
217 239 1
218 227 1
218 233 1
219 229 1
219 240 1
219 244 1
219 245 1
219 247 1
220 223 1
220 227 1
220 228 1
220 230 1
220 231 1
220 235 1
220 244 1
221 222 1
221 231 1
221 247 1
222 241 1
222 249 1
222 250 1
223 227 1
223 235 1
223 243 1
223 246 1
224 227 1
224 232 1
224 241 1
224 245 1
224 248 1
225 240 1
225 243 1
226 234 1
226 239 1
226 240 1
227 237 1
228 249 1
229 236 1
229 250 1
230 233 1
231 236 1
231 242 1
232 237 1
233 235 1
234 250 1
235 250 1
236 247 1
237 243 1
238 249 1
238 250 1
241 245 1
241 247 1
242 244 1
242 246 1
249 250 1
